Generation,xOC,xOB,xMM,W_average
0,0.2,0.5,0.3,0.7626796902288945
1,0.20970765869085192,0.5598241983341814,0.2304681429749666,0.792065152564316
2,0.2211362669133624,0.6218690495212861,0.15699468356535146,0.8349039355756088
3,0.23189548789201075,0.6773610685461668,0.09074344356182241,0.8837150164091766
4,0.2395133723771556,0.7174075387986515,0.043079088824192924,0.9248085700682628
5,0.24318655337833234,0.7398354883557373,0.016977958265930394,0.9494900265625846
6,0.24405272379781784,0.7500522070535588,0.005895069148623314,0.9605081140814685
7,0.24358562636888287,0.7544922128294396,0.001922160801677588,0.964610202393988
8,0.2426228433469445,0.756766786180269,0.0006103704727865417,0.9660558964591176
9,0.24149716068271596,0.7583112881564603,0.00019155116082376341,0.9665984539340743
10,0.2403222513385972,0.7596180348759183,5.97137854845884e-05,0.9668461027093161
11,0.23913478930541143,0.7608466887445999,1.8521949988661854e-05,0.9669968543756297
12,0.23794635442831688,0.7620479261103785,5.719461304602026e-06,0.9671136202728777
13,0.2367605704353326,0.7632376710040841,1.7585605831951744e-06,0.9672161421127989
14,0.23557856787886433,0.764420893700782,5.384203535739716e-07,0.9673105391223449
15,0.23440070112359507,0.765599134719057,1.6415734786943175e-07,0.9673986612183472
16,0.2332270840119122,0.7667728661476246,4.984046322810314e-08,0.9674810269289282
17,0.2320577561000739,0.7679422288306089,1.5069317199482247e-08,0.9675577412737812
18,0.23089273400996232,0.769107261452696,4.537341618730631e-09,0.9676287812149229
19,0.22973202722265906,0.7702679714167973,1.3605437427079086e-09,0.9676940840493157
20,0.22857564291508395,0.7714243566786284,4.062876156920506e-10,0.9677535746733245
21,0.22742358743498722,0.7725764124441836,1.2082918550306858e-10,0.9678071739675072
22,0.22627586674899486,0.7737241332152174,3.578777356118811e-11,0.967854801375596
23,0.2251324865782706,0.7748675134111727,1.0556737133453737e-11,0.9678963757060616
24,0.22399345243955351,0.776006547557345,3.101450115151008e-12,0.967931815392052
25,0.2228587696576518,0.7771412303414407,9.075030235678834e-13,0.9679610385872798
26,0.22172844336935638,0.7782715566303792,2.644770086451604e-13,0.9679839632126709
27,0.22060247852478193,0.7793975214751414,7.677025123298255e-14,0.9680005069885604
28,0.21948087988793574,0.780519120112042,2.2195865440898944e-14,0.9680105874629011
29,0.21836365203705124,0.7816363479629423,6.3919657518702184e-15,0.9680141220386557
30,0.2172507993648455,0.7827492006351527,1.8335360132958602e-15,0.9680110280012575
31,0.2161423260787481,0.7838576739212514,5.238980471145697e-16,0.9680012225464337
32,0.21503823620111656,0.7849617637988832,1.491133041552356e-16,0.9679846228084902
33,0.21393853356944076,0.7860614664305592,4.2277422992234724e-17,0.9679611458890004
34,0.21284322183653948,0.7871567781634604,1.194080519485247e-17,0.967930708885932
35,0.2117523044707489,0.7882476955292511,3.359715326266052e-18,0.9678932289232307
36,0.21066578475610367,0.7893342152438962,9.417294566141486e-19,0.9678486231807532
37,0.20958366579251064,0.7904163342074894,2.629759072623831e-19,0.9677968089246468
38,0.2085059504959164,0.7914940495040836,7.316165281193301e-20,0.9677377035380481
39,0.20743264159846778,0.7925673584015323,2.0278726725273836e-20,0.9676712245521812
40,0.20636374164866697,0.793636258351333,5.600150002387665e-21,0.967597289677764
41,0.20529925301152044,0.7947007469884796,1.5408944823293046e-21,0.9675158168367488
42,0.2042391778686837,0.7957608221313163,4.2244789556871407e-22,0.9674267241943454
43,0.20318351821860034,0.7968164817813996,1.154020303486197e-22,0.96732993019135
44,0.20213227587663746,0.7978677241233625,3.1412834285911156e-23,0.9672253535767069
45,0.20108545247521795,0.7989145475247821,8.520553149693052e-24,0.9671129134403309
46,0.2000430494639486,0.7999569505360515,2.303081781887212e-24,0.9669925292461309
47,0.1990050681097461,0.8009949318902538,6.203632134366244e-25,0.9668641208652395
48,0.19797150949696138,0.8020284905030386,1.6652993704419147e-25,0.9667276086094398
49,0.1969423745275013,0.8030576254724987,4.4551568026933606e-26,0.9665829132646934
50,0.19591766392095109,0.804082336079049,1.1878815882958335e-26,0.9664299561248523
51,0.19489737821469466,0.8051026217853053,3.156735319450404e-27,0.9662686590254445
52,0.19388151776403684,0.8061184822359632,8.36129843410155e-28,0.9660989443775748
53,0.19287008274232542,0.8071299172576747,2.207474964592286e-28,0.9659207352018596
54,0.19186307314107504,0.8081369268589249,5.809257409615388e-29,0.9657339551624039
55,0.19086048877009396,0.809139511229906,1.5239291789410602e-29,0.9655385286008294
56,0.1898623292576126,0.8101376707423874,3.985154207410578e-30,0.9653343805702334
57,0.18886859405041623,0.8111314059495838,1.038912102695653e-30,0.965121436869162
58,0.18787928241398189,0.8121207175860181,2.700121110988917e-31,0.9648996240755034
59,0.18689439343261996,0.8131056065673801,6.996424879263659e-32,0.9646688695803043
60,0.18591392600962145,0.8140860739903786,1.8074888042453464e-32,0.9644291016214714
61,0.1849378788674117,0.8150621211325884,4.655859551452716e-33,0.9641802493173546
62,0.18396625054771024,0.8160337494522898,1.1958247342181425e-33,0.9639222427001515
63,0.1829990394116999,0.8170009605883002,3.062650754281028e-34,0.9636550127491554
64,0.18203624364020268,0.8179637563597973,7.821838767603079e-35,0.9633784914237653
65,0.18107786123386557,0.8189221387661345,1.9921458154209553e-35,0.9630926116962975
66,0.18012389001335583,0.8198761099866442,5.060040397424897e-36,0.9627973075845035
67,0.17917432761956711,0.8208256723804328,1.281821151042586e-36,0.9624925141838396
68,0.17822917151383655,0.8217708284861633,3.2386329972794863e-37,0.9621781676994074
69,0.17728841897817374,0.8227115810218263,8.161639858899471e-38,0.9618542054775703
70,0.17635206711550203,0.823647932884498,2.0516123573750108e-38,0.9615205660372007
71,0.1754201128499143,0.8245798871500857,5.1444202300270445e-39,0.9611771891005814
72,0.174492552926941,0.825507447073059,1.2868328636194222e-39,0.9608240156238653
73,0.17356938391383436,0.8264306160861656,3.2112491579967633e-40,0.9604609878271223
74,0.17265060219986705,0.827349397800133,7.994914935597299e-41,0.9600880492239361
75,0.17173620399664735,0.8282637960033526,1.9859291616022285e-41,0.9597051446505221
76,0.17082618533845095,0.8291738146615492,4.922050234268902e-42,0.9593122202943534
77,0.16992054208256974,0.8300794579174302,1.2172597812946903e-42,0.9589092237222449
78,0.169019269909679,0.830980730090321,3.00398832348843e-43,0.9584961039079425
79,0.16812236432422314,0.8318776356757768,7.397993848517462e-44,0.958072811259079
80,0.1672298206548202,0.8327701793451799,1.8182504180634317e-44,0.957639297643617
81,0.16634163405468677,0.8336583659453133,4.460061996879568e-45,0.957195516415611
82,0.16545779950208325,0.8345422004979167,1.0919411736957998e-45,0.9567414224404209
83,0.16457831180077967,0.8354216881992204,2.6684103762125366e-46,0.9562769721192163
84,0.1637031655805434,0.8362968344194567,6.509162560951317e-47,0.9558021234128362
85,0.1628323552976487,0.8371676447023513,1.5850428788555428e-47,0.9553168358649653
86,0.16196587523540942,0.8380341247645906,3.853228682598897e-48,0.9548210706246202
87,0.16110371950473398,0.838896280495266,9.351926376363797e-49,0.9543147904678759
88,0.16024588204470455,0.8397541179552955,2.266181709024771e-49,0.9537979598188998
89,0.15939235662318013,0.8406076433768199,5.483157700209438e-50,0.9532705447701891
90,0.1585431368374241,0.841456863162576,1.324751019685828e-50,0.9527325131020801
91,0.1576982161147564,0.8423017838852436,3.19617555635308e-51,0.9521838343014316
92,0.15685758771323172,0.8431424122867682,7.700967561977325e-52,0.9516244795795451
93,0.15602124472234258,0.8439787552776573,1.8531214200020193e-52,0.9510544218892378
94,0.15518918006374915,0.844810819936251,4.453814394141369e-53,0.9504736359411255
95,0.15436138649203512,0.8456386135079649,1.069192438628976e-53,0.9498820982190196
96,0.15353785659549016,0.8464621434045099,2.5639004394853513e-54,0.9492797869945397
97,0.1527185827969195,0.8472814172030805,6.141777057725293e-55,0.9486666823408003
98,0.15190355735448102,0.848096442645519,1.4698084982111747e-55,0.948042766145274
99,0.1510927723625494,0.8489072276374506,3.514208890635162e-56,0.9474080221217476
