Generation,xOC,xOB,xMM,W_average
0,0.2,0.5,0.3,0.6283552476921422
1,0.2220480853701037,0.5336417086522268,0.24431020597766953,0.6671357107678069
2,0.24407285255659128,0.5740685593745737,0.18185858806883504,0.7182222303904894
3,0.26303472135532946,0.6180016214468038,0.11896365719786668,0.779448578065377
4,0.2750744356209404,0.6595445015434047,0.06538106283565481,0.8406169807678704
5,0.2777995531521513,0.6929670236756623,0.02923342317218631,0.8878067257575901
6,0.27242857837642304,0.7168538715485153,0.010717550075061609,0.9152194095337258
7,0.2625137747678132,0.7341060691147955,0.0033801561173912456,0.9281623465432818
8,0.2509562880838865,0.7480795305790039,0.0009641813371095592,0.9340786429221156
9,0.23913328183908925,0.7606108030818785,0.00025591507903238253,0.9371511370102338
10,0.2275307582255283,0.7724052893384504,6.395243602138329e-05,0.9389548647630149
11,0.21629776139341883,0.7836871204051664,1.5118201414723997e-05,0.939943190613467
12,0.20547829576943388,0.7945183139599803,3.3902705857526564e-06,0.9401892722140764
13,0.19508605379799168,0.8049132229676356,7.232343726434929e-07,0.9396525712061392
14,0.1851256448168138,0.8148742078931052,1.4729008095892872e-07,0.9382635195162062
15,0.17559814963336964,0.8244018215998352,2.8766795161337217e-08,0.9359499618428014
16,0.16650247904747506,0.8334975155340387,5.418486216187007e-09,0.9326466463649377
17,0.15783569207225556,0.8421643069368232,9.909211097737197e-10,0.928299965199545
18,0.14959308205080404,0.8504069177719034,1.7729251453085599e-10,0.9228711453169954
19,0.14176822785086268,0.8582317721178431,3.129430103729876e-11,0.916338555570658
20,0.13435305827565244,0.8656469417188497,5.497793930554876e-12,0.9086991673661398
21,0.127337942424005,0.872662057575025,9.699009441814115e-13,0.8999691074566273
22,0.12071180918007376,0.879288190819753,1.733153393585202e-13,0.8901832823622202
23,0.11446229495750768,0.8855377050424608,3.162399954723633e-14,0.8793941265057539
24,0.10857591607300728,0.8914240839269868,5.9346458471234545e-15,0.8676695961860256
25,0.103038260048858,0.8969617399511408,1.1525197165457549e-15,0.8550905849971044
26,0.0978341887747499,0.9021658112252499,2.3278986094198868e-16,0.841747966911896
27,0.0929480458588959,0.9070519541411041,4.9094590753727074e-17,0.8277394796187303
28,0.08836386064077677,0.9116361393592232,1.0841227377056578e-17,0.8131666454016079
29,0.08406554210581874,0.9159344578941813,2.511270818579846e-18,0.798131895191875
30,0.08003705715913352,0.9199629428408664,6.108055616444533e-19,0.7827360200058301
31,0.07626258918217793,0.9237374108178221,1.5603395305442852e-19,0.7670760293868255
32,0.07272667432512658,0.9272733256748734,4.1850517865479594e-20,0.7512434541863636
33,0.06941431442587341,0.9305856855741265,1.177626075454998e-20,0.7353230949023685
34,0.06631106668721634,0.9336889333127837,3.47253036979537e-21,0.7193921889365746
35,0.0634031112279069,0.936596888772093,1.0715504603989439e-21,0.7035199510772642
36,0.060677298333326316,0.9393227016666736,3.4548209973367238e-22,0.6877674306407757
37,0.05812117768141931,0.9418788223185806,1.161858728421813e-22,0.6721876246864319
38,0.055723012043232996,0.9442769879567671,4.068520307695889e-23,0.6568257879156264
39,0.05347177799918412,0.946528222000816,1.480828459367673e-23,0.6417198846298466
40,0.051357156118480615,0.9486428438815194,5.592295689164154e-24,0.6269011349969139
41,0.049369512863278314,0.9506304871367217,2.1874429633797646e-24,0.6123946156867659
42,0.047499876238246086,0.952500123761754,8.84724374145537e-25,0.5982198828258654
43,0.0457399069397927,0.9542600930602073,3.6939550970886677e-25,0.5843915926069677
44,0.044081866489292854,0.9559181335107071,1.5896554614353458e-25,0.5709201014420154
45,0.04251858357646741,0.9574814164235325,7.040238118809554e-26,0.5578120331063517
46,0.04104341960221387,0.9589565803977861,3.204207673067275e-26,0.545070804867085
47,0.03965023419982663,0.9603497658001733,1.4966151127657406e-26,0.5326971081749384
48,0.03833335133163032,0.9616666486683697,7.164632332438014e-27,0.520689342231996
49,0.03708752640427028,0.9629124735957296,3.511077961139962e-27,0.5090440007527629
50,0.03590791471852657,0.9640920852814734,1.7593315471138628e-27,0.4977560136418803
51,0.03479004146598787,0.9652099585340121,9.00412919976223e-28,0.4868190462394523
52,0.0337297734023141,0.9662702265976859,4.701925661556859e-28,0.47622575934229255
53,0.03272329226213949,0.9672767077378605,2.5028149890812114e-28,0.46596803348780824
54,0.031767069931053944,0.9682329300689461,1.3567630564977457e-28,0.4560371610625308
55,0.030857845352929594,0.9691421546470704,7.483898983593202e-29,0.44642400972988183
56,0.029992603123802017,0.970007396876198,4.197092710235275e-29,0.43711916050895
57,0.02916855370456288,0.970831446295437,2.3913022667765904e-29,0.42811302361378095
58,0.02838311517216688,0.9716168848278331,1.3831630546981657e-29,0.4193959349078366
59,0.027633896421479412,0.9723661035785206,8.116541432095574e-30,0.41095823556015054
60,0.02691868172612495,0.973081318273875,4.8289196661018734e-30,0.4027903372219011
61,0.026235416565792462,0.9737645834342075,2.9110436801684427e-30,0.3948827747837328
62,0.02558219462865449,0.9744178053713455,1.7771352145311147e-30,0.38722624853102705
63,0.024957245900259214,0.9750427540997407,1.0980758294208144e-30,0.3798116572897229
64,0.02435892575398914,0.9756410742460108,6.86379610556028e-31,0.3726301239507988
65,0.023785704962581672,0.9762142950374183,4.338192455331899e-31,0.3656730145774646
66,0.023236160554997658,0.9767638394450023,2.7712087158103925e-31,0.3589319521349966
67,0.02270896744789443,0.9772910325521056,1.7883802310832192e-31,0.3523988257379247
68,0.022202890785955495,0.9777971092140445,1.1654801263893588e-31,0.3460657961815696
69,0.02171677893023825,0.9782832210697617,7.667217596728504e-32,0.3399252984132901
70,0.02124955703844552,0.9787504429615544,5.08980179127402e-32,0.33397004150160853
71,0.02080022118555373,0.9791997788144462,3.4083530419938323e-32,0.3281930065771414
72,0.02036783297750781,0.9796321670224921,2.3015851140464694e-32,0.322587443146495
73,0.01995151461470181,0.9800484853852981,1.5668002172714723e-32,0.31714686411762383
74,0.019550444365697917,0.980449555634302,1.0749207416360366e-32,0.31186503982135116
75,0.01916385241509626,0.9808361475849037,7.430088322817036e-33,0.3067359912676684
76,0.01879101705265943,0.9812089829473405,5.173097584218584e-33,0.30175398283607163
77,0.018431261173730132,0.9815687388262698,3.626908414624373e-33,0.29691351456562015
78,0.018083949063670644,0.9819160509363293,2.5600419007334462e-33,0.2922093141818625
79,0.017748483441512856,0.9822515165584871,1.8187894939784855e-33,0.28763632897355074
80,0.017424302740253517,0.9825756972597465,1.3003123019932207e-33,0.28318971761151995
81,0.017110878603275755,0.9828891213967242,9.35302679190361e-34,0.27886484198478373
82,0.016807713578240638,0.9831922864217594,6.767207857030516e-34,0.27465725911425726
83,0.016514338991485862,0.9834856610085141,4.924216779436421e-34,0.27056271319220876
84,0.016230312987507056,0.9837696870124929,3.6029339474193375e-34,0.2665771277852268
85,0.01595521871949366,0.9840447812805062,2.650279027151902e-34,0.2626965982298293
86,0.015688662678158584,0.9843113373218413,1.9596162760480574e-34,0.25891738424265914
87,0.015430273147250215,0.9845697268527497,1.4562157092277749e-34,0.25523590276118624
88,0.015179698775177726,0.9848203012248222,1.0874008577434595e-34,0.25164872102591074
89,0.01493660725312589,0.985063392746874,8.158301681106825e-35,0.24815254991094512
90,0.014700684090892549,0.9852993159091074,6.148872267820381e-35,0.24474423750652757
91,0.014471631482459122,0.9855283685175408,4.654990527231029e-35,0.24142076295427087
92,0.014249167254009295,0.9857508327459906,3.539273519258906e-35,0.23817923053376805
93,0.014033023887750386,0.9859669761122496,2.702265877574902e-35,0.23501686399740038
94,0.013822947615471934,0.986177052384528,2.071616795178638e-35,0.23193100114880882
95,0.013618697576302508,0.9863813024236975,1.5944428841809912e-35,0.22891908865940327
96,0.013420045033603676,0.9865799549663963,1.2319113012105135e-35,0.22597867711645803
97,0.01322677264637416,0.9867732273536258,9.553783777232448e-36,0.22310741629573821
98,0.01303867379093163,0.9869613262090684,7.436236338554031e-36,0.2203030506511564
99,0.012855551928998085,0.9871444480710019,5.8085902125984176e-36,0.21756341501368845
