Generation,xOC,xOB,xMM,W_average
0,0.2,0.1,0.7,0.13195244057161643
1,0.25490833527184187,0.12965995949179943,0.6154317052363587,0.16654109281277757
2,0.31219869602424,0.16255099245518176,0.5252503115205782,0.18983563399000686
3,0.36344216111655997,0.19512747301335887,0.44143036587008117,0.19842406523596318
4,0.4035345967967028,0.22500039750239456,0.3714650057009027,0.19623280157862455
5,0.4320893277704868,0.25162333431594613,0.31628733791356706,0.18876231270343913
6,0.4511403308033638,0.2754207093538483,0.2734389598427879,0.17961307836064988
7,0.46308301569587046,0.2969928018207683,0.23992418248336125,0.17048697218310468
8,0.46990158252675,0.31682503607959955,0.21327338139365043,0.16202603185022957
9,0.4730710876464721,0.33525348586097037,0.19167542649255756,0.15439538409756454
10,0.4736528673541457,0.3524994591956642,0.17384767345019012,0.14757158120309932
11,0.4724074192343798,0.36870814810343094,0.15888443266218927,0.14146845011592435
12,0.4698831203875641,0.3839773177459282,0.14613956186650773,0.13598818689374031
13,0.46647898256052467,0.3983762195618222,0.13514479787765316,0.13104027292704207
14,0.4624877723059171,0.4119574484222257,0.12555477927185718,0.1265470536795924
15,0.45812562724000977,0.424764155178039,0.1171102175819512,0.12244405999714757
16,0.4535526336810321,0.4368343108657232,0.10961305545324468,0.1186784806814355
17,0.44888735804477997,0.44820313428670433,0.10290950766851567,0.11520718817866325
18,0.4442172873500377,0.4589043936865143,0.09687831896344797,0.11199485967714164
19,0.4396064547341174,0.46897103258674483,0.09142251267913772,0.10901237139595746
20,0.43510109097496075,0.4784354029950825,0.08646350602995671,0.10623549412696523
21,0.43073386533314273,0.4873292826902916,0.08193685197656572,0.10364386158202005
22,0.4265271002770006,0.4956837851853695,0.07778911453762996,0.10122016646143431
23,0.42249522794321204,0.5035292274698889,0.07397554458689903,0.09894953884146389
24,0.41864667861334265,0.5108949929714767,0.07045832841518072,0.09681906710535712
25,0.41498533889946104,0.5178094097752434,0.06720525132529567,0.0948174287445404
26,0.4115116809440262,0.524299653396634,0.06418866565933999,0.09293460511911063
27,0.4082236382480412,0.530391676968499,0.061384684783459965,0.09116166005991293
28,0.405117285255042,0.5361101680345456,0.05877254671041258,0.08949056690112027
29,0.4021873642856799,0.5414785292229543,0.05633410649136592,0.0879140722413028
30,0.39942769336072853,0.5465188792382868,0.054053427400984747,0.08642558759856525
31,0.3968314808800227,0.551252070420994,0.051916448698983375,0.08501910231441849
32,0.39439156736516573,0.555697719300563,0.049910713334271294,0.08368911271766831
33,0.3921006100534093,0.5598742469322266,0.04802514301436403,0.08243056380562747
34,0.3899512227136445,0.5637989262479429,0.046249851038412546,0.08123880063314454
35,0.3879360804001308,0.5674879341044486,0.04457598549542054,0.08010952729680834
36,0.3860479967867055,0.5709564061378841,0.04299559707541039,0.07903877192113101
37,0.3842799801003672,0.574218492917342,0.041501526982290905,0.07802285644037112
38,0.38262527239754607,0.5772874162215706,0.04008731138088331,0.07705837025776739
39,0.3810773759222252,0.5801755245434683,0.03874709953430651,0.07614214707869557
40,0.37963006949327205,0.5828943471591514,0.037475583347576565,0.07527124437458312
41,0.37827741724317454,0.5854546462873057,0.036267936469519826,0.0744429250544146
42,0.3770137715362946,0.5878664670159172,0.035119761447788306,0.07365464101079051
43,0.37583377150400143,0.5901391847930206,0.034027043702978,0.07290401827550075
44,0.3747323383248682,0.5922815503710962,0.03298611130403566,0.07218884357116565
45,0.37370466813343045,0.5943017321659237,0.03199359970064583,0.07150705208490403
46,0.3727462232473537,0.5962073560441904,0.031046420708455997,0.07085671632032584
47,0.37185272224963534,0.5980055425934294,0.030141735156935356,0.07023603590771842
48,0.3710201293412909,0.5997029419558817,0.02927692870282749,0.06964332827079733
49,0.37024464328421225,0.6013057663270248,0.02844959038876298,0.06907702006307716
50,0.3695226861782945,0.6028198202317849,0.027657493589920572,0.06853563929871405
51,0.3688508922573402,0.6042505286984302,0.026898579044229664,0.068017808112266
52,0.368226096841368,0.6056029634531196,0.026170939705512472,0.06752223608971847
53,0.36764532554615653,0.6068818672580715,0.025472807195772083,0.06704771411971448
54,0.36710578382205916,0.6080916765141218,0.024802539663819113,0.06659310871948743
55,0.3666048468716797,0.6092365422447021,0.024158610883618224,0.06615735679474466
56,0.36614004997858485,0.6103203495734637,0.023539600447951482,0.06573946079684252
57,0.36570907926579976,0.6113467358022933,0.022944184931907016,0.06533848424415735
58,0.3653097628925567,0.6123191071905898,0.022371129916853513,0.06495354757768389
59,0.36494006268997964,0.6132406545306208,0.02181928277939952,0.06458382432365628
60,0.3645980662305619,0.6141143676077103,0.02128756616172771,0.06422853753844356
61,0.36428197932201084,0.6149430486280479,0.02077497204994117,0.06388695651316868
62,0.3639901189129605,0.6157293246911275,0.020280556395911968,0.06355839371746921
63,0.36372090639592064,0.6164756593782884,0.019803434225791006,0.06324220196359528
64,0.36347286129143425,0.6171843635235691,0.01934277518499678,0.06293777177364249
65,0.3632445952965822,0.6178576052281223,0.01889779947529566,0.06264452893417027
66,0.3630348066805755,0.618497419174784,0.018467774144640667,0.06236193222377459
67,0.36284227501010463,0.6191057152950419,0.01805200969485362,0.062089471300381
68,0.36266585618729297,0.6196842868366025,0.017649856976104616,0.061826664736114104
69,0.36250447778345574,0.6202348178760062,0.01726070434053817,0.061573058188594335
70,0.36235713465235597,0.6207588903172638,0.01688397503038029,0.061328222698416784
71,0.3622228848072246,0.6212579904142856,0.016519124778489814,0.06109175310339671
72,0.36210084554644956,0.6217335148519137,0.01616563960163677,0.06086326656091971
73,0.36199018981351183,0.6221867764176477,0.015823033768840474,0.06064240117042697
74,0.36189014277743586,0.6226190092936497,0.01549084792891449,0.06042881468869766
75,0.3617999786207162,0.6230313739963095,0.015168647382974338,0.06022218333116919
76,0.361719017522368,0.6234249619885398,0.014856020489092212,0.0600222006530649
77,0.36164662282442256,0.6238007999880243,0.01455257718755321,0.059828576504585916
78,0.36158219837084127,0.6241598539928601,0.01425794763629865,0.05964103605486696
79,0.3615251860084498,0.6245030330443994,0.013971780947150842,0.059459318879805746
80,0.361475063240098,0.6248311927455876,0.013693744014314363,0.05928317810924862
81,0.3614313410208255,0.62514513855172,0.013423520427454358,0.059112379629359654
82,0.3613935616883619,0.6254456288492646,0.013160809462373494,0.05894670133631642
83,0.3613612970198057,0.6257333778372387,0.012905325142955617,0.058785932437764636
84,0.36133414640682143,0.6260090582245541,0.012656795368624404,0.05862987279873225
85,0.36131173514215403,0.6262733037557592,0.01241496110208672,0.058478332328947565
86,0.36129371281069805,0.6265267115767024,0.01217957561259945,0.05833113040873185
87,0.36127975177877086,0.6267698444508079,0.011950403770421196,0.05818809535084645
88,0.36126954577562503,0.6270032328358838,0.011727221388491183,0.0580490638958628
89,0.3612628085615995,0.6272273768306788,0.011509814607721772,0.05791388073880378
90,0.3612592726776505,0.6274427479997476,0.011297979322601778,0.05778239808496472
91,0.3612586882713244,0.6276497910845865,0.01109152064408905,0.057654475232974074
92,0.36126082199453463,0.6278489256084399,0.010890252397025487,0.05752997818329107
93,0.36126545596878984,0.6280405473816716,0.010693996649538526,0.057408779270467745
94,0.36127238681378243,0.6282250299141149,0.01050258327210269,0.05729075681761789
95,0.3612814247354986,0.6284027257403763,0.01031584952412512,0.05717579481164734
96,0.36129239267024194,0.628573967663666,0.010133639666092062,0.05706378259789989
97,0.3613051254811827,0.6287390699233465,0.009955804595470784,0.05695461459296627
98,0.36131946920425134,0.6288983292910437,0.009782201504704893,0.056848190014491026
99,0.36133528034038476,0.6290520260998433,0.009612693559771814,0.05674441262689146
100,0.36135242519131855,0.6292004252107908,0.009447149597890607,0.05664319050197747
101,0.3613707792362847,0.6293437769206379,0.009285443843077348,0.05654443579352958
102,0.36139022654713626,0.6294823178145187,0.009127455638344993,0.056448064524956786
103,0.36141065923956855,0.6296162715669955,0.008973069193435863,0.05635399638921406
104,0.3614319769582477,0.6297458496946938,0.00882217334705845,0.05626215456021533
105,0.36145408639378906,0.6298712522635341,0.008674661342676788,0.05617246551502775
106,0.3614769008296521,0.629992668553377,0.008530430616970883,0.05608485886618158
107,0.3615003397171342,0.6301102776827147,0.008389382600151162,0.05599926720347254
108,0.3615243282767561,0.6302242491958747,0.008251422527369144,0.05591562594467586
109,0.3615487971244337,0.6303347436150453,0.008116459260520978,0.055833873194628084
110,0.36157368192092737,0.630441912959282,0.007984405119790637,0.05575394961216921
111,0.3615989230431515,0.6305459012325227,0.007855175724325694,0.055675798284469384
112,0.36162446527601144,0.6306468448825074,0.007728689841481084,0.05559936460829664
113,0.3616502575235152,0.6307448732323793,0.007604869244105552,0.05552459617780853
114,0.36167625253798336,0.6308401088866351,0.007483638575381602,0.05545144267847985
115,0.36170240666625025,0.6309326681129866,0.0073649252207632155,0.055379855786801116
116,0.3617286796118175,0.6310226612015961,0.007248659186586481,0.05530978907540644
117,0.3617550342119819,0.6311101928030614,0.007134772984956822,0.05524119792331168
118,0.3617814362290203,0.6311953622464368,0.007023201524542961,0.0551740394309624
119,0.36180785415456784,0.6312782638385,0.006913882006932194,0.05510827233981131
120,0.361834259026379,0.6313589871453968,0.006806753828224244,0.05504385695616179
121,0.3618606242567098,0.6314376172577284,0.006701758485561961,0.05498075507903031
122,0.3618869254716044,0.6315142350400791,0.0065988394883166514,0.05491892993179596
123,0.3619131403604146,0.6315889173659216,0.006497942273663912,0.05485834609742021
124,0.3619392485349189,0.6316617373387786,0.006399014126302641,0.05479896945703215
125,0.36196523139744846,0.6317327645004661,0.006302004102085549,0.05474076713168812
126,0.36199107201746195,0.6318020650271942,0.006206862955344001,0.054683707427125555
127,0.3620167550160449,0.6318697019142516,0.006113543069703536,0.054627759781342225
128,0.36204226645784204,0.6319357351499589,0.006021998392199024,0.05457289471484193
129,0.3620675937499599,0.63200022187953,0.005932184370510091,0.05451908378339775
130,0.36209272554740585,0.6320632165594458,0.00584405789314843,0.054466299533192035
131,0.36211765166465604,0.6321247711029052,0.005757577232438735,0.05441451545820169
132,0.362142362992969,0.6321849350168864,0.005672701990144565,0.05436370595970505
133,0.36216685142308574,0.632243755531315,0.005589393045599261,0.0543138463077927
134,0.36219110977297897,0.6323012777208107,0.005507612506210358,0.05426491260477346
135,0.362215131720334,0.6323575446194524,0.005427323660213658,0.05421688175037157
136,0.3622389117394647,0.6324125973289749,0.005348490931560376,0.054169731408618346
137,0.362262445042385,0.6324664751207876,0.0052710798368275314,0.054123439976346346
138,0.362285727523773,0.6325192155321789,0.005195056944048098,0.054077986553199765
139,0.3623087557095839,0.6325708544570529,0.005120389833363343,0.05403335091308067
140,0.36233152670907803,0.6326214262315166,0.005047047059405351,0.05398951347695314
141,0.36235403817005035,0.6326709637146267,0.004974998115322926,0.05394645528693458
142,0.36237628823705564,0.6327194983645754,0.004904213398368939,0.053904157981605215
143,0.3623982755124407,0.6327670603105876,0.004834664176971764,0.05386260377247229
144,0.3624199990200034,0.632813678420779,0.004766322559217747,0.0538217754215281
145,0.36244145817111145,0.632859380366213,0.004699161462675656,0.05378165621984529
146,0.3624626527331234,0.6329041926813789,0.00463315458549788,0.053742229967155046
147,0.362483582799964,0.6329481408212995,0.004568276378736655,0.05370348095235806
148,0.3625042487647159,0.6329912492154672,0.004504502019816974,0.053665393934919654
149,0.36252465129409756,0.6330335413187915,0.004441807387110944,0.05362795412710464
150,0.3625447913047062,0.6330750396597326,0.004380169035561337,0.05359114717700816
151,0.36256466994091063,0.6331157658857846,0.004319564173304831,0.053554959152343026
152,0.36258428855428865,0.6331557408064633,0.0042599706392480756,0.053519376524945504
153,0.362603648684507,0.6331949844339408,0.00420136688155216,0.053484386155962266
154,0.3626227520415513,0.6332335160214653,0.004143731936983398,0.053449975281686164
155,0.36264160048921706,0.6332713540996924,0.004087045411090517,0.05341613150000729
156,0.36266019602977967,0.6333085165110499,0.0040312874591704,0.05338284275744965
157,0.3626785407897661,0.6333450204422474,0.003976438767986485,0.05335009733676421
158,0.3626966370067554,0.6333808824550389,0.00392248053820573,0.05331788384505145
159,0.3627144870171409,0.6334161185153373,0.003869394467521823,0.053286191202387215
160,0.3627320932447895,0.6334507440207766,0.0038171627344339,0.05325500863092805
161,0.3627494581905402,0.6334847738268082,0.0037657679826516174,0.05322432564447225
162,0.3627665844224841,0.6335182222714171,0.003715193306098856,0.05319413203845522
163,0.36278347456697513,0.6335511031985352,0.003665422234489715,0.05316441788035855
164,0.3628001313003223,0.633583429980226,0.003616438719451756,0.05313517350051229
165,0.36281655734111756,0.6336152155377097,0.0035682271211726897,0.05310638948327331
166,0.36283275544315646,0.6336464723612957,0.0035207721955478515,0.053078056658560704
167,0.36284872838891163,0.6336772125292814,0.0034740590818069157,0.053050166093732205
168,0.36286447898352164,0.633707447725879,0.0034280732905993456,0.05302270908578584
169,0.3628800100492602,0.6337371892582208,0.0033828006925190487,0.05299567715387175
170,0.36289532442045236,0.6337664480724979,0.00333822750704965,0.052969062032099314
171,0.36291042493880804,0.6337952347692792,0.0032943402919126765,0.052942855662627304
172,0.362925314449143,0.6338235596180551,0.0032511259328017786,0.05291705018902273
173,0.36293999579546116,0.6338514325710519,0.0032085716334869186,0.0528916379498776
174,0.362954471817373,0.6338788632763538,0.0031666649062731937,0.05286661147267083
175,0.3629687453468265,0.6339058610903738,0.0031253935627996864,0.052841963467865426
176,0.36298281920512865,0.633932435089707,0.003084745705164409,0.05281768682322943
177,0.362996696200237,0.633958594082401,0.003044709717362044,0.05279377459837152
178,0.36301037912430245,0.6339843466186758,0.0030052742570218015,0.05277022001948155
179,0.3630238707514447,0.634009701001122,0.002966428247433284,0.05274701647426676
180,0.36303717383574435,0.6340346652944068,0.002928160869848806,0.05272415750707581
181,0.36305029110943543,0.6340592473345134,0.0028904615560511287,0.05270163681420193
182,0.3630632252812844,0.6340834547375395,0.0028533199811760783,0.05267944823935773
183,0.36307597903514116,0.6341072949080788,0.0028167260567799673,0.052657585769314265
184,0.36308855502865056,0.6341307750472072,0.002780669924142213,0.05263604352969754
185,0.36310095589211117,0.6341539021600948,0.002745141947793945,0.052614815780935575
186,0.3631131842274713,0.6341766830632648,0.002710132709263817,0.05259389691434981
187,0.3631252426074514,0.6341991243915159,0.00267563300103262,0.05257328144838479
188,0.36313713357478344,0.6342212326045278,0.002641633820688651,0.05255296402497036
189,0.3631488596415585,0.6342430139931652,0.0026081263652761536,0.052532939406011184
190,0.3631604232886734,0.634264474685497,0.0025751020258294667,0.052513202469997716
191,0.3631718269653695,0.6342856206525445,0.002542552382085843,0.052493748208734446
192,0.36318307308885595,0.6343064577137737,0.002510469197370193,0.05247457172418002
193,0.3631941640440106,0.634326991542344,0.0024788444136453008,0.05245566822539499
194,0.3632051021831526,0.634347227670126,0.002447670146721331,0.05243703302559311
195,0.36321588982588,0.6343671714925012,0.0024169386816187063,0.05241866153929155
196,0.3632265292589682,0.634386828272953,0.0023866424680786787,0.052400549279556397
197,0.36323702273632297,0.6344062031474608,0.002356774116216164,0.052382691855339766
198,0.3632473724789839,0.6344253011287063,0.0023273263923096273,0.05236508496890461
199,0.36325758067517394,0.6344441271101029,0.00229829221472302,0.05234772441333428
