Generation,xOC,xOB,xMM,W_average
0,0.1,0.2,0.7,0.4757870408868389
1,0.09940821616974227,0.2015477423243276,0.6990440415059301,0.47437334487131294
2,0.09881942380804098,0.2031010243668982,0.6980795518250608,0.47295077048799716
3,0.09823362194322939,0.20465977496060933,0.6971066030961612,0.47151945001305473
4,0.0976508094689535,0.20622392198103634,0.6961252685500101,0.4700795173720058
5,0.09707098514300612,0.2077933923641589,0.695135622492835,0.46863110809675956
6,0.09649414758620348,0.20936811212454887,0.6941377402892476,0.4671743592817451
7,0.0959202952813058,0.21094800637400798,0.6931316983446861,0.4657094095391825
8,0.09534942657198336,0.21253299934064468,0.692117574087372,0.46423639895350505
9,0.09478153966182803,0.21412301438837875,0.6910954459497932,0.46275546903498715
10,0.09421663261341237,0.2157179740368616,0.690065393349726,0.46126676267260663
11,0.09365470334739592,0.2173177999818011,0.689027496670803,0.4597704240861586
12,0.09309574964168126,0.21892241311567712,0.6879818372426416,0.4582665987776845
13,0.09253976913061832,0.22053173354883554,0.6869284973205462,0.45675543348222336
14,0.09198675930426037,0.2221456806309474,0.6858675600647922,0.45523707611794473
15,0.0914367175076703,0.22376417297281942,0.6847991095195103,0.45371167573568655
16,0.09088964094027918,0.22538712846854314,0.6837232305911777,0.4521793824679428
17,0.09034552665529716,0.2270144643179653,0.6826400090267375,0.45064034747733217
18,0.08980437155917738,0.22864609704946925,0.6815495313913533,0.4490947229046008
19,0.08926617241113384,0.23028194254304832,0.6804518850458178,0.44754266181617386
20,0.08873092582271339,0.2319219160536597,0.6793471581236269,0.44598431815132467
21,0.0881986282574222,0.23356593223484098,0.6782354395077368,0.44441984666897494
22,0.08766927603040796,0.23521390516257532,0.6771168188070167,0.4428494028941893
23,0.08714286530819706,0.2368657483593882,0.6759913863324147,0.44127314306438714
24,0.08661939210848782,0.23852137481866104,0.6748592330728511,0.43969122407531525
25,0.08609885229999993,0.24018069702914566,0.6737204506708544,0.4381038034268365
26,0.0855812416023805,0.24184362699966117,0.6725751313979583,0.43651103916855494
27,0.08506655558616606,0.24351007628396093,0.671423368129873,0.4349130898453315
28,0.08455478967280224,0.24517995600574857,0.6702652543214492,0.4333101144427275
29,0.08404593913471951,0.24685317688382988,0.6691008839814506,0.43170227233241654
30,0.08353999909546625,0.24852964925738202,0.6679303516471518,0.4300897232176045
31,0.08303696452989831,0.25020928311132545,0.6667537523587762,0.42847262707849804
32,0.08253683026442604,0.251891988101779,0.665571181633795,0.42685114411786906
33,0.08203959097731735,0.25357767358158345,0.6643827354410993,0.42522543470673624
34,0.0815452411990577,0.2552662486258768,0.6631885101750655,0.42359565933022875
35,0.08105377531276663,0.2569576220577039,0.6619886026295295,0.421961978533651
36,0.08056518755467001,0.2586517024736434,0.6607831099716865,0.42032455286879467
37,0.08007947201462841,0.26034839826943695,0.6595721297159346,0.41868354284053966
38,0.07959662263672083,0.2620476176656028,0.6583557596976763,0.4170391088537696
39,0.07911663321988363,0.2637492687330186,0.6571340980470978,0.4153914111606569
40,0.0786394974186041,0.2654532594184555,0.6559072431629404,0.41374060980833666
41,0.07816520874366824,0.26715949757004903,0.6546752936862827,0.4120868645870206
42,0.07769376056296207,0.26886789096269054,0.6534383484743473,0.41043033497856596
43,0.07722514610232609,0.2705783473233228,0.652196506574351,0.4087711801055589
44,0.07675935844646249,0.2722907743561243,0.6509498671974131,0.40710955868092613
45,0.07629639053989377,0.27400507976756766,0.6496985296925386,0.4054456289581161
46,0.0758362351879727,0.2757211712913357,0.6484425935206917,0.4037795486818754
47,0.07537888505794278,0.2774389567130823,0.6471821582289751,0.4021114750396677
48,0.07492433268004811,0.2791583438950204,0.6459173234249315,0.4004415646137398
49,0.07447257044869228,0.28087924080032656,0.6446481887509812,0.3987699733338914
50,0.07402359062364505,0.2826015555173438,0.6433748538590112,0.39709685643094844
51,0.07357738533129636,0.2843251962835732,0.6420974183851305,0.3954223683909954
52,0.07313394656595625,0.2860500715094371,0.6408159819246066,0.39374666291037064
53,0.07269326619120021,0.287776089801803,0.6395306440069968,0.39206989285146443
54,0.07225533594125876,0.28950315998725484,0.6382415040714864,0.39039221019933323
55,0.0718201474224501,0.2912311911350984,0.6369486614424514,0.38871376601916074
56,0.07138769211465522,0.2929600925800901,0.6356522153052547,0.3870347104145866
57,0.07095796137283389,0.29468977394487633,0.6343522646822898,0.3853551924869113
58,0.07053094642858103,0.296420145162132,0.633048908409287,0.3836753602952264
59,0.07010663839172163,0.2981511164963881,0.6317422451118903,0.3819953608174509
60,0.06968502825194381,0.2998825985655369,0.6304323731825192,0.38031533991232014
61,0.06926610688046836,0.3016145023620054,0.6291193907575262,0.3786354422823335
62,0.06884986503175365,0.30334673927358535,0.6278033956946609,0.37695581143766743
63,0.06843629334523511,0.30507922110391406,0.6264844855508508,0.3752765896610887
64,0.0680253823470974,0.3068118600925923,0.6251627575603103,0.3735979179738558
65,0.06761712245207875,0.3085445689349352,0.6238383086129861,0.37191993610264285
66,0.06721150396530565,0.3102772608013448,0.6225112352333496,0.37024278244748
67,0.0668085170841569,0.31200984935629844,0.6211816335595448,0.36856659405072606
68,0.06640815190015598,0.3137422487769446,0.6198495993228995,0.3668915065670857
69,0.06601039840088982,0.31547437377130105,0.6185152278278092,0.36521765423467245
70,0.06561524647195337,0.317206139596045,0.6171786139320017,0.3635451698471228
71,0.0652226858989183,0.31893746207389506,0.6158398520271867,0.361874184726772
72,0.06483270636932466,0.32066825761057405,0.6144990360201014,0.36020482869888903
73,0.06444529747469419,0.32239844321135086,0.613156259313955,0.358537230066982
74,0.06406044871256383,0.32412793649715543,0.6118116147902808,0.35687151558916475
75,0.06367814948853856,0.3258566557202622,0.6104651947911993,0.3552078104555949
76,0.06329838911836166,0.3275845197795398,0.6091170911020987,0.35354623826697695
77,0.06292115683000168,0.3293114482352614,0.607767394934737,0.351886921014131
78,0.06254644176575445,0.3310373613234747,0.6064161969107709,0.35022997905862924
79,0.06217423298435897,0.33276217996992763,0.6050635870457134,0.34857553111448636
80,0.06180451946312585,0.3344858258035479,0.6037096547333263,0.34692369423091063
81,0.061437290100077264,0.33620822116947513,0.6023544887304476,0.3452745837761024
82,0.061072533716096625,0.33792928914164366,0.6009981771422597,0.3436283134221026
83,0.060710239057087445,0.339648953534915,0.5996408074079975,0.3419849951306725
84,0.060350394796139455,0.34136713891676,0.5982824662871005,0.3403447391402098
85,0.05999298953570115,0.3430837706184897,0.5969232398458091,0.3387076539536821
86,0.05963801180975748,0.34479877474603515,0.5955632134442073,0.33707384632757376
87,0.059285450086011465,0.34651207819027724,0.5942024717237112,0.3354434212618389
88,0.05893529276806835,0.3482236086369272,0.5928410985950044,0.33381648199083985
89,0.058587528197621475,0.34993329457595823,0.5914791772264203,0.3321931299752686
90,0.05824214465663843,0.35164106531059114,0.5901167900327705,0.3305734648950379
91,0.057899130369546505,0.3533468509658348,0.5887540186646187,0.3289575846431231
92,0.05755847350541629,0.3550505824965843,0.5873909439979995,0.32734558532035196
93,0.05722016218014211,0.35675219169527883,0.5860276461245791,0.3257375612311135
94,0.0568841844586186,0.3584516111991223,0.5846642043422592,0.3241336048799891
95,0.056550528356912155,0.3601487744968698,0.5833006971462181,0.32253380696927536
96,0.056219181844426036,0.3618436159351842,0.5819372022203898,0.3209382563973929
97,0.05589013284605841,0.36353607072456445,0.5805737964293772,0.3193470402581592
98,0.05556336924435235,0.3652260749448516,0.5792105558107961,0.3177602438409146
99,0.05523887888163637,0.36691356555031573,0.5778475555680479,0.31617795063148096
100,0.054916649562155154,0.36859848037432874,0.5764848700635161,0.314600242313933
101,0.054596669054189154,0.37028075813362715,0.5751225728121837,0.3130271987731743
102,0.054278925092162235,0.3719603384321698,0.5737607364756679,0.31145889809828864
103,0.05396340537873664,0.3736371617645969,0.5723994328566665,0.30989541658665976
104,0.05365009758689412,0.37531116951929294,0.5710387328938129,0.3083368287488266
105,0.0533389893620029,0.3769823039810626,0.5696787066569345,0.30678320731407926
106,0.05303006832386901,0.37865050833342173,0.5683194233427094,0.3052346232367426
107,0.052723322068771915,0.380315726660513,0.5669609512707152,0.3036911457031652
108,0.05241873817148315,0.38197790394864806,0.5656033578798689,0.3021528421393679
109,0.052116304187267495,0.3836369860874864,0.5642467097252462,0.3006197782193438
110,0.05181600765386606,0.3852929198708544,0.5628910724752796,0.2990920178739921
111,0.0515178360934603,0.38694565299721234,0.5615365109093274,0.29756962330065634
112,0.0512217770146167,0.38859513406977636,0.560183088915607,0.2960526549732595
113,0.050927817914211235,0.3902413125962996,0.5588308694894891,0.2945411716530111
114,0.050635946279333155,0.3918841389885234,0.5574799147321434,0.29303523039966306
115,0.050346149589167506,0.39352356456130155,0.556130285849531,0.2915348865833035
116,0.05005841531685576,0.39515954153140637,0.5547820431517378,0.290040193896659
117,0.04977273093133423,0.39679202301602406,0.5534352460526417,0.28855120436789794
118,0.04948908389914952,0.3984209630309457,0.5520899530699048,0.2870679683739011
119,0.049207461686250904,0.40004631648846045,0.5507462218252887,0.2855905346539944
120,0.04892785175975884,0.40166803919495997,0.5494041090452811,0.28411895032411794
121,0.048650241589709375,0.4032860878482598,0.5480636705620308,0.2826532608914083
122,0.048374618650774186,0.40490042003464566,0.5467249613145801,0.2811935102691858
123,0.04810097042395555,0.4065109942256516,0.5453880353503928,0.2797397407923169
124,0.04782928439825638,0.40811776977457764,0.5440529458271659,0.27829199323294473
125,0.04755954807232445,0.4097207069127546,0.5427197450149209,0.2768503068165588
126,0.04729174895607116,0.4113197667455626,0.5413884842983663,0.27541471923839267
127,0.047025874572263926,0.41291491124821106,0.540059214179525,0.27398526668012757
128,0.04676191245809246,0.41450610326128806,0.5387319842806194,0.2725619838268923
129,0.04649985016670856,0.4160933064860852,0.5374068433472061,0.27114490388452805
130,0.046239675268739025,0.4176764854797062,0.5360838392515548,0.2697340585971183
131,0.04598137535377179,0.41925560564996583,0.5347630189962623,0.2683294782647465
132,0.045724938031815036,0.4208306332500881,0.5334444287180968,0.2669311917614935
133,0.04547035093472905,0.4224015353732074,0.5321281136920636,0.2655392265536233
134,0.04521760171763085,0.4239682799466839,0.5308141183356853,0.2641536087179719
135,0.04496667806027142,0.425530835726237,0.5295024862134916,0.26277436296050855
136,0.0447175676683855,0.4270891722899059,0.5281932600417086,0.2614015126350519
137,0.044470258275013844,0.4286432600318431,0.526886481693143,0.26003507976213835
138,0.044224737641797976,0.4301930701559484,0.5255821922022536,0.2586750850480149
139,0.043980993560247365,0.43173857466934934,0.5242804317704032,0.2573215479037497
140,0.04373901385297903,0.43327974637573674,0.5229812397712841,0.2559744864644434
141,0.04349878637492971,0.4348165588685593,0.5216846547565109,0.25463391760853094
142,0.04326029901454034,0.4363489865240862,0.5203907144613734,0.2532998569771533
143,0.04302353969491327,0.4378770044943425,0.5190994558107442,0.2519723189935945
144,0.042788496374941996,0.43940058869992593,0.5178109149251321,0.2506513168827671
145,0.04255515705041359,0.44091971582270806,0.5165251271268784,0.24933686269073144
146,0.04232350975508402,0.44243436329842967,0.5152421269464863,0.24802896730424284
147,0.04209354256172617,0.44394450930919366,0.5139619481290801,0.24672764047030793
148,0.04186524358315113,0.4454501327758638,0.512684623640985,0.24543289081574432
149,0.041638600973202454,0.4469512133503727,0.5114101856764248,0.24414472586673075
150,0.041413602927723864,0.44844773140794725,0.5101386656643289,0.242863152068335
151,0.0411902376855004,0.44993966803925617,0.5088700942752434,0.2415881748040149
152,0.040968493529173124,0.45142700504248456,0.5076045014283423,0.24031979841507234
153,0.040748358786127765,0.4529097249153425,0.5063419162985298,0.23905802622006492
154,0.04052982182935739,0.4543878108470121,0.5050823673236305,0.23780286053415145
155,0.04031287107829929,0.45586124671003825,0.5038258822116625,0.23655430268837113
156,0.04009749499964629,0.4573300170521687,0.5025724879481851,0.2353123530488471
157,0.03988368210813275,0.458794107088148,0.5013222108037193,0.2340770110359004
158,0.03967142096729551,0.4602535026914709,0.5000750763412336,0.23284827514307505
159,0.03946070019020993,0.46170819038609967,0.49883110942369047,0.23162614295605827
160,0.039251508440201394,0.4631581573381493,0.4975903342216494,0.2304106111714925
161,0.03904383443153245,0.46460339134754675,0.49635277422092083,0.22920167561567314
162,0.038837666930065816,0.46604388083966786,0.4951184522302664,0.22799933126312388
163,0.03863299475390367,0.4674796148569551,0.49388739038914126,0.22680357225503817
164,0.0384298067740034,0.4689105830505237,0.4926596101754729,0.22561439191759403
165,0.03822809191477002,0.4703367756717559,0.491435132413474,0.22443178278012016
166,0.03802783915462575,0.47175818356389165,0.4902139772814825,0.2232557365931201
167,0.03782903752655686,0.4731747981536162,0.4889961643198269,0.22208624434614074
168,0.03763167611863816,0.4745866114426508,0.48778171243871105,0.22092329628548674
169,0.037435744074535454,0.4759936159993485,0.4865706399261161,0.21976688193177385
170,0.03724123059398625,0.4773958049502999,0.4853629644557139,0.21861699009731117
171,0.037048124933258986,0.4787931719719513,0.4841587030947897,0.21747360890332032
172,0.036856416405591126,0.48018571128224,0.48295787231216886,0.21633672579697355
173,0.03666609438160649,0.4815734176322473,0.48176048798614624,0.21520632756825678
174,0.03647714828971209,0.4829562862978759,0.48056656541241205,0.21408240036665097
175,0.0362895676164747,0.4843343130715513,0.47937611931197405,0.2129649297176276
176,0.03610334190697772,0.48570749425395326,0.47818916383906906,0.21185390053895795
177,0.03591846076515841,0.48707582664577737,0.47700571258906427,0.21074929715683016
178,0.035734913854125964,0.4884393075395315,0.47582577860634256,0.20965110332177314
179,0.03555269089646071,0.48979793471136795,0.47464937439217136,0.20855930222438512
180,0.03537178167449479,0.4911517064129557,0.4734765119125495,0.20747387651086635
181,0.03519217603057461,0.49250062136339384,0.47230720260603154,0.20639480829834894
182,0.03501386386730538,0.493844678741169,0.47114145739152563,0.20532207919002676
183,0.03483683514777817,0.49518387817615844,0.4699792866760634,0.204255670290083
184,0.03466107989577969,0.4965182197416822,0.46882070036253815,0.20319556221841256
185,0.03448658819598519,0.4978477039466049,0.46766570785740996,0.20214173512513905
186,0.034313350194134805,0.49917233172748965,0.46651431807837557,0.20109416870492577
187,0.03414135609719363,0.5004921044408069,0.46536653946199946,0.20005284221107839
188,0.033970596173495946,0.5018070238551982,0.464222379971306,0.19901773446944018
189,0.03380106075287376,0.5031170921437975,0.4630818471033288,0.197988823892078
190,0.0336327402267702,0.5044223118766128,0.46194494789661705,0.19696608849076108
191,0.033465625048337916,0.5057226860129667,0.46081168893869545,0.19594950589022814
192,0.03329970573252282,0.5070182178940003,0.45968207637347697,0.19493905334124723
193,0.033134972856133586,0.50830891123524,0.4585561159086265,0.19393470773346486
194,0.03297141705789716,0.5095947701192293,0.45743381282287365,0.1929364456080463
195,0.03280902903850059,0.5108757989882258,0.45631517197327365,0.1919442431701087
196,0.032647799560619487,0.5121520026369666,0.45520019780241394,0.19095807630094497
197,0.03248771944893348,0.5134233862055004,0.4540888943455661,0.18997792057003784
198,0.03232877959012888,0.5146899551720897,0.4529812652377814,0.18900375124686997
199,0.03217097093288895,0.5159517153461822,0.4518773137209288,0.1880355433125254
200,0.03201428448787204,0.5172086728614542,0.45077704265067375,0.187073271471087
201,0.03185871132767789,0.5184608341689243,0.4496804545033978,0.18611691016082849
202,0.03170424258680236,0.5197082060301409,0.4485875513830568,0.1851664335652034
203,0.03155086946158094,0.5209507955104415,0.4474983350279775,0.184221815623629
204,0.03139858321012139,0.5221886099722869,0.44641280681759166,0.1832830300420761
205,0.03124737515222555,0.5234216570686685,0.4453309677791059,0.18235005030345036
206,0.031097236669300858,0.5246499447365913,0.44425281859410776,0.1814228496777801
207,0.0309481592042618,0.5258734811906315,0.4431783596051067,0.18050140123220684
208,0.03080013426142147,0.5270922749165696,0.44210759082200896,0.1795856778407785
209,0.030653153406373583,0.5283063346650998,0.4410405119285266,0.17867565219404946
210,0.030507208265865244,0.5295156694456156,0.4399771222885192,0.17777129680849102
211,0.030362290527660638,0.5307202885200712,0.43891742095226816,0.17687258403570544
212,0.030218391940395994,0.5319202013969204,0.43786140666268364,0.17597948607145592
213,0.030075504313426073,0.5331154178251314,0.4368090778614426,0.1750919749645084
214,0.029933619516662364,0.5343059477882791,0.43576043269505854,0.17421002262528718
215,0.029792729480403318,0.5354918014987143,0.4347154690208823,0.17333360083434768
216,0.02965282619515683,0.5366729893918093,0.43367418441303385,0.17246268125066866
217,0.029513901711455213,0.5378495221202809,0.4326365761682639,0.17159723541976374
218,0.02937594813966291,0.5390214105485904,0.43160264131174664,0.1707372347816152
219,0.02923895764977717,0.5401886657474202,0.43057237660280256,0.16988265067843528
220,0.029102922471221943,0.5413512989882266,0.4295457785405513,0.1690334543622507
221,0.028967834892635207,0.5425093217378705,0.4285228433694943,0.1681896170023175
222,0.028833687261649924,0.5436627456533221,0.427503567085028,0.16735110969236594
223,0.028700471984668924,0.5448115825764444,0.4264879454388868,0.16651790345768086
224,0.028568181526633825,0.5459558445288503,0.4254759739445159,0.16568996926201351
225,0.02843680841078828,0.5470955437068369,0.4244676478823749,0.16486727801433443
226,0.028306345218435766,0.5482306924763934,0.42346296230517083,0.16404980057542198
227,0.02817678458869204,0.549361303368286,0.42246191204302197,0.16323750776429619
228,0.028048119218232567,0.550487389073215,0.42146449170855244,0.16243037036449487
229,0.027920341861035022,0.5516089624370479,0.42047069570191714,0.16162835913019483
230,0.027793445328117145,0.5527260364561255,0.4194805182157574,0.16083144479218342
231,0.02766742248727004,0.5538386242726414,0.4184939532400886,0.1600395980636804
232,0.027542266262787236,0.5549467391700945,0.41751099456711827,0.15925278964601092
233,0.027417969635189523,0.5560503945688139,0.4165316357959966,0.15847099023413502
234,0.02729452564094595,0.5571496040215554,0.4155558703374987,0.15769417052203466
235,0.02717192737219093,0.5582443812091701,0.41458369141863904,0.15692230120795875
236,0.02705016797643782,0.5593347399363431,0.41361509208721914,0.15615535299953143
237,0.026929240656289034,0.5604206941274034,0.4126500652163076,0.15539329661872375
238,0.02680913866914287,0.5615022578222028,0.4116886035086543,0.15463610280669154
239,0.026689855326897254,0.5625794451720649,0.41073069950103785,0.1538837423284815
240,0.02657138399565049,0.563652270435802,0.40977634556854753,0.1531361859776067
241,0.026453718095399238,0.5647207479758002,0.40882553392880056,0.1523934045804984
242,0.026336851099733827,0.5657848922541727,0.40787825664609345,0.15165536900082985
243,0.02622077653553104,0.5668447178289792,0.4069345056354898,0.15092205014371643
244,0.0261054879826446,0.5679002393505115,0.40599427266684385,0.15019341895979804
245,0.025990979073593358,0.5689514715576455,0.4050575493687611,0.14946944644920165
246,0.025877243493247416,0.5699984292742571,0.4041243272324954,0.1487501036653854
247,0.02576427497851235,0.5710411274057032,0.40319459761578436,0.1480353617188717
248,0.025652067318011552,0.5720795809353663,0.4022683517466222,0.1473251917808665
249,0.025540614351766872,0.5731138049212613,0.4013455807269718,0.14661956508676668
250,0.025429909970877747,0.5741438144927059,0.4004262755364163,0.14591845293956338
251,0.02531994811719881,0.5751696248470516,0.39951042703574957,0.14522182671313458
252,0.02521072278301624,0.5761912512464757,0.398598025970508,0.14452965785543773
253,0.025102228010722826,0.5772087090148347,0.39768906297444245,0.14384191789159761
254,0.02499445789249197,0.5782220135345754,0.3967835285729326,0.14315857842689583
255,0.024887406569950664,0.579231180243707,0.39588141318634223,0.14247961114966062
256,0.024781068233851608,0.58023622463283,0.3949827071333184,0.14180498783406198
257,0.02467543712374453,0.5812371622422224,0.39408740063403297,0.1411346803428113
258,0.024570507527646796,0.5822340086589844,0.3931954838133688,0.14046866062977098
259,0.024466273781713472,0.5832267795142372,0.3923069467040493,0.13980690074246938
260,0.024362730269906863,0.5842154904803784,0.39142177924971483,0.13914937282453305
261,0.024259871423665674,0.5852001572683918,0.3905399713079426,0.13849604911802596
262,0.024157691721573823,0.5861807956252114,0.3896615126532148,0.1378469019657082
263,0.0240561856890291,0.5871574213311382,0.3887863929798327,0.1372019038132108
264,0.023955347897911598,0.5881300501973102,0.3879146019047781,0.136561027211127
265,0.023855172966252176,0.5890986980632239,0.3870461289705239,0.135924244817027
266,0.023755655557900893,0.5900633807943069,0.38618096364779225,0.13529152939739172
267,0.02365679038219556,0.5910241142795414,0.38531909533826303,0.13466285382947285
268,0.023558572193630473,0.5919809144291377,0.3844605133772318,0.13403819110307708
269,0.023460995791525382,0.5929337971722559,0.3836052070362187,0.13341751432227741
270,0.02336405601969482,0.5938827784547769,0.38275316552552824,0.13280079670705403
271,0.023267747766117765,0.5948278742371208,0.3819043779967614,0.13218801159486504
272,0.023172065962607825,0.5957691004921122,0.3810588335452799,0.13157913244214825
273,0.02307700558448389,0.5967064732028924,0.3802165212126236,0.1309741328257582
274,0.022982561650241387,0.5976400083608768,0.37937742998888174,0.1303729864443371
275,0.0228887292212242,0.5985697219637575,0.37854154881501834,0.1297756671196214
276,0.022795503401297254,0.59949563001355,0.3777088665851528,0.1291821487976885
277,0.022702879336519904,0.6004177485146843,0.3768793721487958,0.12859240555014134
278,0.022610852214820086,0.6013360934721385,0.3760530543130415,0.12800641157523457
279,0.022519417265669375,0.6022506808896143,0.3752299018447163,0.1274241411989422
280,0.022428569759758953,0.6031615267677558,0.3744099034724852,0.12684556887597034
281,0.022338305008676517,0.6040686471024074,0.3735930478889161,0.1262706691907131
282,0.022248618364584243,0.6049720578829132,0.37277932375250256,0.12569941685815675
283,0.022159505219897763,0.6058717750904566,0.37196871968964557,0.1251317867247305
284,0.02207096100696628,0.6067678146964384,0.3711612242965953,0.12456775376910637
285,0.021982981197753812,0.6076601926608929,0.3703568261413533,0.12400729310295006
286,0.02189556130352163,0.6085489249309434,0.36955551376553497,0.12345037997162217
287,0.021808696874511906,0.6094340274392938,0.36875727568619426,0.1228969897548331
288,0.021722383499632646,0.6103155161027572,0.36796210039761007,0.12234709796725268
289,0.021636616806143896,0.6111934068208213,0.3671699763730347,0.12180068025907187
290,0.0215513924593453,0.6120677154742477,0.366380892066407,0.12125771241652479
291,0.02146670616226502,0.6129384579237075,0.36559483591402747,0.1207181703623654
292,0.021382553655350047,0.613805650008451,0.3648117963361989,0.12018203015630395
293,0.021298930716157946,0.6146693075450107,0.36403176173883134,0.11964926799540229
294,0.021215833159050065,0.6155294463259374,0.3632547205150125,0.11911986021443167
295,0.02113325683488621,0.6163860821185694,0.3624806610465444,0.11859378328619008
296,0.021051197630720844,0.6172392306638333,0.3617095717054458,0.11807101382178378
297,0.020969651469500843,0.6180889076750767,0.36094144085542246,0.11755152857087328
298,0.020888614309764766,0.6189351288369312,0.360176256853304,0.11703530442188179
299,0.020808082145343756,0.6197779098042063,0.35941400805044993,0.1165223184021732
300,0.020728051005064026,0.6206172662008129,0.358654682794123,0.11601254767819295
301,0.020648516952450967,0.6214532136187164,0.3578982694288325,0.11550596955558001
302,0.02056947608543491,0.622285767616918,0.35714475629764697,0.11500256147924495
303,0.020490924536058556,0.6231149437204649,0.3563941317434764,0.11450230103341924
304,0.020412858470186094,0.623940757419488,0.3556463841103259,0.11400516594167469
305,0.020335274087213993,0.6247632241682664,0.35490150174451957,0.11351113406691257
306,0.020258167619783544,0.6255823593843198,0.35415947299589656,0.11302018341132869
307,0.020181535333495093,0.6263981784475263,0.35342028621897853,0.11253229211634683
308,0.020105373526624053,0.6272106966992658,0.35268392977411017,0.11204743846252983
309,0.020029678529838654,0.6280199294415889,0.35195039202857237,0.1115656008694624
310,0.019954446705919456,0.6288258919364118,0.3512196613576687,0.11108675789561233
311,0.01987967444948066,0.6296285994047334,0.3504917261457859,0.110610888238164
312,0.019805358186693194,0.6304280670258781,0.3497665747874287,0.11013797073283316
313,0.0197314943750096,0.6312243099367613,0.34904419568822914,0.10966798435365538
314,0.019658079502890724,0.6320173432311778,0.3483245772659315,0.10920090821275485
315,0.01958511008953425,0.632807181959113,0.34760770795135276,0.10873672156009334
316,0.019512582684605005,0.6335938411260765,0.34689357618931843,0.10827540378319513
317,0.01944049386796715,0.6343773356924567,0.3461821704395761,0.10781693440685655
318,0.019368840249418175,0.6351576805728972,0.34547347917768456,0.10736129309283392
319,0.01929761846842473,0.6359348906356941,0.3447674908958812,0.10690845963951373
320,0.019226825193860306,0.6367089807022128,0.34406419410392686,0.10645841398156489
321,0.0191564571237448,0.6374799655463269,0.3433635773299283,0.10601113618957539
322,0.01908651098498588,0.6382478598938742,0.3426656291211399,0.10556660646967034
323,0.019016983533122214,0.639012678422134,0.34197033804474375,0.10512480516311501
324,0.018947871552068604,0.6397744357593221,0.34127769268860925,0.10468571274590281
325,0.018879171853862925,0.6405331464841048,0.3405876816620323,0.10424930982832842
326,0.01881088127841494,0.6412888251251305,0.3399002935964545,0.10381557715454579
327,0.01874299669325698,0.6420414861605802,0.3392155171461627,0.1033844956021131
328,0.0186755149932965,0.642791144017734,0.33853334098896953,0.10295604618152543
329,0.018608433100570452,0.6435378130725549,0.33785375382687466,0.10253021003573154
330,0.018541747964001556,0.6442815076492905,0.3371767443867079,0.10210696843964284
331,0.018475456559156413,0.6450222420200894,0.33650230142075416,0.10168630279962679
332,0.01840955588800548,0.6457600304046345,0.33583041370735994,0.10126819465299103
333,0.018344042978684878,0.6464948869697918,0.33516107005152324,0.10085262566745674
334,0.01827891488526009,0.6472268258292744,0.3344942592854655,0.10043957764061973
335,0.01821416868749147,0.6479558610433214,0.33382997026918715,0.10002903249940427
336,0.018149801490601594,0.6486820066183918,0.33316819189100655,0.09962097229950492
337,0.018085810425044504,0.6494052765068729,0.3325089130680826,0.09921537922482154
338,0.01802219264627671,0.6501256846068015,0.3318521227469218,0.09881223558688322
339,0.01795894533453009,0.6508432447616009,0.33119780990386904,0.09841152382426575
340,0.017896065694586592,0.6515579707598294,0.3305459635455841,0.09801322650200003
341,0.01783355095555474,0.6522698763349432,0.3298965727095021,0.09761732631097408
342,0.01777139837064798,0.6529789751650716,0.32924962646428046,0.0972238060673266
343,0.01770960521696483,0.6536852808728052,0.3286051139102301,0.09683264871183372
344,0.017648168795270848,0.6543888070249956,0.32796302417973366,0.09644383730929047
345,0.017587086429782354,0.6550895671325683,0.32732334643764943,0.09605735504788541
346,0.017526355467951987,0.6557875746503464,0.3266860698817016,0.09567318523856859
347,0.017465973280256043,0.6564828429768863,0.32605118374285774,0.09529131131441546
348,0.017405937259983562,0.6571753854543241,0.3254186772856924,0.09491171682998384
349,0.017346244823027216,0.6578652153682338,0.324788539808739,0.09453438546066832
350,0.017286893407675936,0.6585523459474958,0.32416076064482835,0.09415930100204756
351,0.01722788047440931,0.6592367903641754,0.3235353291614154,0.09378644736922845
352,0.01716920350569373,0.6599185617334123,0.3229122347608941,0.09341580859618694
353,0.017110860005780253,0.6605976731133201,0.3222914668808998,0.093047368835103
354,0.017052847500504217,0.6612741375048946,0.3216730149946014,0.09268111235569462
355,0.016995163537086577,0.661947967851933,0.32105686861098065,0.09231702354454593
356,0.01693780568393695,0.6626191770409613,0.32044301727510194,0.09195508690443448
357,0.01688077153045835,0.6632877779011715,0.3198314505683703,0.09159528705365466
358,0.01682405868685365,0.6639537832043673,0.31922215810877924,0.09123760872533818
359,0.016767664783933694,0.6646172056649183,0.31861512955114807,0.0908820367667735
360,0.01671158747292712,0.6652780579397237,0.3180103545873493,0.09052855613872209
361,0.016655824425291836,0.6659363526281825,0.31740782294652575,0.09017715191473273
362,0.016600373332528135,0.6665921022721734,0.3168075243952985,0.08982780928045524
363,0.0165452319059935,0.6672453193560416,0.31620944873796497,0.08948051353295194
364,0.01649039787671901,0.6678960163065936,0.31561358581668747,0.08913525008000697
365,0.016435868995227403,0.6685442054930993,0.3150199255116733,0.08879200443943658
366,0.01638164303135274,0.6691898992273018,0.31442845774134554,0.0884507622383969
367,0.01632771777406169,0.6698331097634332,0.3138391724625051,0.08811150921269131
368,0.016274091031276385,0.6704738492982392,0.3132520596704845,0.0877742312060779
369,0.01622076062969893,0.6711121299710081,0.31266710939929304,0.08743891416957528
370,0.016167724414637406,0.6717479638636085,0.3120843117217542,0.0871055441607696
371,0.016114980249833512,0.6723813630005319,0.31150365674963465,0.08677410734312035
372,0.01606252601729173,0.6730123393489424,0.31092513463376587,0.08644458998526745
373,0.01601035961711005,0.6736409048187323,0.3103487355641577,0.08611697846033686
374,0.015958478967312204,0.6742670712625827,0.3097744497701051,0.08579125924524812
375,0.015906882003681486,0.6748908504760316,0.30920226752028696,0.0854674189200221
376,0.01585556667959603,0.6755122541975458,0.3086321791228582,0.08514544416708836
377,0.015804530965865614,0.6761312941085996,0.3080641749255348,0.08482532177059501
378,0.015753772850569964,0.676747981833758,0.30749824531567216,0.08450703861571769
379,0.015703290338898546,0.6773623289407649,0.3069343807203367,0.08419058168797089
380,0.01565308145299181,0.6779743469406374,0.3063725716063709,0.08387593807251989
381,0.015603144231783923,0.6785840472877639,0.3058128084804522,0.08356309495349412
382,0.01555347673084693,0.6791914413800072,0.3052550818891459,0.08325203961330185
383,0.01550407702223637,0.6797965405588124,0.3046993824189513,0.08294275943194604
384,0.015454943194338325,0.680399356109319,0.3041457006963427,0.08263524188634207
385,0.015406073351717873,0.6809998992604777,0.30359402738780444,0.08232947454963718
386,0.015357465614968969,0.6815981811851709,0.30304435319986006,0.0820254450905322
387,0.015309118120565707,0.682194213000338,0.30249666887909626,0.08172314127260388
388,0.01526102902071498,0.6827880057671036,0.3019509652121814,0.08142255095362962
389,0.015213196483210515,0.6833795704909108,0.30140723302587874,0.08112366208491538
390,0.015165618691288263,0.683968918121657,0.3008654631870547,0.08082646271062391
391,0.015118293843483165,0.6845560595538348,0.300325646602682,0.08053094096710699
392,0.01507122015348724,0.6851410056266746,0.2997877742198382,0.08023708508223838
393,0.015024395850009016,0.6857237671242918,0.29925183702569913,0.0799448833747498
394,0.01497781917663429,0.6863043547758376,0.29871782604752806,0.07965432425356993
395,0.014931488391688189,0.6868827792556516,0.29818573235266016,0.07936539621716442
396,0.01488540176809853,0.6874590511834187,0.29765554704848274,0.07907808785287995
397,0.014839557593260494,0.6880331811243283,0.29712726128241107,0.07879238783628997
398,0.014793954168902545,0.6886051795892373,0.29660086624186005,0.07850828493054347
399,0.014748589810953642,0.6891750570348343,0.29607635315421194,0.07822576798571629
400,0.014703462849411717,0.689742823863808,0.2955537132867801,0.07794482593816593
401,0.014658571628213364,0.6903084904250177,0.2950329379467687,0.0776654478098875
402,0.01461391450510481,0.690872067013666,0.294514018481229,0.07738762270787472
403,0.01456948985151409,0.6914335638714741,0.29399694627701156,0.07711133982348232
404,0.014525296052424433,0.6919929911868599,0.2934817127607155,0.07683658843179188
405,0.014481331506248873,0.6925503590951173,0.29296830939863366,0.07656335789098084
406,0.01443759462470604,0.6931056776785991,0.2924567276966947,0.07629163764169411
407,0.014394083832697151,0.6936589569669008,0.2919469592004019,0.07602141720641997
408,0.01435079756818416,0.6942102069370467,0.29143899549476904,0.07575268618886691
409,0.014307734282069093,0.6947594375136784,0.2909328282042524,0.07548543427334635
410,0.014264892438074515,0.6953066585692446,0.29042844899268083,0.07521965122415605
411,0.014222270512625168,0.695851879924193,0.2899258495631818,0.07495532688496893
412,0.014179866994730717,0.6963951113471637,0.28942502165810546,0.07469245117822329
413,0.014137680385869648,0.6969363625551848,0.28892595705894547,0.07443101410451769
414,0.014095709199874256,0.6974756432138683,0.2884286475862573,0.0741710057420086
415,0.014053951962816754,0.6980129629376093,0.2879330850995738,0.07391241624581082
416,0.014012407212896474,0.6985483312897848,0.2874392614973186,0.07365523584740316
417,0.013971073500328151,0.6990817577829553,0.28694716871671627,0.07339945485403476
418,0.013929949387231282,0.6996132518790673,0.28645679873370117,0.07314506364813769
419,0.013889033447520554,0.7001428229896564,0.2859681435628229,0.07289205268674034
420,0.013848324266797324,0.7006704804760521,0.2854811952571504,0.07264041250088624
421,0.013807820442242155,0.7011962336495844,0.28499594590817323,0.07239013369505601
422,0.01376752058250837,0.7017200917717903,0.28451238764570114,0.07214120694659117
423,0.013727423307616662,0.7022420640546218,0.2840305126377614,0.0718936230051239
424,0.013687527248850693,0.7027621596606549,0.28355031309049417,0.07164737269200827
425,0.013647831048653719,0.7032803877033,0.28307178124804605,0.07140244689975658
426,0.013608333360526217,0.703796757247012,0.2825949093924617,0.07115883659147758
427,0.013569032848924488,0.7043112773075019,0.2821196898435735,0.07091653280031954
428,0.013529928189160252,0.7048239568519498,0.28164611495888986,0.07067552662891678
429,0.013491018067301208,0.7053348047992171,0.2811741771334816,0.07043580924883845
430,0.013452301180072571,0.7058438300200607,0.2807038687998666,0.07019737190004277
431,0.013413776234759546,0.7063510413373473,0.2802351824278931,0.06996020589033347
432,0.013375441949110755,0.7068564475262678,0.2797681105246214,0.06972430259481993
433,0.013337297051242602,0.7073600573145531,0.2793026456342042,0.06948965345538145
434,0.013299340279544556,0.7078618793826901,0.2788387803377653,0.06925624998013499
435,0.01326157038258537,0.7083619223641374,0.2783765072532772,0.06902408374290572
436,0.01322398611902019,0.7088601948455426,0.2779158190354371,0.06879314638270197
437,0.01318658625749858,0.7093567053669593,0.2774567083755421,0.06856342960319387
438,0.013149369576573434,0.709851462422064,0.27699916800136254,0.06833492517219435
439,0.013112334864610773,0.7103444744583742,0.27654319067701494,0.06810762492114511
440,0.013075480919700415,0.7108357498774664,0.2760887692028331,0.06788152074460554
441,0.013038806549567518,0.7113252970351939,0.27563589641523856,0.0676566045997448
442,0.01300231057148498,0.7118131242419051,0.2751845651866099,0.06743286850583827
443,0.012965991812186689,0.7122992397626622,0.2747347684251511,0.0672103045437669
444,0.012929849107781614,0.7127836518174595,0.2742864990747589,0.06698890485552057
445,0.012893881303668739,0.7132663685814421,0.2738397501148892,0.06676866164370447
446,0.012858087254452815,0.7137473981851243,0.27339451456042285,0.06654956717104964
447,0.01282246582386093,0.7142267487146089,0.2729507854615301,0.06633161375992629
448,0.0127870158846599,0.714704428211805,0.272508555903535,0.06611479379186144
449,0.012751736318574453,0.7151804446746473,0.2720678190067783,0.06589909970705955
450,0.01271662601620621,0.7156548060573138,0.27162856792648005,0.06568452400392633
451,0.01268168387695346,0.716127520270445,0.27119079585260153,0.0654710592385968
452,0.012646908808931712,0.7165985951813619,0.2707544960097064,0.06525869802446696
453,0.012612299728895007,0.7170680386142838,0.27031966165682125,0.06504743303172764
454,0.012577855562158013,0.7175358583505466,0.26988628608729553,0.06483725698690268
455,0.012543575242518874,0.7180020621288201,0.2694543626286611,0.06462816267239124
456,0.012509457712182787,0.718466657645326,0.26902388464249133,0.06442014292601184
457,0.012475501921686359,0.7189296525540547,0.26859484552425905,0.06421319064055148
458,0.012441706829822667,0.7193910544669823,0.2681672387031952,0.06400729876331704
459,0.01240807140356706,0.7198508709542872,0.2677410576421458,0.06380246029569045
460,0.01237459461800368,0.7203091095445668,0.2673162958374296,0.0635986682926877
461,0.012341275456252703,0.7207657777250527,0.2668929468186947,0.06339591586252008
462,0.012308112909398268,0.7212208829418268,0.26647100414877495,0.06319419616616023
463,0.012275105976417127,0.7216744326000367,0.2660504614235462,0.06299350241691004
464,0.01224225366410798,0.7221264340641098,0.2656313122717822,0.06279382787997309
465,0.012209554987021493,0.7225768946579683,0.26521355035501026,0.06259516587202991
466,0.012177008967390995,0.7230258216652427,0.26479716936736636,0.062397509760816025
467,0.012144614635063854,0.7234732223294854,0.2643821630354507,0.06220085296470426
468,0.012112371027433512,0.7239191038543841,0.26396852511818236,0.06200518895228966
469,0.012080277189372185,0.7243634734039734,0.2635562494066543,0.06181051124197769
470,0.012048332173164209,0.7248063381028479,0.26314532972398785,0.06161681340157605
471,0.012016535038440043,0.7252477050363724,0.26273575992518755,0.061424089047888875
472,0.0119848848521109,0.7256875812508938,0.26232753389699526,0.06123233184631559
473,0.01195338068830402,0.7261259737539512,0.2619206455577448,0.061041535510450926
474,0.01192202162829856,0.7265628895144852,0.26151508885721614,0.060851693801690365
475,0.01189080676046212,0.7269983354630482,0.2611108577764897,0.060662800528836616
476,0.011859735180187873,0.7274323184920115,0.2607079463278006,0.060474849547710666
477,0.011828805989832304,0.7278648454557747,0.26030634855439294,0.06028783476076529
478,0.011798018298653554,0.7282959231709722,0.25990605853037413,0.060101750116701776
479,0.011767371222750365,0.7287255584166805,0.259507070360569,0.059916589610089915
480,0.011736863885001607,0.7291537579346238,0.25910937818037455,0.05973234728099097
481,0.01170649541500639,0.7295805284293797,0.2587129761556139,0.059549017214582896
482,0.011676264949024764,0.730005876568584,0.25831785848239125,0.059366593540790234
483,0.011646171629918985,0.7304298089831347,0.25792401938694626,0.059185070433915375
484,0.011616214607095351,0.7308523322673955,0.257531453125509,0.05900444211227387
485,0.011586393036446594,0.7312734529793986,0.25714015398415474,0.0588247028378323
