Generation,xOC,xOB,xMM,W_average
0,0.2,0.5,0.3,0.40991651049645483
1,0.14027617111179358,0.5260401887599638,0.3336836401282426,0.3816791994448073
2,0.10097677371575015,0.5426153704988728,0.3564078557853771,0.33187736979514604
3,0.07626526093696187,0.5526619960761611,0.3710727429868771,0.28249322225548146
4,0.06033595797054227,0.558888841848234,0.3807752001812238,0.2414431796414464
5,0.04954791206890556,0.562938711058322,0.3875133768727724,0.20893093913537658
6,0.04187416175254413,0.5657036754596716,0.39242216278778425,0.1832692626512304
7,0.036181797213754335,0.5676715718976487,0.39614663088859686,0.16278436256607087
8,0.03181114592439305,0.5691207726000297,0.39906808147557715,0.1461795650030444
9,0.028359406372876865,0.5702180205240039,0.4014225731031192,0.13250942823290499
10,0.0255693913148905,0.5710678301566278,0.4033627785284817,0.121091609094935
11,0.02327027148601272,0.5717383872402638,0.4049913412737234,0.11143008246468404
12,0.021344621854937237,0.5722757467981234,0.4063796313469393,0.10315937311318271
13,0.01970929896347936,0.5727119620763472,0.40757873896017344,0.09600602345949058
14,0.018303901105752977,0.5730699277441067,0.4086261711501403,0.08976223939900288
15,0.017083555127232038,0.5733663702543548,0.40955007461841325,0.08426777365268429
16,0.016014264141644943,0.5736137537074969,0.4103719821508582,0.07939732976258734
17,0.015069822152942672,0.5738215292453552,0.41110864860170215,0.07505168275430361
18,0.014229716397413024,0.5739969749019018,0.41177330870068524,0.07115132841185001
19,0.01347766920187761,0.574145772949564,0.4123765578485584,0.06763187543719561
20,0.01280060400036533,0.5742724148457833,0.41292698115385146,0.06444065571798602
21,0.012187898851964286,0.5743804904461078,0.41343161070192797,0.061534197866854365
22,0.011630838700698651,0.5744728979681482,0.4138962633311532,0.05887632089524473
23,0.011122207495605236,0.5745519987034357,0.4143257938009591,0.056436679166969414
24,0.010655980348881185,0.5746197325708284,0.41472428708029035,0.05418963980759597
25,0.010227088321109214,0.5746777054982138,0.4150952061806769,0.05211340788251413
26,0.009831236658052337,0.574727256256089,0.41544150708585864,0.05018933824889405
27,0.00946476286371549,0.5747695081127715,0.41576572902351294,0.04840138949583372
28,0.009124524808799321,0.5748054091460872,0.41607006604511343,0.04673568707832611
29,0.008807811729379857,0.5748357639854224,0.4163564242851978,0.04518017112517099
30,0.008512272845098347,0.5748612590144967,0.41662646814040505,0.043724310465020844
31,0.008235859666094681,0.5748824825374319,0.4168816577964735,0.04235886885122448
32,0.007976779027184421,0.5748999410315625,0.4171232799412532,0.04107571264367624
33,0.007733454596697171,0.5749140723350518,0.4173524730682512,0.03986765164970618
34,0.007504495131278005,0.5749252564152563,0.4175702484534658,0.03872830666425297
35,0.007288668138865763,0.5749338242139842,0.4177775076471501,0.03765199864373864
36,0.0070848779064165745,0.5749400649537527,0.41797505713983074,0.03663365551381801
37,0.006892147072491555,0.5749442322046289,0.4181636207228796,0.03566873343197002
38,0.006709601095978724,0.5749465489469548,0.4183438499570664,0.03475314996252564
39,0.0065364551042531,0.5749472118159973,0.4185163330797496,0.03388322711884771
40,0.006372002706670826,0.5749463946765319,0.4186816026167974,0.03305564261804886
41,0.006215606439552393,0.57494425164582,0.4188401419146277,0.032267388002529866
42,0.006066689572004419,0.5749409196603152,0.4189923907676804,0.03151573252827687
43,0.005924729051992857,0.5749365206632386,0.4191387502847686,0.030798191916304528
44,0.005789249411972966,0.5749311634757555,0.4192795871122717,0.03011250122156177
45,0.005659817485345639,0.5749249454030181,0.41941523711163636,0.029456591201222834
46,0.005536037810757041,0.5749179536171579,0.4195460085720851,0.028828567667888348
47,0.00541754862210259,0.5749102663519268,0.41967218502597076,0.02822669339772447
48,0.005304018339052331,0.5749019539377197,0.4197940277232281,0.027649372232800395
49,0.005195142486771344,0.5748930797008647,0.4199117778123641,0.027095135073843417
50,0.0050906409848824555,0.5748837007471119,0.4200256582680057,0.026562627506685067
51,0.004990255755093472,0.5748738686460186,0.420135875598888,0.026050598844696154
52,0.004893748604669918,0.5748636300302614,0.42024262136506874,0.0255578924019928
53,0.004800899349380258,0.5748530271217129,0.42034607352890685,0.02508343683933576
54,0.004711504144916002,0.5748420981942953,0.42044639766078873,0.02462623844739744
55,0.004625374000287663,0.5748308779821104,0.42054374801760197,0.024185374251210014
56,0.004542333450475279,0.574819398040082,0.42063826850944275,0.023759985835758494
57,0.004462219368795135,0.5748076870632873,0.4207300935679176,0.02334927380635342
58,0.004384879902134616,0.574795771170266,0.4208193489275994,0.02295249280902542
59,0.004310173514487997,0.5747836741548463,0.4209061523306658,0.022568947046067336
60,0.004237968126165545,0.5747714177103955,0.4209906141634391,0.022197986230288028
61,0.004168140337702197,0.5747590216298653,0.42107283803243273,0.021839001928767768
62,0.004100574728906477,0.5747465039845466,0.421152921286547,0.021491424253106822
63,0.004035163224702897,0.5747338812840628,0.4212309554912344,0.021154718858495916
64,0.003971804520463507,0.5747211686197934,0.4213070268597432,0.02082838421854222
65,0.003910403560422523,0.5747083797936432,0.4213812166459344,0.020511949146764852
66,0.003850871063543926,0.5746955274338222,0.42145360150263395,0.020204970539125365
67,0.003793123091883756,0.5746826230990958,0.42152425380902053,0.01990703131495543
68,0.0037370806570718876,0.5746696773727812,0.42159324197014697,0.019617738536252757
69,0.0036826693610451065,0.5746566999476125,0.42166063069134246,0.019336721687592748
70,0.003629819067605269,0.5746436997024585,0.4217264812299363,0.01906363110089193
71,0.0035784636017622638,0.5746306847717632,0.4217908516264747,0.018798136511001894
72,0.0035285404741592606,0.5746176626084726,0.4218537969173683,0.018539925729640885
73,0.0034799906281738633,0.5746046400411284,0.42191536933069784,0.01828870342651403
74,0.0034327582075489326,0.5745916233257243,0.42197561846672693,0.018044190007656974
75,0.003386790342635782,0.5745786181928586,0.42203459146450584,0.01780612058208129
76,0.003342036953534296,0.5745656298906551,0.4220923331558108,0.017574244008723528
77,0.0032984505685927767,0.5745526632238713,0.42214888620753604,0.017348322016515903
78,0.0032559861568880236,0.5745397225895685,0.42220429125354364,0.017128128391121104
79,0.003214600973445881,0.5745268120096765,0.42225858701687785,0.016913448222517054
80,0.003174254416086514,0.574513935160752,0.42231181042316174,0.016704077208189144
81,0.003134907892888906,0.5745010954011964,0.42236399670591496,0.016499821007197185
82,0.003096524699367217,0.5744882957961717,0.42241517950446145,0.01630049464083879
83,0.003059069904539129,0.5744755391404283,0.42246539095503294,0.01610592193603684
84,0.0030225102451444455,0.5744628279792376,0.42251466177561825,0.015915935007942077
85,0.0029868140273420483,0.5744501646276015,0.4225630213450568,0.015730373778567047
86,0.0029519510352758608,0.5744375511878931,0.4226104977768313,0.01554908552855954
87,0.0029178924459565313,0.5744249895660719,0.42265711798797184,0.015371924479485662
88,0.0028846107499558866,0.5744124814865955,0.4227029077634489,0.015198751404228475
89,0.0028520796774564447,0.5744000285061455,0.4227478918163983,0.015029433263320395
90,0.002820274129238992,0.5743876320262684,0.4227920938444928,0.014863842865218434
91,0.00278917011222792,0.5743752933050263,0.4228355365827459,0.014701858548704625
92,0.002758744679247107,0.5743630134677403,0.42287824185301276,0.01454336388574927
93,0.00272897587266903,0.5743507935169045,0.42292023061042655,0.014388247403316408
94,0.00269984267166682,0.5743386343413402,0.4229615229869931,0.014236402322718073
95,0.0026713249428034313,0.574326536724652,0.4230021383325448,0.014087726315240122
96,0.002643403393714288,0.5743145013530444,0.4230420952532415,0.013942121272867428
97,0.0026160595296598594,0.5743025288225522,0.4230814116477882,0.013799493093031604
98,0.0025892756127429022,0.5742906196457289,0.4231201047415284,0.013659751476391375
99,0.0025630346236017007,0.5742787742578405,0.423158191118558,0.01352280973673466
