Generation,xOC,xOB,xMM,W_average
0,0.2,0.5,0.3,0.4642944233215612
1,0.23819869914436373,0.6026410831560114,0.1591602176996248,0.670300524988094
2,0.266195754499031,0.6821605943689173,0.0516436511320518,0.8514612298852857
3,0.2758462982742951,0.7167534190383772,0.007400282687327689,0.9324359760350022
4,0.2748932283520709,0.7246456222984389,0.00046114934949021986,0.9460326124281062
5,0.2721310506460655,0.7278464828781781,2.246647575635815e-05,0.9475113367418533
6,0.2692721492318025,0.7307267894390774,1.0613291199904693e-06,0.9481919229715501
7,0.2664271622099266,0.7335727883735754,4.9416497928654445e-08,0.9488161659724795
8,0.26360157494908615,0.7363984227808311,2.2700827750720385e-09,0.9494197900602556
9,0.26079576622128414,0.7392042336758011,1.0291473076520182e-10,0.9500038291838805
10,0.2580098709050313,0.7419901290903631,4.605678097228331e-12,0.9505676550754759
11,0.25524400813238685,0.7447559918674097,2.035239678414063e-13,0.9511105454163444
12,0.2524982918575094,0.747501708142482,8.883461336504722e-15,0.9516317575768967
13,0.2497728313615229,0.7502271686384767,3.8312972918063584e-16,0.9521305324786986
14,0.2470677312978453,0.7529322687021548,1.633326009918039e-17,0.9526060952966509
15,0.2443830917163269,0.7556169082836731,6.885639832795263e-19,0.9530576560844531
16,0.24171900808583827,0.7582809919141618,2.871813225323013e-20,0.9534844104648115
17,0.23907557131607984,0.7609244286839202,1.1855505360068455e-21,0.9538855403910257
18,0.2364528677785644,0.7635471322214357,4.8468912344378687e-23,0.9542602149805134
19,0.23385097932669033,0.7661490206733096,1.963492341184281e-24,0.9546075914200878
20,0.23126998331484255,0.7687300166851574,7.886377648781083e-26,0.9549268159425696
21,0.2287099526164656,0.7712900473835343,3.1425660610124608e-27,0.9552170248738809
22,0.2261709556410703,0.7738290443589297,1.2432034397723864e-28,0.9554773457495522
23,0.22365305635014665,0.7763469436498533,4.88606984410346e-30,0.9557068984990871
24,0.22115631427197313,0.778843685728027,1.90924484311323e-31,0.9559047966964103
25,0.2186807845153216,0.7813192154846784,7.423156292756826e-33,0.9560701488741274
26,0.21622651778207733,0.7837734822179228,2.874063759522073e-34,0.9562020598991388
27,0.21379356037880282,0.7862064396211973,1.1090610547457317e-35,0.9562996324065981
28,0.2113819542272916,0.7886180457727084,4.269235748637716e-37,0.9563619682890498
29,0.20899173687416936,0.7910082631258307,1.64088388266395e-38,0.9563881702370962
30,0.20662294149961596,0.793377058500384,6.303010448710326e-40,0.9563773433276609
31,0.20427559692529232,0.7957244030747076,2.422038272881668e-41,0.9563285966556293
32,0.20194972762157137,0.7980502723784286,9.319803107146405e-43,0.9562410450042405
33,0.199645353714182,0.8003546462858181,3.5947066921536195e-44,0.9561138105494209
34,0.19736249099038805,0.802637509009612,1.391221183627338e-45,0.9559460245929006
35,0.1951011509048333,0.8048988490951666,5.408229841627684e-47,0.9557368293187276
36,0.19286134058519566,0.8071386594148043,2.1139473502767646e-48,0.9554853795675542
37,0.1906430628377986,0.8093569371622014,8.317044061263402e-50,0.9551908446228518
38,0.188446316153341,0.811553683846659,3.2971262697603316e-51,0.9548524100031058
39,0.18627109471290776,0.8137289052870923,1.3184033285738175e-52,0.9544692792537495
40,0.18411738839443434,0.8158826116055656,5.323022017754021e-54,0.9540406757326341
41,0.18198518277979941,0.8180148172202005,2.172259261832114e-55,0.9535658443826327
42,0.17987445916272435,0.8201255408372757,8.969082582635908e-57,0.9530440534849656
43,0.1777851945576607,0.8222148054423392,3.750582318953275e-58,0.9524745963867975
44,0.17571736170984917,0.8242826382901508,1.589956821548918e-59,0.9518567931967628
45,0.17367092910672902,0.8263290708932709,6.839406651725144e-61,0.9511899924418861
46,0.17164586099088078,0.8283541390091193,2.988106642986157e-62,0.9504735726798133
47,0.16964211737467796,0.830357882625322,1.327097525531034e-63,0.9497069440600148
48,0.16765965405682232,0.8323403459431776,5.996647654322117e-65,0.9488895498280947
49,0.16569842264093054,0.8343015773590695,2.7591002318184257e-66,0.9480208677672863
50,0.1637583705563347,0.8362416294436653,1.2936525499688941e-67,0.947100411571627
51,0.16183944108125042,0.8381605589187495,6.185574483552805e-69,0.9461277321454641
52,0.15994157336846046,0.8400584266315395,3.018270574973941e-70,0.9451024188242433
53,0.158064702473648,0.841935297526352,1.503964909099747e-71,0.9440241005118758
54,0.1562087593865077,0.8437912406134922,7.657486114393707e-73,0.9428924467303336
55,0.1543736710647486,0.8456263289352514,3.986144879433843e-74,0.9417071685774712
56,0.15255936047109198,0.8474406395289079,2.122606234705409e-75,0.940468019589441
57,0.15076574661335373,0.8492342533866463,1.1567734565240812e-76,0.9391747965046074
58,0.1489927445876882,0.8510072554123118,6.454830157234149e-78,0.9378273399260946
59,0.14724026562505593,0.8527597343749441,3.68940562795236e-79,0.936425534880781
60,0.14550821714096432,0.8544917828590357,2.160843130894251e-80,0.9349693112728097
61,0.14379650278851408,0.856203497211486,1.2972647509368912e-81,0.9334586442303009
62,0.1421050225147709,0.8578949774852291,7.985450917151174e-83,0.9318935543443037
63,0.14043367262046674,0.8595663273795333,5.041348961072944e-84,0.9302741077996298
64,0.13878234582301835,0.8612176541769817,3.2648730725862434e-85,0.928600416397528
65,0.1371509313228385,0.8628490686771616,2.1693973199122535e-86,0.9268726374707766
66,0.13553931487289908,0.864460685127101,1.4792176834189317e-87,0.9250909736921183
67,0.13394737885149055,0.8660526211485094,1.035139194143331e-88,0.9232556727774917
68,0.13237500233810887,0.867624997661891,7.434979053316533e-90,0.9213670270858603
69,0.13082206119238765,0.8691779388076123,5.481552386155102e-91,0.9194253731179746
70,0.12928842813597946,0.8707115718640205,4.148462551995437e-92,0.9174310909166774
71,0.12777397283727834,0.8722260271627218,3.222824370301438e-93,0.9153846033718597
72,0.12627856199886298,0.8737214380011371,2.570086734243255e-94,0.9132863754334133
73,0.12480205944753123,0.8751979405524688,2.1038112492224847e-95,0.9111369132360028
74,0.12334432622678246,0.8766556737732175,1.7676275305086585e-96,0.9089367631395975
75,0.12190522069159913,0.878094779308401,1.5242928764527224e-97,0.906686510690172
76,0.12048459860536717,0.8795154013946328,1.3489646423191453e-98,0.9043867795050657
77,0.11908231323876944,0.8809176867612306,1.2250129086630455e-99,0.9020382300878775
78,0.11769821547047794,0.882301784529522,1.1413934478626776e-100,0.8996415585777412
79,0.11633215388946601,0.883667846110534,1.0910007568273383e-101,0.8971974954382319
80,0.11498397489875736,0.8850160251012427,1.0696562411506198e-102,0.8947068040910546
81,0.11365352282042233,0.8863464771795776,1.0755288948105075e-103,0.8921702794999046
82,0.11234064000163352,0.8876593599983664,1.108875694766315e-104,0.8895887467099165
83,0.11104516692158577,0.8889548330784142,1.172050500964771e-105,0.8869630593480835
84,0.10976694229908888,0.8902330577009111,1.269778898075483e-106,0.8842940980901539
85,0.10850580320063874,0.8914941967993611,1.4097435424729256e-107,0.8815827690993722
86,0.10726158514877478,0.8927384148512252,1.603580912337334e-108,0.8788300024424789
87,0.10603412223053242,0.8939658777694676,1.8684689276536152e-109,0.8760367504882063
88,0.10482324720580193,0.8951767527941981,2.2296046941021904e-110,0.8732039862935178
89,0.10362879161540918,0.8963712083845907,2.7240631012280094e-111,0.8703327019826226
90,0.1024505858887362,0.8975494141112638,3.406841417934491e-112,0.8674239071237183
91,0.10128845945070462,0.8987115405492954,4.3604207404235417e-113,0.864478627108191
92,0.10014224082795196,0.899857759172048,5.710067059350072e-114,0.8614979015369177
93,0.0990117577540329,0.9009882422459671,7.6486280553387735e-115,0.8584827826180044
94,0.09789683727348818,0.9021031627265118,1.047725168649479e-115,0.855434333580191
95,0.09679730584462684,0.9032026941553731,1.467316102669441e-116,0.8523536271058634
96,0.09571298944087757,0.9042870105591224,2.10040291474971e-117,0.8492417437874353
97,0.09464371365057002,0.90535628634943,3.0723710515112612e-118,0.8460997706105905
98,0.09358930377501636,0.9064106962249836,4.5911962374855674e-119,0.8429287994676492
99,0.09254958492477118,0.9074504150752288,7.007254105940552e-120,0.8397299257041024
