Generation,xOC,xOB,xMM,W_average
0,0.2,0.1,0.7,0.13195244060486785
1,0.2549083352748407,0.1296599594952335,0.6154317052299259,0.1665410928554541
2,0.312198696029046,0.16255099246294033,0.5252503115080137,0.18983563403860804
3,0.3634421611201889,0.1951274730256219,0.44143036585418927,0.19842406528657258
4,0.4035345967961514,0.22500039751905063,0.371465005684798,0.19623280162932377
5,0.4320893277640248,0.2516233343369596,0.31628733789901564,0.18876231275387875
6,0.4511403307904739,0.27542070937923213,0.27343895983029404,0.1796130784109606
7,0.4630830156767529,0.2969928018504604,0.23992418247278674,0.17048697223340883
8,0.4699015825019537,0.31682503611340607,0.21327338138464028,0.16202603190055204
9,0.47307108761669614,0.3352534858985673,0.19167542648473657,0.15439538414785975
10,0.47365286732014183,0.35249945923662424,0.17384767344323393,0.14757158125328906
11,0.47240741919690266,0.3687081481472562,0.15888443265584115,0.14146845016592458
12,0.4698831203473443,0.3839773177920813,0.14613956186057447,0.13598818694347545
13,0.46647898251825326,0.39837621960975195,0.13514479787199485,0.13104027297645254
14,0.4624877722622362,0.4119574484713879,0.12555477926637598,0.12654705372863714
15,0.45812562719550726,0.42476415522791133,0.11711021757658144,0.12244406004580291
16,0.4535526336362392,0.43683431091581626,0.10961305544794459,0.11867848072969399
17,0.4488873580001709,0.44820313433656833,0.10290950766326082,0.11520718822653057
18,0.44421728730603083,0.45890439373574293,0.09687831895822627,0.11199485972463417
19,0.43960645469107784,0.46897103263497664,0.09142251267394552,0.10901237144309953
20,0.4351010909332033,0.47843540304200066,0.08646350602479601,0.10623549417378694
21,0.4307338652929359,0.4873292827356221,0.08193685197144199,0.1036438616285552
22,0.4265271002385703,0.49568378522887896,0.07778911453255069,0.10122016650771878
23,0.42249522790674593,0.5035292275113814,0.07397554458187267,0.0989495388875343
24,0.41864667857899374,0.5108949930107903,0.07045832841021588,0.09681906715124963
25,0.4149853388673517,0.5178094098122475,0.06720525132040073,0.09481742879029029
26,0.4115116809142517,0.5242996534312255,0.06418866565452272,0.09293460516475134
27,0.40822363822067315,0.5303916770005994,0.061384684778727376,0.091161660105476
28,0.40511728523013113,0.536110168064098,0.05877254670577084,0.08949056694663501
29,0.4021873642632589,0.5414785292499207,0.05633410648682032,0.08791407228679611
30,0.39942769334081457,0.5465188792626456,0.05405342739653971,0.08642558764406158
31,0.39683148086261955,0.5512520704427379,0.05191644869464252,0.08501910235993995
32,0.3943915673502657,0.5556977193196968,0.04991071333003747,0.08368911276323454
33,0.39210061004099495,0.5598742469487656,0.0480251430102394,0.08243056385125597
34,0.3899512227036902,0.5637989262619112,0.04624985103439864,0.08123880067885074
35,0.38793608039260385,0.5674879341158778,0.044575985491518345,0.08010952734260555
36,0.3860479967815676,0.570956406146812,0.04299559707162041,0.07903877196703082
37,0.3842799800975752,0.5742184929238116,0.0415015269786132,0.07802285648638337
38,0.3826252723970529,0.5772874162256294,0.04008731137731759,0.07705837030390046
39,0.3810773759239806,0.5801755245451672,0.03874709953085214,0.0761421471249565
40,0.3796300694972234,0.5828943471585439,0.03747558334423266,0.07527124442097756
41,0.3782774172492671,0.5854546462844475,0.03626793646628526,0.07444292510094697
42,0.37701377154447235,0.5878664670108658,0.03511976144466176,0.07365464105746432
43,0.37583377151420727,0.5901391847858346,0.034027043699957994,0.07290401832231856
44,0.3747323383370444,0.5922815503618349,0.03298611130112058,0.0721888436181292
45,0.373704668147519,0.594301732154647,0.03199359969783394,0.0715070521320144
46,0.37274622326329643,0.596207356030958,0.03104642070574549,0.07085671636758323
47,0.37185272226737437,0.5980055425783012,0.03014173515432435,0.07023603595512258
48,0.37102012936076867,0.5997029419389173,0.029276928700314047,0.06964332831834762
49,0.3702446433053717,0.6013057663082831,0.02844959038634512,0.06907702011077235
50,0.36952268620107936,0.6028198202113243,0.02765749358759629,0.06853563934655255
51,0.36885089228169493,0.604250528676308,0.026898579041996936,0.06801780816024577
52,0.36822609686723806,0.6056029634293926,0.026170939703369266,0.06752223613783745
53,0.3676453255734884,0.6068818672327951,0.02547280719371637,0.0670477141679702
54,0.36710578385080034,0.6080916764873507,0.024802539661848862,0.06659310876787734
55,0.36660484690177886,0.6092365422164897,0.024158610881731418,0.06615735684326589
56,0.36614005000999184,0.610320349543862,0.02353960044614612,0.06573946084549215
57,0.3657090792984656,0.6113467357713533,0.022944184930181116,0.06533848429293232
58,0.3653097629264337,0.6123191071583612,0.022371129915205117,0.06495354762658104
59,0.36494006272502144,0.6132406544971519,0.02181928277782669,0.0645838243726724
60,0.3645980662667233,0.6141143675730482,0.02128756616022854,0.06422853758757542
61,0.36428197935924805,0.6149430485922381,0.02077497204851378,0.06388695656241293
62,0.36399011895123096,0.6157293246542145,0.020280556394554512,0.06355839376682258
63,0.36372090643518307,0.6164756593403152,0.01980343422450167,0.06324220201305447
64,0.3634728613316487,0.6171843634845775,0.019342775183773784,0.0629377718232042
65,0.36324459533771,0.6178576051881528,0.01889779947413725,0.06264452898383131
66,0.3630348067225791,0.6184974191338758,0.01846777414354513,0.06236193227353176
67,0.36284227505294797,0.6191057152532328,0.018052009693819274,0.062089471350231115
68,0.362665856230941,0.6196842867939292,0.017649856975129816,0.06182666478605399
69,0.36250447782787476,0.620234817832504,0.017260704339621305,0.06157305823862095
70,0.3623571346975134,0.6207588902729669,0.016883975029519785,0.06132822274852712
71,0.362222884853089,0.621257990369227,0.016519124777684125,0.06109175315358781
72,0.36210084559299066,0.621733514806125,0.01616563960088439,0.060863266611188585
73,0.3619901898607005,0.6221867763711597,0.01582303376813993,0.06064240122077082
74,0.361890142825244,0.6226190092464917,0.015490847928264342,0.06042881473911376
75,0.36179997866911684,0.62303137394851,0.015168647382373179,0.0602221833816548
76,0.36171901757133507,0.6234249619401263,0.014856020488538669,0.06002220070361742
77,0.3616466228739311,0.6238007999390229,0.01455257718704594,0.059828576555202725
78,0.36158219842086736,0.6241598539432963,0.014257947635836347,0.059641036105545706
79,0.3615251860589704,0.6245030329942974,0.013971780946732229,0.059459318930544
80,0.36147506329109086,0.624831192694971,0.013693744013938193,0.05928317816004404
81,0.3614313410722695,0.6251451385006112,0.013423520427119418,0.05911237968021001
82,0.36139356174023657,0.6254456287976848,0.013160809462078598,0.05894670138721945
83,0.3613612970720915,0.6257333777852089,0.01290532514269961,0.05878593248871825
84,0.36133414645949974,0.6260090581720941,0.01265679536840616,0.05862987284973445
85,0.3613117351952069,0.6262733037028879,0.012414961101905141,0.058478332379996334
86,0.3612937128641082,0.6265267115234382,0.012179575612453466,0.05833113045982531
87,0.36127975183252187,0.6267698443971682,0.011950403770309762,0.05818809540198273
88,0.36126954582970117,0.6270032327818854,0.011727221388413284,0.058049063947040125
89,0.36126280861598564,0.6272273767763378,0.011509814607676418,0.05791388079002044
90,0.3612592727323323,0.6274427479450795,0.011297979322588003,0.057782398136219125
91,0.36125868832628805,0.6276497910296058,0.011091520644105915,0.05765447528426454
92,0.36126082204976695,0.6278489255531607,0.010890252397072078,0.05752997823461616
93,0.3612654560242782,0.6280405473261076,0.01069399664961395,0.05740877932182591
94,0.3612723868695148,0.6282250298582789,0.01050258327220608,0.05729075686900776
95,0.3612814247914635,0.6284027256842806,0.01031584952425563,0.05717579486306754
96,0.3612923927264284,0.6285739676073225,0.010133639666248868,0.057063782649349144
97,0.36130512553758026,0.6287390698667664,0.009955804595653086,0.056954614644443305
98,0.36131946926084996,0.6288983292342379,0.00978220150491191,0.05684819006599465
99,0.36133528039717494,0.6290520260428221,0.009612693560002784,0.05674441267842048
100,0.36135242524829114,0.6292004251535639,0.00944714959814479,0.056643190553530766
101,0.36137077929343103,0.6293437768632147,0.009285443843354026,0.056544435845106045
102,0.3613902266044481,0.6294823177569083,0.009127455638643466,0.056448064576555455
103,0.361410659297038,0.6296162715092065,0.008973069193755448,0.05635399644083395
104,0.36143197701586716,0.6297458496367343,0.008822173347398482,0.056262154611855394
105,0.3614540864515514,0.629871252205412,0.008674661343036622,0.05617246556668713
106,0.36147690088755047,0.6299926684950996,0.008530430617349889,0.05608485891785939
107,0.36150033977516205,0.6301102776242892,0.008389382600548728,0.05599926725516791
108,0.3615243283349073,0.630224249137308,0.008251422527784673,0.05591562599638798
109,0.3615487971827023,0.6303347435563438,0.00811645926095389,0.05583387324635622
110,0.3615736819793077,0.6304419129004518,0.00798440512024037,0.055753949663912554
111,0.3615989231016383,0.6305459011735699,0.007855175724791698,0.05567579833622732
112,0.36162446533459963,0.6306468448234375,0.007728689841962824,0.0555993646600684
113,0.36165025758219993,0.6307448731731975,0.007604869244602507,0.05552459622959345
114,0.36167625259675995,0.6308401088273468,0.007483638575893266,0.05545144273027735
115,0.36170240672511433,0.6309326680535965,0.007364925221289097,0.05537985583861053
116,0.36172867967076494,0.6310226611421089,0.007248659187126099,0.055309789127227255
117,0.36175503427100875,0.6311101927434815,0.00713477298550971,0.055241197975143305
118,0.3617814362881228,0.6311953621867684,0.007023201525108665,0.05517403948280429
119,0.3618078542137424,0.6312782637787473,0.0069138820075102725,0.05510827239166301
120,0.36183425908562217,0.6313589870855635,0.006806753828814266,0.055043857008022765
121,0.36186062431601834,0.6314376171978181,0.006701758486163507,0.05498075513090009
122,0.3618869255309753,0.6315142349800954,0.006598839488929315,0.05491892998367414
123,0.36191314041984485,0.6315889173058679,0.006497942274287296,0.05485834614930632
124,0.36193924859440574,0.6316617372786579,0.006399014126936359,0.054798969508925814
125,0.3619652314569893,0.6317327644402815,0.006302004102729225,0.05474076718358888
126,0.3619910720770542,0.6318020649669485,0.006206862955997269,0.054683707479033034
127,0.36201675507568626,0.6318697018539476,0.00611354307036604,0.05462775983325607
128,0.36204226651753024,0.6319357350895993,0.006021998392870417,0.05457289476676189
129,0.3620675938096927,0.6320002218191172,0.005932184371190037,0.05451908383532342
130,0.36209272560718125,0.6320632164989821,0.005844057893836599,0.05446629958512302
131,0.36211765172447213,0.6321247710423931,0.005757577233134807,0.05441451551013777
132,0.36214236305282393,0.6321849349563279,0.0056727019908482295,0.05436370601164591
133,0.3621668514829778,0.632243755470712,0.005589393046310215,0.054313846359738
134,0.3621911098329064,0.6323012776601652,0.005507612506928306,0.05426491265672292
135,0.3622151317802953,0.6323575445587664,0.005427323660938313,0.05421688180232499
136,0.3622389117994584,0.6324125972682502,0.0053484909322914585,0.05416973146057547
137,0.36226244510240957,0.6324664750600257,0.005271079837564769,0.05412344002830688
138,0.3622857275838272,0.6325192154713817,0.005195056944791226,0.05407798660516355
139,0.36230875576966637,0.6325708543962216,0.005120389834112103,0.05403335096504743
140,0.3623315267691876,0.632621426170653,0.005047047060159491,0.0539895135289227
141,0.36235403823018586,0.632670963653732,0.0049749981160822025,0.053946455338906685
142,0.36237628829721596,0.6327194983036509,0.004904213399133113,0.05390415803357967
143,0.3623982755726248,0.6327670602496346,0.004834664177740604,0.053862603824448865
144,0.3624199990802102,0.6328136783597987,0.0047663225599910266,0.053821775473506674
145,0.3624414582313401,0.6328593803052067,0.0046991614634531555,0.053781656271825656
146,0.36246265279337303,0.6329041926203476,0.004633154586279386,0.053742230019137055
147,0.36248358286023374,0.6329481407602443,0.004568276379521959,0.05370348100434157
148,0.362504248825005,0.6329912491543892,0.004504502020605872,0.05366539398690459
149,0.36252465135440526,0.6330335412576915,0.004441807387903238,0.05362795417909075
150,0.3625447913650317,0.6330750395986114,0.004380169036356835,0.05359114722899526
151,0.3625646700012533,0.6331157658246434,0.004319564174103346,0.05355495920433109
152,0.3625842886146478,0.6331557407453028,0.004259970640049424,0.053519376576934334
153,0.36260364874488205,0.6331949843727618,0.0042013668823561645,0.05348438620795175
154,0.3626227521019416,0.6332335159602684,0.004143731937789885,0.05344997533367613
155,0.3626416005496221,0.6332713540384786,0.004087045411899318,0.05341613155199768
156,0.3626601960901989,0.6333085164498197,0.0040312874599813505,0.05338284280944031
157,0.362678540850199,0.6333450203810015,0.003976438768799425,0.05335009738875507
158,0.36269663706720157,0.6333808823937779,0.003922480539020504,0.05331788389704238
159,0.36271448707759973,0.6334161184540619,0.003869394468338279,0.05328619125437809
160,0.3627320933052607,0.6334507439594873,0.0038171627352518904,0.05325500868291879
161,0.3627494582510233,0.6334847737655056,0.0037657679834709984,0.05322432569646276
162,0.36276658448297866,0.6335182222101017,0.0037151933069194875,0.05319413209044543
163,0.36278347462748084,0.6335511031372075,0.00366542223531146,0.053164417932348336
164,0.36280013136083883,0.6335834299188865,0.003616438720274482,0.05313517355250162
165,0.3628165574016446,0.633615215476359,0.003568227121996267,0.05310638953526215
166,0.36283275550369365,0.6336464722999341,0.003520772196372154,0.053078056710548924
167,0.36284872844945865,0.6336772124679094,0.003474059082631821,0.0530501661457197
168,0.3628644790440782,0.6337074476644969,0.003428073291424734,0.05302270913777258
169,0.362880010109826,0.6337371891968291,0.0033828006933448035,0.05299567720585764
170,0.3628953244810272,0.633766448011097,0.0033382275078756582,0.05296906208408432
171,0.36291042499939163,0.6337952347078695,0.0032943402927388273,0.05294285571461136
172,0.3629253145097351,0.6338235595566368,0.003251125933627965,0.052917050241005716
173,0.3629399958560615,0.6338514325096253,0.003208571634313036,0.05289163800185945
174,0.3629544718779814,0.6338788632149193,0.0031666649070991397,0.05286661152465151
175,0.3629687454074428,0.6339058610289316,0.0031253935636253623,0.052841963519844874
176,0.3629828192657526,0.6339324350282575,0.003084745705989718,0.05281768687520761
177,0.36299669626086845,0.6339585940209445,0.0030447097181868924,0.05279377465034841
178,0.3630103791849412,0.6339843465572125,0.003005274257846098,0.0527702200714571
179,0.36302387081209064,0.6340097009396523,0.0029664282482569394,0.052747016526240934
180,0.3630371738963972,0.6340346652329308,0.0029281608706717335,0.05272415755904853
181,0.36305029117009513,0.6340592472730314,0.0028904615568732446,0.052701636866173185
182,0.3630632253419507,0.6340834546760518,0.0028533199819973,0.0526794482913274
183,0.36307597909581396,0.6341072948465856,0.0028167260576002153,0.05265758582128235
184,0.36308855508932975,0.6341307749857086,0.0027806699249614095,0.052636043581664
185,0.3631009559527966,0.6341539020985911,0.0027451419486120144,0.052614815832900404
186,0.36311318428816286,0.6341766830017562,0.002710132710080686,0.05259389696631297
187,0.36312524266814894,0.6341991243300026,0.002675633001848217,0.05257328150034619
188,0.3631371336354869,0.63422123254301,0.0026416338215029065,0.05255296407693007
189,0.36314885970226773,0.6342430139316431,0.002608126366089,0.05253293945796911
190,0.3631604233493883,0.6342644746239707,0.002575102026640838,0.05251320252195389
191,0.36317182702608997,0.6342856205910142,0.0025425523828956757,0.05249374826068878
192,0.3631830731495819,0.6343064576522396,0.0025104691981784246,0.05247457177613247
193,0.36319416410474203,0.6343269914808061,0.002478844414451871,0.05245566827734554
194,0.3632051022438893,0.6343472276085845,0.0024476701475261813,0.052437033077541745
195,0.3632158898866219,0.6343671714309563,0.0024169386824217797,0.052418661591238216
196,0.3632265293197152,0.6343868282114049,0.0023866424688799197,0.0524005493315011
197,0.36323702279707504,0.6344062030859094,0.002356774117015519,0.05238269190728244
198,0.363247372539741,0.634425301067152,0.0023273263931070437,0.05236508502084531
199,0.3632575807359359,0.6344441270485457,0.0022982922155184472,0.05234772446527293
