Generation,xOC,xOB,xMMd,xMMr,total xMM
0.0,0.3,0.2,0.2,0.3,0.5
0.5454545454545454,0.42245490111373274,0.1555209873085307,0.1889509132792333,0.23307319829850318,0.42202411157773645
1.0909090909090908,0.5013996840703449,0.12247429572443105,0.18863036439676517,0.18749565580845864,0.3761260202052238
1.6363636363636362,0.5472215336231051,0.09868393336490812,0.1981898433938842,0.15590468961810233,0.35409453301198657
2.1818181818181817,0.5727574930427889,0.08060263428769544,0.21508522578714528,0.1315546468823702,0.34663987266951546
2.727272727272727,0.5862422921118361,0.06598540464530754,0.23706799611522805,0.11070430712762801,0.3477723032428561
3.2727272727272725,0.5924214705910231,0.05366992724175658,0.26218352412434937,0.09172507804287064,0.35390860216722
3.818181818181818,0.5940643825882722,0.043116191163325115,0.2886059230492744,0.0742135031991279,0.3628194262484023
4.363636363636363,0.5928963707573458,0.034095634227254264,0.3146352496444254,0.058372745370974054,0.37300799501539944
4.909090909090908,0.5900910441916853,0.026504881654502176,0.33882746100169164,0.044576613152120345,0.383404074153812
5.454545454545454,0.5864978165077431,0.020260735196206577,0.3601515435156702,0.03308990478037968,0.3932414482960499
6.0,0.5827282530436911,0.015252095393535418,0.37807284150591836,0.02394681005685477,0.40201965156277314
6.0,0.5827282530436911,0.015252095393535418,0.37807284150591836,0.02394681005685477,0.40201965156277314
7.2,0.7157368291352938,0.014771527245214865,0.24599949334849353,0.02349215027099715,0.2694916436194907
8.4,0.7605953454622655,0.0186657402368829,0.1866895214119324,0.03404939288891829,0.22073891430085069
9.6,0.7687658767590265,0.02574235447842937,0.1482553607920228,0.05723640797051982,0.20549176876254263
10.8,0.7540421509976962,0.03458217025217884,0.1135572261219417,0.09781845262818055,0.21137567875012225
12.0,0.7237602656394458,0.04156926188387613,0.07875097461852368,0.15591949785815015,0.23467047247667383
12.0,0.7237602656394458,0.04156926188387613,0.07875097461852368,0.15591949785815015,0.23467047247667383
13.2,0.652369544399742,0.035559423179279355,0.13839541818069337,0.17367561424027975,0.3120710324209731
14.4,0.6258562232720218,0.025257678033019156,0.20013339147612177,0.14875270721883094,0.3488860986949527
15.6,0.6124536110583207,0.016252563392625,0.26479096523711126,0.1065028603119364,0.37129382554904766
16.8,0.6001575745090851,0.009606921283331427,0.32576593909768015,0.06446956510989674,0.3902355042075769
18.0,0.5880292369015433,0.005243719240251282,0.3732247279701621,0.03350231588803724,0.40672704385819936
18.0,0.5880292369015433,0.005243719240251282,0.3732247279701621,0.03350231588803724,0.40672704385819936
19.2,0.7192159737006428,0.005062126565614799,0.24243397283322451,0.03328792690050885,0.27572189973373334
20.4,0.7625756204566516,0.0063212610777070785,0.1826142979612095,0.048488820504417184,0.2311031184656267
21.6,0.7684585966486513,0.008465575142549434,0.1420977627565503,0.08097806545222475,0.22307582820877506
22.8,0.7499815960284688,0.010728414203226263,0.10435965218952827,0.13493033757873824,0.2392899897682665
24.0,0.7157254223394648,0.01175611922451903,0.06765970423106771,0.20485875420489258,0.2725184584359603
24.0,0.7157254223394648,0.01175611922451903,0.06765970423106771,0.20485875420489258,0.2725184584359603
25.2,0.6520606852507226,0.00939720030372148,0.11281954483989073,0.22572256960559886,0.3385421144454896
26.4,0.6303357580814252,0.006506287063829608,0.16084747050584886,0.20231048434882284,0.3631579548546717
27.6,0.6207638930168441,0.004231707625666732,0.21637651333779867,0.15862788601961192,0.3750043993574106
28.8,0.6113751745417335,0.0026028439356584666,0.27771769532148005,0.10830428620104712,0.3860219815225272
30.0,0.5994349920960638,0.0014959884779301546,0.3356376456956874,0.06343137373023985,0.3990690194259272
30.0,0.5994349920960638,0.0014959884779301546,0.3356376456956874,0.06343137373023985,0.3990690194259272
31.2,0.7174499781967779,0.0014386613243632495,0.21522360934277612,0.06588775113596923,0.28111136047874535
32.4,0.7493472475833006,0.001699106544402623,0.1541364526595554,0.09481719321256366,0.24895364587211904
33.6,0.7419767154776444,0.002016642031659285,0.10836886863947894,0.14763777385094282,0.25600664249042177
34.8,0.7124988074809152,0.0021238930120635246,0.06844177754563774,0.21693552196099164,0.2853772995066294
36.0,0.6770766321267218,0.001888341873796248,0.03759550565584987,0.2834395203431267,0.32103502599897654
36.0,0.6770766321267218,0.001888341873796248,0.03759550565584987,0.2834395203431267,0.32103502599897654
37.2,0.6383058431654339,0.0013686620042606366,0.05579495795150835,0.3045305368782219,0.36032549482973025
38.4,0.6268209398276168,0.000921816814519836,0.0761713023036867,0.29608594105354136,0.37225724335722804
39.6,0.6241718641526757,0.0006085139374132657,0.10206432293827969,0.273155298970936,0.37521962190921565
40.8,0.6235351118866284,0.00039853825050108443,0.13650659604711426,0.2395597538150003,0.37606634986211457
42.0,0.6218525872568654,0.0002578229930515227,0.1818578992471182,0.19603169050215366,0.3778895897492719
42.0,0.6218525872568654,0.0002578229930515227,0.1818578992471182,0.19603169050215366,0.3778895897492719
43.2,0.6807097537808342,0.0002195717964576178,0.10153191117619553,0.2175387632454447,0.3190706744216402
44.4,0.6765921803350684,0.00019009516126626482,0.05549773488949932,0.26771998961278975,0.3232177245022891
45.6,0.6555966248928008,0.00014997405111206639,0.02788385984511971,0.3163695412093001,0.3442534010544198
46.8,0.6367160646793647,0.00010753353957700585,0.01297164456725503,0.3502047572118898,0.36317640177914484
48.0,0.6246680266785396,7.235685964744502e-05,0.005748288676913179,0.36951132778277473,0.3752596164596879
48.0,0.6246680266785396,7.235685964744502e-05,0.005748288676913179,0.36951132778277473,0.3752596164596879
49.2,0.6171005193844551,4.672247364108056e-05,0.007377610841359082,0.3754751472982354,0.38285275813959446
50.4,0.6149220907673892,2.9783861930380062e-05,0.009325033734018594,0.3757230916341633,0.3850481253681819
51.6,0.6145210718800123,1.893048428886914e-05,0.011749198141767024,0.3737107994912309,0.38545999763299793
52.8,0.6147498510911754,1.2037436879887498e-05,0.014818872153973048,0.3704192393150507,0.38523811146902376
54.0,0.6152597685583534,7.668202145753793e-06,0.018743737775775694,0.3659888254605637,0.3847325632363394
54.0,0.6152597685583534,7.668202145753793e-06,0.018743737775775694,0.3659888254605637,0.3847325632363394
55.2,0.6194849649847294,5.001498833346757e-06,0.008164268346782723,0.37234576516617385,0.3805100335129566
56.4,0.6172789401553801,3.2318013252818445e-06,0.0035173207347921464,0.37920050730470445,0.3827178280394966
57.6,0.6149946463072856,2.064347760670436e-06,0.0015009956008546158,0.3835022937399823,0.3850032893408369
58.8,0.6135863669881263,1.3089675216345642e-06,0.0006369719857005915,0.38577535205420554,0.38641232403990616
60.0,0.6128491106148971,8.267654515672805e-07,0.00026953906823062775,0.3868805235466281,0.38715006261485874
60.0,0.6128491106148971,8.267654515672805e-07,0.00026953906823062775,0.3868805235466281,0.38715006261485874
61.2,0.612447023773701,5.210660791268062e-07,0.00033554803644547085,0.38721690711861356,0.38755245515505904
62.4,0.6123301069630331,3.2817575465535365e-07,0.0004173835753816473,0.38725218128027455,0.3876695648556562
63.6,0.6123063333837354,2.0665695720443384e-07,0.0005190836697847261,0.38717437628354145,0.38769345995332616
64.8,0.6123153813112238,1.3013628849070605e-07,0.0006455877655653338,0.38703890078048325,0.3876844885460486
66.0,0.61233887672017,8.19562384564442e-08,0.000803025078505147,0.38685801623815413,0.3876610413166593
