Generation,nOC,nOB,nMMd,nMMr,total nMM
0.0,0.26666666666666666,0.4,0.26666666666666666,0.06666666666666667,0.3333333333333333
0.5042016806722689,0.3539991161491269,0.34928129375958805,0.23656696984203557,0.06015262024924947,0.296719590091285
1.0084033613445378,0.39978443630318805,0.3197992936016852,0.22310046515406418,0.05731580494106241,0.2804162700951266
1.5126050420168067,0.4264135474918051,0.3001864146293078,0.2172336459500903,0.05616639192879675,0.27340003787888706
2.0168067226890756,0.44317413362440544,0.28572296792070867,0.21523160603238198,0.05587129242250394,0.2711028984548859
2.5210084033613445,0.4544921632813354,0.274172923183758,0.21530611910435427,0.05602879443055224,0.2713349135349065
3.0252100840336134,0.4626577011790065,0.26438964557379563,0.21652389854722667,0.056428754699971134,0.2729526532471978
3.5294117647058822,0.46891723980717687,0.255754452995272,0.21837226037019822,0.056956046827352835,0.275328307197551
4.033613445378151,0.47397201374224773,0.24792098632350507,0.22056093536385646,0.05754606457039078,0.27810699993424726
4.53781512605042,0.4782260996606525,0.24068896969752138,0.22292269855058322,0.05816223209124297,0.2810849306418262
5.042016806722689,0.4819172512105762,0.23393850825475931,0.2253603175854391,0.05878392294922526,0.28414424053466436
5.546218487394958,0.48518850441556133,0.22759472945837136,0.22781705394044302,0.05939971218562432,0.28721676612606734
6.050420168067227,0.48812829093842064,0.2216083522977228,0.23025984042012043,0.06000351634373612,0.2902633567638565
6.554621848739496,0.4907932493095974,0.21594486393426102,0.2326695336997131,0.060592353056428516,0.2932618867561416
7.0588235294117645,0.49322132516834505,0.2105784356540263,0.23503520969121452,0.06116502948641412,0.29620023917762867
7.563025210084033,0.4954393421639855,0.2054884808121848,0.23735080559860086,0.06172137142522873,0.2990721770238296
8.067226890756302,0.4974673995625792,0.20065769558652324,0.23961313539235932,0.06226176945853827,0.3018749048508976
8.571428571428571,0.4993214414302646,0.1960709348562612,0.24182071207938394,0.06278691163409018,0.3046076237134741
9.07563025210084,0.5010147576157491,0.19171456355000074,0.2439730513453576,0.06329762748889245,0.3072706788342501
9.579831932773109,0.5025588731342094,0.18757607436686458,0.24607025557442214,0.06379479692450377,0.3098650524989259
10.084033613445378,0.5039640755052622,0.18364385879429435,0.24811276745456118,0.06427929824588231,0.3123920657004435
10.588235294117647,0.5052397310818678,0.17990706519141447,0.25010122431934423,0.06475197940737348,0.3148532037267177
11.092436974789916,0.5063944816481422,0.17635550535473127,0.25203637048095495,0.06521364251617146,0.3172500129971264
11.596638655462185,0.5074363663247506,0.17297959034553748,0.25391900658719074,0.06566503674252112,0.31958404332971185
12.100840336134453,0.5083729023243267,0.16977028219265264,0.25574995970049835,0.06610685578252211,0.3218568154830205
12.605042016806722,0.509211139837935,0.16671905549911212,0.2575300664923336,0.06653973817061919,0.3240698046629528
13.109243697478991,0.5099577049089514,0.16381786416356894,0.25926016218265774,0.06696426874482193,0.32622443092747966
13.61344537815126,0.5106188284590317,0.1610591130354511,0.26094107693537394,0.06738098157014329,0.32832205850551727
14.117647058823529,0.5112003735831626,0.15843563105466774,0.2625736325745257,0.06779036278764396,0.33036399536216965
14.621848739495798,0.5117078579640925,0.15594064643200237,0.26415864185554444,0.06819285374836065,0.3323514956039051
15.126050420168067,0.5121464738807746,0.1535677634832448,0.2656969084462311,0.06858885418974955,0.3342857626359807
15.630252100840336,0.5125211066302044,0.15131094085900773,0.26718922710732257,0.06897872540346535,0.3361679525107879
16.134453781512605,0.5128363512808433,0.14916447018974122,0.2686363855703128,0.06936279295910266,0.3379991785294154
16.63865546218487,0.5130965297455399,0.14712295619891141,0.27003916463161315,0.06974134942393558,0.33978051405554877
17.142857142857142,0.5133057054423384,0.14518130011545313,0.271398336671529,0.07011465777067938,0.34151299444220834
17.647058823529413,0.5134676976988594,0.14333467920182638,0.27271467022333656,0.07048295287597783,0.34319762309931434
18.15126050420168,0.513586093751331,0.14157853205102916,0.2739889296922255,0.07084644450541427,0.34483537419763977
18.655462184873947,0.5136642605291397,0.13990854264304398,0.27522187725333574,0.07120531957448054,0.34642719682781625
19.159663865546218,0.5137053600629484,0.13832062500196105,0.2764142711985124,0.07155974373657813,0.34797401493509056
19.66386554621849,0.5137123634138325,0.1368109086072328,0.277566865043419,0.07190986293551563,0.3494767279789346
20.168067226890756,0.5136880577815522,0.13537572604245107,0.2786804106831202,0.07225580549287645,0.35093621617599663
20.672268907563023,0.513635056150214,0.13401160139802754,0.27975565826159865,0.07259768419015974,0.3523533424517584
21.176470588235293,0.5135558014439674,0.13271523940929703,0.2807933609685215,0.07293559817821392,0.35372895914673536
21.680672268907564,0.5134525895567414,0.1314835117487223,0.28179426611413844,0.0732696325803979,0.35506389869453636
22.18487394957983,0.5133275699194043,0.13031344877455814,0.28275912037959605,0.07359986092644148,0.3563589813060376
22.6890756302521,0.5131827519856701,0.12920223045220344,0.28368867097509215,0.07392634658703436,0.3576150175621265
23.19327731092437,0.5130200174288639,0.1281471764443797,0.2845836628923893,0.07424914323436702,0.35883280612675633
23.69747899159664,0.5128411257045394,0.1271457382377948,0.28544483994584247,0.07456829611182325,0.3600131360576657
24.201680672268907,0.5126477201954763,0.12619549156489782,0.2862729451528283,0.07488384308679767,0.361156788239626
24.705882352941174,0.5124413353659063,0.12529412958746555,0.2870687197532089,0.07519581529341936,0.3622645350466283
25.210084033613445,0.5122234051338999,0.12443945427876624,0.28783290263839273,0.07550423794894111,0.36333714058733385
25.714285714285715,0.5119952661416814,0.12362937092948566,0.288566231594125,0.0758091313347079,0.3643753629288329
26.218487394957982,0.511758165330403,0.1228618824036639,0.28926944118731984,0.07611051107861334,0.36537995226593317
26.72268907563025,0.511513259447969,0.12213508589776106,0.28994326528099335,0.07640838937327657,0.36635165465426994
27.22689075630252,0.5112616214799083,0.12144716711718494,0.2905884359413842,0.07670277546152271,0.3672912114029069
27.73109243697479,0.511004263803175,0.1207963884648489,0.2912056737930272,0.07699367393894899,0.3681993477319762
28.235294117647058,0.5107421188243357,0.12018109272710936,0.2917957002619236,0.07728108818663122,0.3690767884485548
28.739495798319325,0.5104760456892462,0.1195996974464308,0.29235923627508476,0.07756502058923824,0.369924256864323
29.243697478991596,0.5102068461915363,0.11905068839430959,0.2928969942588118,0.0778454711553424,0.3707424654141542
29.747899159663866,0.5099352637403568,0.11853261693293382,0.2934096807443555,0.07812243858235389,0.3715321193267094
30.252100840336134,0.5096619824125334,0.11804409755880245,0.29389799879206996,0.07839592123659424,0.37229392002866424
30.7563025210084,0.5093876354303226,0.11758380357730086,0.2943626443063069,0.07866591668606959,0.37302856099237647
31.26050420168067,0.5091128070136015,0.11715046439417065,0.29480430643927547,0.07893242215295235,0.37373672859222784
31.764705882352942,0.5088380341136971,0.11674286294017068,0.2952236679981502,0.07919543494798208,0.3744191029461323
32.26890756302521,0.5085638105667735,0.11635983278720372,0.2956214041728471,0.07945495247317563,0.37507635664602273
32.773109243697476,0.5082905894265664,0.11600025574941228,0.2959981823611043,0.07971097246291713,0.3757091548240214
33.27731092436974,0.5080187853707355,0.11566305960501161,0.2963546618565167,0.07996349316773613,0.3763181550242528
33.78151260504202,0.5077487772797196,0.1153472158937079,0.29669149335451683,0.08021251347205562,0.37690400682657244
34.285714285714285,0.5074809104033361,0.11505173792815858,0.2970093186363219,0.08045803303218341,0.37746735166850526
34.78991596638655,0.5072154985894104,0.11477567884680459,0.2973087701858668,0.08070005237791814,0.378008822563785
35.294117647058826,0.5069528262198302,0.11451812985988076,0.29759047090341545,0.08093857301687364,0.3785290439202891
35.79831932773109,0.5066931501663758,0.11427821855043122,0.2978550337744607,0.08117359750873217,0.37902863128319286
36.30252100840336,0.506436701524781,0.11405510733627786,0.29810306159986155,0.0814051295390795,0.3795081911389411
36.80672268907563,0.5061836874239805,0.11384799195618531,0.29833514666169025,0.081633173958144,0.37996832061983427
37.310924369747895,0.5059342926289363,0.11365610005644895,0.29855187048797466,0.08185773682664006,0.3804096073146147
37.81512605042017,0.5056886809110233,0.11347868991771862,0.29875380370207194,0.08207882546918609,0.38083262917125804
38.319327731092436,0.5054469965262944,0.11331504919811018,0.2989415057848333,0.082296448490762,0.38123795427559526
38.8235294117647,0.5052093656369454,0.11316449371307422,0.2991155248674741,0.08251061578250632,0.3816261406499804
39.32773109243698,0.5049758973770734,0.11302636648553616,0.2992763975857445,0.0827213385516459,0.38199773613739035
39.831932773109244,0.5047466853213189,0.11290003650060611,0.29942464888740294,0.08292862929067206,0.382353278178075
40.33613445378151,0.5045218084409566,0.11278489779517303,0.29956079197071694,0.08313250179315346,0.3826932937638704
40.84033613445378,0.5043013320621957,0.1126803685411302,0.2996853282388853,0.08333297115778876,0.38301829939667403
41.344537815126046,0.5040853089438088,0.11258589013058538,0.2997987471663543,0.08353005375925165,0.38332880092560595
41.84873949579832,0.5038737802601775,0.1125009262620495,0.29990152625583644,0.08372376722193657,0.383625293477773
42.35294117647059,0.5036667762174606,0.11242496239492114,0.299994130959783,0.08391413042783527,0.38390826138761824
42.857142857142854,0.5034643173123319,0.11235750456948908,0.30007701468517944,0.0841011634329997,0.38417817811817917
43.36134453781513,0.5032664148163175,0.11229807890594085,0.3001506188040926,0.08428488747364907,0.38443550627774165
43.865546218487395,0.5030730714167502,0.11224623093763013,0.30021537269979126,0.08446532494582855,0.3846806976456198
44.36974789915966,0.50288428189773,0.11220152489597478,0.30027169383545266,0.08464249937084255,0.38491419320629516
44.87394957983193,0.5027000339849269,0.11216354293882927,0.30031998775079927,0.08481643532544458,0.38513642307624385
45.3781512605042,0.5025203088323736,0.11213188457414486,0.30036064817515457,0.08498715841832698,0.38534780659348156
45.88235294117647,0.5023450813114483,0.11210616648563507,0.300394056917568,0.08515469528534872,0.38554875220291673
46.38655462184874,0.5021743211030749,0.11208602119023492,0.30042058423750956,0.08531907346918062,0.3857396577066902
46.890756302521005,0.5020079927505637,0.11207109702938585,0.30044058878366203,0.0854803214363883,0.3859209102200504
47.39495798319328,0.501846056125883,0.11206105763077231,0.30045441770972486,0.08563846853361969,0.38609288624334454
47.89915966386555,0.5016884669445464,0.11205558104346273,0.3004624070782976,0.08579354493369333,0.386255952011991
48.403361344537814,0.5015351770408335,0.11205435965418245,0.3004648816992091,0.08594558160577498,0.386410463304984
48.90756302521008,0.5013861349183102,0.11205709946737419,0.30046215536924614,0.08609461024506954,0.3865567656143156
49.41176470588235,0.5012412861349603,0.11206351943373691,0.30045453120732185,0.08624066322398086,0.3866951944313027
49.91596638655462,0.501100573193735,0.11207335196334822,0.30044230123398774,0.086383773608929,0.3868260748429167
50.42016806722689,0.5009639365741563,0.11208634095380682,0.30042574745889644,0.08652397501314028,0.38694972247203674
50.924369747899156,0.5008313143037613,0.11210224289222981,0.3004051411503327,0.08666130165367629,0.387066442804009
51.42857142857143,0.5007026427316438,0.11212082517054381,0.30038074386034336,0.08679578823746908,0.3871765320978125
51.9327731092437,0.5005778563007172,0.1121418667764285,0.30035280693699823,0.08692746998585618,0.38728027692285444
52.436974789915965,0.5004568880408551,0.11216515707462568,0.30032157232711265,0.0870563825574065,0.38737795488451915
52.94117647058823,0.5003396697111632,0.11219049595331838,0.30028727232184815,0.08718256201367035,0.3874698343355185
53.4453781512605,0.5002261321087178,0.1122176932073182,0.30025012992153355,0.08730604476243052,0.3875561746839641
53.94957983193277,0.5001162052691469,0.1122465679351257,0.30021035927605855,0.08742686751966877,0.38763722679572726
54.45378151260504,0.500009818436086,0.11227694904993918,0.3001681652214708,0.08754506729250386,0.38771323251397466
54.95798319327731,0.4999069003089977,0.11230867445499647,0.30012374390095986,0.08766068133504605,0.3877844252360059
55.46218487394958,0.49980737943407766,0.11234158981361406,0.3000772836706743,0.08777374708163393,0.3878510307523082
55.96638655462185,0.49971118385521435,0.11237555020622939,0.3000289637730845,0.08788430216547169,0.38791326593855624
56.470588235294116,0.49961824166500846,0.11241041748441821,0.29997895650155676,0.08799238434901668,0.38797134085057344
56.97478991596638,0.4995284807412118,0.1124460623292882,0.2999274254147832,0.0880980315147168,0.38802545692949997
57.47899159663865,0.4994418291437521,0.11248236189663165,0.2998745273372433,0.08820128162237294,0.3880758089596162
57.983193277310924,0.4993582149907913,0.11251920119410129,0.2998204111336666,0.08830217268144072,0.3881225838151073
58.48739495798319,0.49927756688865155,0.11255647118379214,0.2997652192264967,0.0884007427010597,0.3881659619275564
58.99159663865546,0.499199813747177,0.11259407012119921,0.2997090864631856,0.08849702966843816,0.3882061161316238
59.49579831932773,0.4991248849743225,0.11263190253438697,0.2996521409717439,0.08859107151954665,0.3882432124912905
60.0,0.4990527105805306,0.11266987830675067,0.2995945049881532,0.0886829061245655,0.38827741111271874
60.0,0.4990527105805306,0.11266987830675067,0.2995945049881532,0.0886829061245655,0.38827741111271874
61.111111111111114,0.5138766961320342,0.12058353298256358,0.27019919601299763,0.09534057487240462,0.36553977088540224
62.22222222222222,0.5167671765190879,0.13080469584198295,0.2480261049516124,0.1044020226873167,0.35242812763892906
63.333333333333336,0.5144558817472241,0.14187395624896046,0.22889819977008327,0.11477196223373215,0.3436701620038154
64.44444444444444,0.5094846431148354,0.15306889231402854,0.21148575089250535,0.1259607136786307,0.3374464645711361
65.55555555555556,0.5029440052088577,0.16396142391985732,0.19538668323059158,0.13770788764069344,0.33309457087128497
66.66666666666667,0.49539287053799885,0.17426116374993234,0.18050033454014475,0.14984563117192426,0.330345965712069
67.77777777777777,0.48718992007240675,0.18375634044203848,0.16680944214400886,0.16224429734154583,0.3290537394855547
68.88888888888889,0.4786117049460316,0.19229219200924277,0.15430486176361133,0.1747912412811142,0.32909610304472553
70.0,0.46989102228300894,0.19976320621256816,0.1429622011597067,0.18738357034471628,0.33034577150442296
70.0,0.46989102228300894,0.19976320621256816,0.1429622011597067,0.18738357034471628,0.33034577150442296
71.11111111111111,0.4587710173911512,0.19230295332887679,0.16372279882595733,0.18520323045401452,0.34892602927997185
72.22222222222223,0.46439453828140415,0.18083057834608318,0.17725174097351284,0.1775231423989997,0.35477488337251256
73.33333333333333,0.4732017344673786,0.16970298280840052,0.1879422898710492,0.1691529928531716,0.3570952827242208
74.44444444444444,0.4815494020232401,0.15986825943222616,0.19725290687953154,0.1613294316650022,0.35858233854453375
75.55555555555556,0.48865983947663766,0.1513771778932914,0.20567112051464073,0.15429186211543017,0.35996298263007087
76.66666666666667,0.49451026605616816,0.14408134626143826,0.2133853882087124,0.14802299947368128,0.3614083876823937
77.77777777777777,0.4992527455971769,0.13780990434439108,0.2204901742260654,0.1424471758323667,0.36293735005843214
78.88888888888889,0.5030600595979522,0.13240995184482102,0.2270475433973233,0.13748244515990343,0.36452998855722674
80.0,0.5060878680034939,0.12775249849291048,0.23310604511706012,0.13305358838653558,0.3661596335035957
80.0,0.5060878680034939,0.12775249849291048,0.23310604511706012,0.13305358838653558,0.3661596335035957
81.11111111111111,0.5203836194413893,0.1327511566068253,0.20784323394886994,0.13902199000291546,0.34686522395178543
82.22222222222223,0.520156881190716,0.1407792975528283,0.1901159009710799,0.14894792028537565,0.33906382125645557
83.33333333333333,0.5142764202904071,0.14967756890336387,0.1754833816770626,0.16056262912916655,0.33604601080622915
84.44444444444444,0.505992591723988,0.15853149109771755,0.16253687966348887,0.1729390375148055,0.3354759171782944
85.55555555555556,0.4966536192963646,0.1668962486331624,0.15081084886834226,0.18563928320213074,0.336450132070473
86.66666666666667,0.4868992312541925,0.1745333309381742,0.14014308461875843,0.198424353188875,0.33856743780763343
87.77777777777777,0.47708729775430453,0.1813089327719542,0.130461819987622,0.21114194948611922,0.3416037694737412
88.88888888888889,0.46745079249045046,0.18715233420579871,0.12171506342118527,0.2236818098825656,0.34539687330375085
90.0,0.4581554483321595,0.1920372491360401,0.11384920928020242,0.23595809325159806,0.34980730253180053
90.0,0.4581554483321595,0.1920372491360401,0.11384920928020242,0.23595809325159806,0.34980730253180053
91.11111111111111,0.45110415001800486,0.1826392744426426,0.13700299000469457,0.22925358553465802,0.3662565755393526
92.22222222222223,0.461939958969883,0.1694391937880512,0.15308843286601334,0.21553241437605247,0.36862084724206584
93.33333333333333,0.4750200738378632,0.15710817673067082,0.1662243399676165,0.20164740946384938,0.3678717494314659
94.44444444444444,0.48654808919694764,0.14650870329818677,0.17779681599508784,0.18914639150977777,0.36694320750486564
95.55555555555556,0.4959394660630387,0.13757533264285413,0.18828329137871416,0.1782019099153931,0.3664852012941073
96.66666666666667,0.5033775074773498,0.1300688132613049,0.19788231209316795,0.16867136716817743,0.3665536792613454
97.77777777777777,0.5091814294895536,0.1237523726268308,0.20670385378668304,0.16036234409693256,0.3670661978836156
98.88888888888889,0.5136526895293717,0.11842574018621213,0.214825852717842,0.15309571756657428,0.3679215702844163
100.0,0.5170449687932545,0.11392583185038588,0.22231149004625894,0.14671770931010059,0.3690291993563595
100.0,0.5170449687932545,0.11392583185038588,0.22231149004625894,0.14671770931010059,0.3690291993563595
101.11111111111111,0.5314191744735185,0.11831220126187489,0.19814970958749106,0.1521189146771156,0.3502686242646067
102.22222222222223,0.5307060744203353,0.12568867819284055,0.1815502335783659,0.16205501380845816,0.343605247386824
103.33333333333333,0.5241542700462372,0.13401205170529445,0.1679777801997604,0.17385589804870802,0.34183367824846844
104.44444444444444,0.515143937112428,0.1424184461387979,0.15599169117820338,0.1864459255705707,0.34243761674877404
105.55555555555556,0.5050748260689645,0.1504830861881402,0.14511603999959177,0.19932604774330365,0.3444420877428954
106.66666666666667,0.4946071333626394,0.15797199672705892,0.13518930229353898,0.21223156761676273,0.34742086991030174
107.77777777777777,0.4841064412055286,0.1647468251739336,0.12614637565930725,0.2250003579612305,0.3511467336205378
108.88888888888889,0.4738086454087652,0.170726348146822,0.11794493772247237,0.2375200687219404,0.35546500644441276
110.0,0.4638809838040482,0.1758697944849725,0.1105422580558516,0.24970696365512773,0.36024922171097934
110.0,0.4638809838040482,0.1758697944849725,0.1105422580558516,0.24970696365512773,0.36024922171097934
111.11111111111111,0.4565136589849569,0.16769951444547482,0.1341790171320853,0.24160780943748286,0.3757868265695682
112.22222222222223,0.46744479449560133,0.1558094988038639,0.15065733227971645,0.22608837442081836,0.37674570670053475
113.33333333333333,0.480608260003138,0.1446688174207592,0.16412687231431336,0.21059605026178937,0.37472292257610273
114.44444444444444,0.49212573246013863,0.13511368400187523,0.1759973090311616,0.19676327450682457,0.37276058353798613
115.55555555555556,0.5014215184204783,0.12709110681432723,0.18675618959709792,0.1847311851680965,0.3714873747651944
116.66666666666667,0.508702713188653,0.12038056183724789,0.19660641253819952,0.17431031243589962,0.37091672497409917
117.77777777777777,0.5143097853090287,0.11476291010050946,0.20566015706068855,0.16526714752977323,0.37092730459046175
118.88888888888889,0.5185602183850101,0.11005303923651706,0.2139967549742108,0.15738998740426188,0.37138674237847263
120.0,0.5217191210754419,0.10610057615863223,0.22168045269468029,0.15049985007124553,0.3721803027659258
120.0,0.5217191210754419,0.10610057615863223,0.22168045269468029,0.15049985007124553,0.3721803027659258
121.11111111111111,0.5360873259882135,0.11046994213352462,0.19768975590795623,0.15575297597030566,0.35344273187826186
122.22222222222223,0.5353333582266239,0.11771579201587022,0.18127225505616412,0.16567859470134186,0.34695084975750595
123.33333333333333,0.5286965791463197,0.1259231719035597,0.1678632959659971,0.17751695298412343,0.3453802489501205
124.44444444444444,0.5195590257315761,0.13427392616331285,0.15601007764990074,0.1901569704552104,0.3461670481051112
125.55555555555556,0.5093248632372155,0.14235783422740464,0.14523362976084883,0.20308367277453088,0.3483173025353797
126.66666666666667,0.49865893294787406,0.1499419491859895,0.135374380723776,0.2160247371423604,0.35139911786613637
127.77777777777777,0.4879317354588546,0.15688238214090108,0.12637158322456957,0.22881429917567472,0.3551858824002443
128.88888888888889,0.4773846618448293,0.16308894521583167,0.11818811978164774,0.24133827315769124,0.35952639293933897
130.0,0.4671910226811185,0.16851018118430475,0.11078644328687394,0.2535123528477027,0.3642987961345766
130.0,0.4671910226811185,0.16851018118430475,0.11078644328687394,0.2535123528477027,0.3642987961345766
131.11111111111111,0.45937947296270015,0.16106979896374868,0.13450802338349852,0.24504270469005268,0.37955072807355117
132.22222222222223,0.46997449853443396,0.14994499249257906,0.1510160249359048,0.22906448403708213,0.38008050897298695
133.33333333333334,0.4828738585118392,0.13947262380165437,0.1644925027797886,0.21316101490671782,0.37765351768650646
134.44444444444446,0.4941696826793455,0.13048111022933948,0.1763631231902944,0.19898608390102063,0.3753492070913151
135.55555555555554,0.503273198493314,0.12293266121993142,0.18712116548114544,0.18667297480560924,0.3737941402867547
136.66666666666666,0.5103853685032198,0.11662320758904485,0.19697120483243843,0.17602021907529686,0.3729914239077353
137.77777777777777,0.5158430018429453,0.11134746077159619,0.2060256843866433,0.1667838529988153,0.3728095373854586
138.88888888888889,0.51996086485711,0.10693138033406785,0.21436375666994273,0.1587439981388794,0.37310775480882213
140.0,0.5230018170357421,0.1032333590698845,0.22204938375229266,0.15171544014208066,0.3737648238943733
140.0,0.5230018170357421,0.1032333590698845,0.22204938375229266,0.15171544014208066,0.3737648238943733
141.11111111111111,0.5373649522225676,0.10763438372585879,0.19806832957368017,0.1569323344778933,0.35500066405157343
142.22222222222223,0.5366262084660628,0.11485892868546892,0.18166264596381507,0.1668522168846534,0.3485148628484685
143.33333333333334,0.5299971982878625,0.1230460295680969,0.16826150162112977,0.17869527052291098,0.34695677214404075
144.44444444444446,0.5208525855546724,0.13139642247369446,0.15640890930167475,0.1913420826699584,0.3477509919716331
145.55555555555554,0.5105951121772356,0.13950586224912442,0.14562518190685753,0.20427384366678245,0.34989902557364
146.66666666666666,0.49989025219168065,0.1471418794302428,0.13575148746407947,0.21721638091399698,0.3529678683780765
147.77777777777777,0.4891100875501899,0.15415846795214047,0.12672850429179508,0.2300029402058744,0.3567314444976694
148.88888888888889,0.47849817297899444,0.16046202301979792,0.11852074806059652,0.2425190559406111,0.3610398040012076
150.0,0.46823034961586296,0.16599705772013734,0.11109224409581663,0.25468034856818306,0.36577259266399964
150.0,0.46823034961586296,0.16599705772013734,0.11109224409581663,0.25468034856818306,0.36577259266399964
151.11111111111111,0.46024910938153896,0.15883018353166584,0.13482079390068036,0.24609991318611477,0.3809207070867951
152.22222222222223,0.47069506122032895,0.14799208076730266,0.15131802426822627,0.22999483374414212,0.38131285801236836
153.33333333333334,0.48347740193020705,0.1377674903746174,0.16477758370264042,0.2139775239925352,0.37875510769517556
154.44444444444446,0.4946805756627733,0.12898236861599663,0.17663044927011518,0.1997066064511149,0.3763370557212301
155.55555555555554,0.5037094752459793,0.12160543158320403,0.18737172801692106,0.1873133651538956,0.37468509317081666
156.66666666666666,0.5107608346903422,0.11543939587508734,0.19720646012930662,0.17659330930526393,0.3737997694345706
157.77777777777777,0.5161685025795875,0.11028457339778053,0.20624708526200142,0.16729983876063054,0.3735469240226319
158.88888888888889,0.5202450445253834,0.10597133001035748,0.21457261279641776,0.15921101266784124,0.373783625464259
160.0,0.5232516240584425,0.10236149798072608,0.22224683603676476,0.15214004192406655,0.3743868779608313
160.0,0.5232516240584425,0.10236149798072608,0.22224683603676476,0.15214004192406655,0.3743868779608313
161.11111111111111,0.5376138260041615,0.10678008670972258,0.19825927770250212,0.15734680958361363,0.35560608728611576
162.22222222222223,0.5368846289446688,0.1140041096759568,0.18184722504477854,0.16726403633459572,0.34911126137937426
163.33333333333334,0.5302644110112543,0.12219005055361479,0.16843913638908115,0.17910640204604972,0.3475455384351308
164.44444444444446,0.5211246285508738,0.13054468521550652,0.1565784377756975,0.1917522484579221,0.3483306862336196
165.55555555555554,0.5108671958924271,0.138665666789747,0.1457853284278141,0.2046818088900116,0.3504671373178257
166.66666666666666,0.5001576214617165,0.14632068649213775,0.1359011716456366,0.21762052040050928,0.35352169204614586
167.77777777777777,0.48936840724833924,0.15336309822821828,0.12686698492704376,0.23040150959639874,0.3572684945234425
168.88888888888889,0.4787437368151646,0.15969827055162444,0.11864765916499144,0.24291033346821958,0.36155799263321103
170.0,0.46846019510786713,0.16526951781887383,0.11120757012523523,0.25506271694802385,0.3662702870732591
170.0,0.46846019510786713,0.16526951781887383,0.11120757012523523,0.25506271694802385,0.3662702870732591
171.11111111111111,0.4604341329643926,0.15818661468334863,0.13493357991720095,0.24644567243505783,0.3813792523522588
172.22222222222223,0.4708375229180501,0.147436607507357,0.151424296760653,0.23030157281393976,0.38172586957459276
173.33333333333334,0.48358669214789485,0.13728772536843675,0.16487617595621906,0.2142494065274493,0.37912558248366834
174.44444444444446,0.49476457700855253,0.12856520362885868,0.1767214290917212,0.1999487902708676,0.3766702193625888
175.55555555555554,0.5037741264585313,0.12123989171359408,0.1874555768834817,0.18753040494439296,0.3749859818278747
176.66666666666666,0.5108106153240517,0.11511670397667023,0.1972837515736267,0.17678892912565128,0.37407268069927796
177.77777777777777,0.5162068326479522,0.10999775042008497,0.2063183753767897,0.16747704155517318,0.3737954169319629
178.88888888888889,0.5202745580987634,0.10571479989933137,0.21463840923921382,0.15937223276269136,0.3740106420019052
180.0,0.5232743608026302,0.1021307711813009,0.2223075940496951,0.1522872739663738,0.3745948680160689
180.0,0.5232743608026302,0.1021307711813009,0.2223075940496951,0.1522872739663738,0.3745948680160689
181.11111111111111,0.5376366858864846,0.10655584374577519,0.19831665614131824,0.15749081422642183,0.3558074703677401
182.22222222222223,0.5369107433717407,0.11378115034260065,0.18190109694048556,0.16740700934517308,0.34930810628565867
183.33333333333334,0.5302938534740046,0.1219679513164235,0.16848951013944363,0.17924868507012828,0.3477381952095719
184.44444444444446,0.521156577442809,0.13032466355577202,0.15662528262772304,0.19189347637369597,0.348518759001419
185.55555555555554,0.5109005795706835,0.13844945539814765,0.1458286108306294,0.20482135420053935,0.35064996503116874
186.66666666666666,0.5001913573423429,0.1461100679908494,0.13594089284535196,0.21775768182145588,0.3536985746668079
187.77777777777777,0.4894015061285066,0.15315969629911813,0.1269031988142336,0.23053559875814164,0.35743879757237523
188.88888888888889,0.47877535399828125,0.159503453084543,0.11868047483395541,0.24304071808322045,0.36172119291717586
190.0,0.4684896545132838,0.1650843563997681,0.11123714547969969,0.2551888436072484,0.3664259890869481
190.0,0.4684896545132838,0.1650843563997681,0.11123714547969969,0.2551888436072484,0.3664259890869481
191.11111111111111,0.4604552626655106,0.1580237486687683,0.1349615430223515,0.24655944564336957,0.3815209886657211
192.22222222222223,0.470850020537678,0.14729719166884203,0.15145014606211957,0.23040264173136046,0.38185278779348003
193.33333333333334,0.48359259156947865,0.1371683923562104,0.16489982131795913,0.21433919475635177,0.37923901607431093
194.44444444444446,0.49476573542237884,0.12846238519324918,0.1767429558766083,0.20002892350776363,0.3767718793843719
195.55555555555554,0.503771954879169,0.12115061091560106,0.18747512710510128,0.18760230710012865,0.37507743420522993
196.66666666666666,0.5108061580517871,0.11503859199491584,0.19730147595548497,0.1768537739978121,0.3741552499532971
197.77777777777777,0.5162008617790954,0.10992893362764959,0.2063344172862043,0.16753578730705074,0.3738702045932551
198.88888888888889,0.5202676448931426,0.10565378879446383,0.21465290071359103,0.15942566559880234,0.37407856631239333
200.0,0.5232669272225355,0.10207637193217425,0.22232065590350888,0.15233604494178143,0.3746567008452903
200.0,0.5232669272225355,0.10207637193217425,0.22232065590350888,0.15233604494178143,0.3746567008452903
201.11111111111111,0.5376294316114731,0.1065033622350457,0.19832871192498147,0.15753849422849972,0.3558672061534812
202.22222222222223,0.5369043208152717,0.11372927335093416,0.18191206324189133,0.1674543425919026,0.3493664058337939
203.33333333333334,0.5302883236910286,0.12191650895918149,0.1684994266074217,0.17929574074236818,0.3477951673497899
204.44444444444446,0.5211518262286461,0.13027387784436237,0.15663421407316705,0.19194008185382433,0.34857429592699135
205.55555555555554,0.5108964418836042,0.1383996730470454,0.14583662831312943,0.2048672567562209,0.3507038850693503
206.66666666666666,0.500187664556394,0.14606165174246497,0.13594806888331815,0.21780261481782293,0.3537506837011411
207.77777777777777,0.48939810588556526,0.15311297751114195,0.12690960568106846,0.23057931092222445,0.35748891660329285
208.88888888888889,0.47877211844762885,0.15945871067168138,0.11868618351254392,0.24308298736814585,0.36176917088068977
210.0,0.46848648288047906,0.1650418085123642,0.11124222473599948,0.2552294838711572,0.36647170860715667
210.0,0.46848648288047906,0.1650418085123642,0.11124222473599948,0.2552294838711572,0.36647170860715667
211.11111111111111,0.46045145734075527,0.1579864536837949,0.13496606938486674,0.24659601959058317,0.3815620889754499
212.22222222222223,0.47084531273171365,0.1472654541204995,0.151454186199964,0.23043504694782285,0.38188923314778683
213.33333333333334,0.48358725983770057,0.13714140798998842,0.16490341830514377,0.2143679138671673,0.37927133217231107
214.44444444444446,0.49476007456834886,0.1284392940929728,0.1767461429568289,0.20005448838184942,0.3768006313386783
215.55555555555554,0.5037661891152136,0.12113069622352862,0.18747793363512164,0.18762518102613598,0.3751031146612576
216.66666666666666,0.5108004455214058,0.11502128530481343,0.19730392869158636,0.17687434048219447,0.37417826917378083
217.77777777777777,0.5161953104967038,0.1099137872482656,0.2063365409133791,0.16755436134165147,0.37389090225503063
218.88888888888889,0.5202623264331435,0.10564044827355946,0.2146547182815406,0.1594425070117564,0.374097225293297
220.0,0.5232618869184933,0.10206455422505138,0.22232218918920998,0.15235136966724527,0.3746735588564552
220.0,0.5232618869184933,0.10206455422505138,0.22232218918920998,0.15235136966724527,0.3746735588564552
221.11111111111111,0.5376244826413535,0.10649202215069928,0.1983300442109268,0.1575534509970204,0.3558834952079472
222.22222222222223,0.5368995340502883,0.1137181110151199,0.18191315998947075,0.16746919494512094,0.3493823549345917
223.33333333333334,0.5302837149145203,0.12190546996990509,0.16850030375778452,0.17931051135779008,0.3478108151155746
224.44444444444446,0.5211473950248591,0.13026299254038126,0.15663490234276944,0.19195471009199033,0.3485896124347598
225.55555555555554,0.5108921831837292,0.13838899977542876,0.145837161333548,0.20488165570729397,0.35071881704084196
226.66666666666666,0.5001835733835637,0.14605125414944442,0.13594847834099177,0.21781669412600024,0.35376517246699196
227.77777777777777,0.48939417905722254,0.1531029149238172,0.12690991939388968,0.23059298662507063,0.3575029060189603
228.88888888888889,0.47876835472310086,0.15944903399113597,0.11868642487793647,0.24309618640782674,0.3617826112857632
230.0,0.46848288240164515,0.16503255862592014,0.11124241282967938,0.2552421461427553,0.36648455897243465
230.0,0.46848288240164515,0.16503255862592014,0.11124241282967938,0.2552421461427553,0.36648455897243465
231.11111111111111,0.46044814742121865,0.1579783388335171,0.13496611787577661,0.2466073958694876,0.3815735137452642
232.22222222222223,0.4708421993365249,0.14725855337363272,0.1514541647270533,0.23044508256278917,0.3818992472898425
233.33333333333334,0.48358433267737033,0.1371355478958432,0.16490335332277944,0.2143767661040069,0.37928011942678636
234.44444444444446,0.49475734034668184,0.1284342853672743,0.17674604345835113,0.2000623308276928,0.37680837428604397
235.55555555555554,0.5037636520732084,0.12112638054636646,0.18747780275863973,0.18763216462178556,0.3751099673804253
236.66666666666666,0.5107981046988778,0.11501753728932344,0.19730376776262717,0.17688059024917155,0.3741843580117987
237.77777777777777,0.5161931607464333,0.10991050837455112,0.20633635083690366,0.16755998004211198,0.37389633087901564
238.88888888888889,0.5202603598423952,0.10563756073269029,0.2146545000335627,0.15944757939135193,0.37410207942491464
240.0,0.5232600939448767,0.10206199601582999,0.22232194398413982,0.15235596605515336,0.3746779100392932
240.0,0.5232600939448767,0.10206199601582999,0.22232194398413982,0.15235596605515336,0.3746779100392932
241.11111111111111,0.5376227242904099,0.10648956562263881,0.19832978283055985,0.15755792725639148,0.3558877100869513
242.22222222222223,0.5368977958569293,0.11371569108339424,0.1819128708649257,0.16747364219475075,0.34938651305967644
243.33333333333334,0.5302819978646494,0.12190307168802955,0.16849999093641924,0.17931493951090194,0.34781493044732115
244.44444444444446,0.5211457049976115,0.13026061868116728,0.1566345750158969,0.1919591013053242,0.34859367632122107
245.55555555555554,0.5108905277005222,0.1383866593913088,0.1458368295492476,0.20488598335892141,0.350722812908169
246.66666666666666,0.5001819605230067,0.14604895803837414,0.1359481511164776,0.21782093032214167,0.35376908143861924
247.77777777777777,0.4893926168626686,0.15310067374443936,0.12690960399137005,0.2305971054015221,0.35750670939289214
248.88888888888889,0.4787668507020538,0.15944685746354342,0.11868612665683044,0.2431001651775724,0.36178629183440286
250.0,0.4684814430874952,0.1650304551949027,0.11124213537629307,0.25524596634130897,0.36648810171760204
250.0,0.4684814430874952,0.1650304551949027,0.11124213537629307,0.25524596634130897,0.36648810171760204
251.11111111111111,0.4604468817313108,0.15797647832254538,0.13496581480198622,0.24661082514415755,0.38157663994614377
252.22222222222223,0.4708410851393254,0.14725695696168403,0.1514538642042173,0.23044809369477326,0.38190195789899056
253.33333333333334,0.48358334781214446,0.1371341795863063,0.16490306453298403,0.21437940806856515,0.3792824726015491
254.44444444444446,0.49475646842711984,0.12843310447081974,0.17674576815235893,0.20006465894970143,0.37681042710206036
255.55555555555554,0.5037628799685268,0.1211253527026255,0.18747754026930036,0.18763422705954738,0.37511176732884777
256.6666666666667,0.5107974212088392,0.11501663519136353,0.19730351677494196,0.17688242682485525,0.37418594359979723
257.77777777777777,0.5161925560799491,0.10990971053036985,0.20633610998912624,0.1675616234005549,0.37389773338968113
258.8888888888889,0.5202598253792855,0.10563685014495922,0.21465426811410543,0.15944905636164997,0.3741033244757554
260.0,0.523259622082037,0.10206135911982096,0.22232171998533531,0.1523572988128066,0.3746790187981419
