Generation,xOC,xOB,xMMd,xMMr,total xMM
0.0,0.26666666666666666,0.4,0.26666666666666666,0.06666666666666667,0.3333333333333333
0.5042016806722689,0.4085890786166227,0.31790828171296287,0.21886329705026814,0.05463934262014627,0.2735026396704144
1.0084033613445378,0.4737462698961484,0.27589572265895385,0.20097019534720026,0.04938781209769757,0.25035800744489783
1.5126050420168067,0.5094106689837506,0.2494755287106581,0.19441613649976802,0.04669766580582327,0.2411138023055913
2.0168067226890756,0.5313515932755413,0.2304700867295451,0.19301916765958535,0.045159152335328225,0.23817831999491357
2.5210084033613445,0.5461519658801268,0.21548865435316278,0.19417470213523438,0.04418467763147597,0.23835937976671034
3.0252100840336134,0.5569241926835129,0.20294081613576323,0.19663562408364682,0.04349936709707703,0.24013499118072384
3.5294117647058822,0.565255825453945,0.19201695082339787,0.19976066821930746,0.04296655550334975,0.2427272237226572
4.033613445378151,0.5720000500903253,0.1822766187684569,0.2032070543483246,0.04251627679289323,0.24572333114121783
4.53781512605042,0.5776355891067989,0.17346396895775357,0.20678803648190305,0.04211240545354448,0.24890044193544755
5.042016806722689,0.5824429124633957,0.16541932318087277,0.21040132172855724,0.04173644262717443,0.25213776435573165
5.546218487394958,0.5865945988612253,0.15803500723651093,0.21399122907334292,0.041379164828920685,0.2553703939022636
6.050420168067227,0.5902030702382569,0.15123264927210692,0.21752806294318935,0.04103621754644665,0.258564280489636
6.554621848739496,0.5933463301571869,0.14495124704806656,0.2209966606837142,0.04070576211103245,0.26170242279474665
7.0588235294117645,0.5960820633030279,0.1391407575433623,0.2243899640657938,0.04038721508781577,0.26477717915360954
7.563025210084033,0.5984554699636697,0.13375856343423106,0.22770539015612068,0.04008057644597866,0.2677859666020993
8.067226890756302,0.6005036879462049,0.12876745723743796,0.2309427780229417,0.03978607679341549,0.27072885481635717
8.571428571428571,0.6022583416566025,0.12413443532035587,0.2341032258389129,0.039503997184128656,0.2736072230230416
9.07563025210084,0.6037470433182855,0.11982993397545964,0.2371884398470021,0.03923458285925272,0.2764230227062548
9.579831932773109,0.6049943172132467,0.11582730797657947,0.24020036874103698,0.03897800606913675,0.27917837481017377
10.084033613445378,0.606022187249783,0.11210245055160005,0.2431410068537329,0.03873435534488407,0.281875362198617
10.588235294117647,0.6068505786758649,0.10863349614640874,0.2460122879744912,0.03850363720323513,0.2845159251777264
11.092436974789916,0.6074976021314115,0.1054005778346449,0.24881603578592348,0.038285784248020135,0.28710182003394363
11.596638655462185,0.6079797710011755,0.10238562084150615,0.2515539428346472,0.03808066532267116,0.2896346081573184
12.100840336134453,0.6083121747230734,0.09957216291248777,0.25422756635976357,0.03788809600467516,0.2921156623644387
12.605042016806722,0.6085086243499588,0.09694519516138925,0.25683833223827984,0.03770784825037212,0.294546180488652
13.109243697478991,0.6085817749496754,0.09449102072034236,0.2593875451207371,0.03753965920924529,0.2969272043299824
13.61344537815126,0.6085432256942962,0.09219713155737376,0.2618764027080897,0.03738324004024023,0.29925964274832995
14.117647058823529,0.6084036272192156,0.09005209026181106,0.2643060016471888,0.03723828087178469,0.30154428251897347
14.621848739495798,0.6081727662638542,0.08804542931752955,0.2666773477463291,0.03710445667228728,0.3037818044186164
15.126050420168067,0.6078596297444335,0.08616756158205151,0.2689913757193053,0.03698143295420958,0.3059728086735149
15.630252100840336,0.6074724770744825,0.08440969641172678,0.271248957399737,0.036868869114053834,0.3081178265137908
16.134453781512605,0.6070189098219717,0.08276376458646087,0.2734509043024797,0.036766421289087685,0.3102173255915674
16.63865546218487,0.6065059239635064,0.08122235113116597,0.2755979799896028,0.03667374491572488,0.3122717249053276
17.142857142857142,0.605939954795089,0.07977863630254256,0.27769091144577623,0.036590497456592194,0.31428140890236844
17.647058823529413,0.6053269302138929,0.0784263398815824,0.2797303903776294,0.03651633952689529,0.31624672990452474
18.15126050420168,0.6046723082626819,0.0771596725884524,0.28171708267417217,0.03645093647469351,0.3181680191488657
18.655462184873947,0.6039811166662149,0.07597329146000056,0.28365163260243964,0.03639395927134499,0.3200455918737847
19.159663865546218,0.6032579861872471,0.07486226017008578,0.285534668141918,0.03634508550074903,0.3218797536426671
19.66386554621849,0.6025071823369798,0.07382201273173367,0.2873668050569168,0.036303999874369726,0.3236708049312866
20.168067226890756,0.6017326339786154,0.07284832086503014,0.2891486504610505,0.036270394695303874,0.32541904515635434
20.672268907563023,0.6009379584589098,0.07193726442870754,0.2908808070212485,0.036243970091134024,0.3271247771123826
21.176470588235293,0.6001264860954189,0.07108520444565841,0.292563875418553,0.03622443404036965,0.3287883094589227
21.680672268907564,0.5993012827720089,0.07028876019697279,0.2941984535429396,0.03621150348807864,0.3304099570310182
22.18487394957983,0.5984651679379482,0.06954478527844785,0.29578514398780337,0.03620490279580065,0.331990046783604
22.6890756302521,0.597620732451396,0.06885034921091124,0.2973245535302492,0.03620436480744344,0.3335289183376927
23.19327731092437,0.5967703556407784,0.06820271905660398,0.29881729478496577,0.03620963051765183,0.33502692530261763
23.69747899159664,0.595916223091187,0.06759934263333736,0.3002639855407932,0.03622044873468255,0.33648443427547575
24.201680672268907,0.5950603385847337,0.06703783391000662,0.30166525144954276,0.036236576055716826,0.33790182750525954
24.705882352941174,0.5942045363691962,0.06651595973846104,0.3030217269790753,0.03625777691326741,0.3392795038923427
25.210084033613445,0.5933504929012045,0.06603162733566403,0.3043340565528594,0.0362838232102723,0.3406178797631317
25.714285714285715,0.5924997404919392,0.06558287283401441,0.30560289269136387,0.03631449398268249,0.34191738667404636
26.218487394957982,0.5916536757633939,0.0651678513157339,0.306828897548347,0.036349575372525166,0.34317847292087217
26.72268907563025,0.5908135688304313,0.06478482752609016,0.308012743229538,0.03638886041394039,0.3444016036434784
27.22689075630252,0.5899805730574066,0.06443216724273378,0.30915511096308296,0.036432148736776665,0.34558725969985965
27.73109243697479,0.589155732153809,0.06410832967792135,0.31025669168721803,0.036479246481051615,0.34673593816826964
28.235294117647058,0.5883399885001644,0.06381186027904821,0.31131818525375105,0.03652996596703617,0.3478481512207872
28.739495798319325,0.5875341899149392,0.06354138431016883,0.31234030024626985,0.03658412552862205,0.34892442577489186
29.243697478991596,0.5867390963161433,0.06329560092795435,0.31332375344214697,0.03664154931375529,0.34996530275590226
29.747899159663866,0.5859553857097626,0.06307327779679824,0.3142692694087691,0.03670206708467006,0.35097133649343915
30.252100840336134,0.585183660045733,0.06287324612248517,0.31517757980545946,0.03676551402632251,0.35194309383178196
30.7563025210084,0.5844244503067983,0.0626943961707561,0.3160494229584673,0.03683173056397819,0.3528811535224455
31.26050420168067,0.5836782218421503,0.06253567307144618,0.3168855429141381,0.03690056217226529,0.3537861050864034
31.764705882352942,0.5829453787739589,0.06239607306729379,0.3176866889435368,0.036971859215210456,0.35465854815874726
32.26890756302521,0.5822262684391374,0.0622746400265773,0.31845361475555584,0.0370454767787295,0.3554990915342853
32.773109243697476,0.581521185330769,0.06217046229695694,0.3191870778573504,0.03712127451492366,0.35630835237227404
33.27731092436974,0.5808303752762901,0.06208266972947034,0.31988783852150404,0.03719911647273547,0.3570869549942395
33.78151260504202,0.5801540387763701,0.06201043104587568,0.32055665920875986,0.03727887096899438,0.35783553017775427
34.285714285714285,0.5794923343268877,0.06195295139701374,0.3211943038229212,0.03736041045317748,0.35855471427609864
34.78991596638655,0.5788453816886725,0.06190947009673315,0.3218015368465442,0.037443611368050106,0.35924514821459436
35.294117647058826,0.5782132647037826,0.061879258615903286,0.3223791226524675,0.037528354027846635,0.3599074766803141
35.79831932773109,0.5775960344264933,0.06186161860931762,0.322927824483946,0.037614522480243225,0.3605423469641892
36.30252100840336,0.5769937113333867,0.061855880255300706,0.32344840399200225,0.03770200441931032,0.3611504084113126
36.80672268907563,0.5764062878193374,0.061861400657798826,0.3239416204491059,0.03779069107375777,0.3617323115228636
37.310924369747895,0.5758337307000964,0.061877562335727,0.32440822987665674,0.037880477087519814,0.36228870696417653
37.81512605042017,0.5752759829181482,0.06190377204023887,0.32484898458797445,0.03797126045363832,0.3628202450416128
38.319327731092436,0.5747329662272577,0.06193945933585071,0.32526463206391587,0.03806294237297588,0.3633275744368918
38.8235294117647,0.5742045826696963,0.06198407556188676,0.32565591457276916,0.03815542719564779,0.36381134176841695
39.32773109243698,0.5736907161113506,0.06203709283084967,0.32602356870137505,0.038248622356424795,0.3642721910577999
39.831932773109244,0.5731912341962375,0.06209800303374722,0.32636832450011743,0.03834243826989785,0.3647107627700153
40.33613445378151,0.5727059898957366,0.06216631693198966,0.32669090492033903,0.03843678825193476,0.3651276931722738
40.84033613445378,0.5722348225636699,0.06224156356409328,0.3269920253811796,0.038531588491057166,0.3655236138722368
41.344537815126046,0.5717775600022065,0.06232328922270865,0.3272723928648063,0.038626757910278704,0.36589915077508506
41.84873949579832,0.5713340193703339,0.06241105684782941,0.32753270565349446,0.03872221812834221,0.3662549237818366
42.35294117647059,0.5709040079783003,0.06250444550100458,0.3277736530858344,0.038817893434860765,0.3665915465206952
42.857142857142854,0.5704873244830958,0.06260304979273905,0.3279959149969561,0.03891371072720905,0.3669096257241651
43.36134453781513,0.5700837603306718,0.0627064791972217,0.3282001610647212,0.03900959940738523,0.36720976047210646
43.865546218487395,0.5696931004395284,0.06281435760754775,0.32838705060195306,0.039105491350970946,0.367492541952924
44.36974789915966,0.5693151239648919,0.0629263230448043,0.32855723210371174,0.03920132088659197,0.3677585529903037
44.87394957983193,0.5689496054949255,0.06304202703250929,0.32871134277306047,0.03929702469950483,0.36800836747256527
45.3781512605042,0.568596315775903,0.06316113401859137,0.32885000845327966,0.039392541752225896,0.36824255020550556
45.88235294117647,0.5682550217390279,0.06328332151377278,0.32897384338210645,0.03948781336509279,0.3684616567471993
46.38655462184874,0.5679254874096021,0.06340827935835901,0.32908345013576407,0.039582783096274894,0.36866623323203895
46.890756302521005,0.5676074748965036,0.06353570935217173,0.3291794190871433,0.03967739666418139,0.36885681575132473
47.39495798319328,0.567300744666294,0.06366532523000326,0.32926232812786715,0.03977160197583569,0.36903393010370283
47.89915966386555,0.5670050563494213,0.06379685202294824,0.3293327426195876,0.03986534900804296,0.36919809162763056
48.403361344537814,0.5667201688009883,0.06393002615717677,0.32939121518029674,0.03995858986153819,0.36934980504183496
48.90756302521008,0.5664458408658029,0.06406459481703523,0.3294382856781718,0.04005127863899024,0.369489564317162
49.41176470588235,0.5661818315295553,0.06420031571831004,0.3294744813289719,0.04014337142316271,0.3696178527521346
49.91596638655462,0.5659279001991808,0.06433695731287654,0.32950031615173,0.04023482633621272,0.3697351424879427
50.42016806722689,0.5656838072477784,0.06447429773446434,0.3295162916865334,0.040325603331223876,0.3698418950177573
50.924369747899156,0.5654493141082861,0.0646121255755107,0.3295228959471972,0.04041566436900595,0.36993856031620315
51.42857142857143,0.5652241839708555,0.06475023850594532,0.3295206043939247,0.040504973129274466,0.3700255775231992
51.9327731092437,0.5650081816584497,0.06488844428348758,0.32950987881340094,0.040593495244661874,0.3701033740580628
52.436974789915965,0.5648010740404719,0.06502655934488903,0.3294911685978193,0.04068119801681995,0.37017236661463926
52.94117647058823,0.5646026301850406,0.06516440939955426,0.329464909866495,0.04076805054891009,0.37023296041540515
53.4453781512605,0.5644126212793908,0.06530182895205841,0.3294315260958139,0.0408540236727368,0.3702855497685507
53.94957983193277,0.5642308211768833,0.06543866063347581,0.32939142838911895,0.04093908980052197,0.3703305181896409
54.45378151260504,0.5640570060704841,0.06557475612620142,0.3293450146571159,0.041023223146198516,0.3703682378033144
54.95798319327731,0.5638909550486804,0.06570997498506398,0.32929267049492655,0.04110639947132924,0.37039906996625577
55.46218487394958,0.5637324503692868,0.0658441847612079,0.32923476875864705,0.0411885961108584,0.3704233648695054
55.96638655462185,0.5635812775225713,0.06597726065928756,0.3291716699069539,0.041269791911187216,0.37044146181814114
56.470588235294116,0.563437225075721,0.0661090854906079,0.3291037221896512,0.0413499672440198,0.3704536894336711
56.97478991596638,0.5633000848857045,0.06623954931297042,0.32903126187015047,0.04142910393117474,0.3704603658013252
57.47899159663865,0.5631696515498723,0.06636854956926279,0.3289546135619866,0.0415071853188784,0.370461798880865
57.983193277310924,0.5630457224307357,0.0664959904774718,0.3288740909312022,0.041584196160590246,0.3704582870917924
58.48739495798319,0.5629280987383071,0.0666217830825068,0.3287899956050476,0.04166012257413853,0.37045011817918616
58.99159663865546,0.5628165859789543,0.066745844819545,0.32870261726828065,0.04173495193322002,0.3704375692015007
59.49579831932773,0.5627109932242222,0.06686809945392566,0.32861223441439547,0.04180867290745658,0.370420907321852
60.0,0.5626111318681839,0.06698847703964247,0.3285191155536842,0.04188127553848943,0.3704003910921736
60.0,0.5626111318681839,0.06698847703964247,0.3285191155536842,0.04188127553848943,0.3704003910921736
61.333333333333336,0.595682955492897,0.07890849009521529,0.27920809540762564,0.046200459004261965,0.32540855441188765
62.666666666666664,0.6001068019513321,0.096694932531477,0.24962434045837864,0.05357392505881222,0.30319826551719087
64.0,0.59297042037529,0.11821951210605997,0.226056180886988,0.06275388663166209,0.2888100675186501
64.0,0.59297042037529,0.11821951210605997,0.226056180886988,0.06275388663166209,0.2888100675186501
65.33333333333333,0.5565923498181709,0.12119567099264882,0.2552617140934904,0.06695026509569002,0.3222119791891804
66.66666666666667,0.5515263277162533,0.11688949259223637,0.26505861868084535,0.06652556101066513,0.3315841796915105
68.0,0.5538469031468429,0.11138455804186152,0.2697415722721237,0.06502696653917187,0.33476853881129554
68.0,0.5538469031468429,0.11138455804186152,0.2697415722721237,0.06502696653917187,0.33476853881129554
69.33333333333333,0.5818458407501875,0.12418909144119682,0.22446452874550915,0.06950053906310663,0.29396506780861575
70.66666666666667,0.579110154334551,0.14427042715576585,0.19810083753370522,0.07851858097597789,0.27661941850968313
72.0,0.5658345359028418,0.16684921116862195,0.17771799278734476,0.08959826014119156,0.26731625292853634
72.0,0.5658345359028418,0.16684921116862195,0.17771799278734476,0.08959826014119156,0.26731625292853634
73.33333333333333,0.5365388524400369,0.16260325427085687,0.20797920546061383,0.09287868782849239,0.3008578932891062
74.66666666666667,0.5397913418479509,0.14960315745810687,0.22112982189048042,0.08947567880346181,0.31060550069394227
76.0,0.5485475426907913,0.13675775895864187,0.22970705040638628,0.08498764794418061,0.3146946983505669
76.0,0.5485475426907913,0.13675775895864187,0.22970705040638628,0.08498764794418061,0.3146946983505669
77.33333333333333,0.5752642730872995,0.14676666681097972,0.18926954846073346,0.08869951164098715,0.2779690601017206
78.66666666666667,0.5699234813069953,0.1649175576925884,0.1667529258991423,0.09840603510127394,0.26515896100041625
80.0,0.5549689829881765,0.18477357658481222,0.14988081552389154,0.11037662490311966,0.2602574404270112
80.0,0.5549689829881765,0.18477357658481222,0.14988081552389154,0.11037662490311966,0.2602574404270112
81.33333333333333,0.5313202932099088,0.17507011694387872,0.18171010075795874,0.11189948908825369,0.29360958984621244
82.66666666666667,0.5402932459571906,0.1568925156763564,0.1975010441315776,0.10531319423487528,0.3028142383664529
84.0,0.5530581662384032,0.14024006544364317,0.20876188856658096,0.09793987975137262,0.3067017683179536
84.0,0.5530581662384032,0.14024006544364317,0.20876188856658096,0.09793987975137262,0.3067017683179536
85.33333333333333,0.5799896536944481,0.1478309661366274,0.17142091882500166,0.10075846134392295,0.2721793801689246
86.66666666666667,0.5739478280039241,0.16398086490189953,0.15139751307589935,0.11067379401827694,0.26207130709417625
88.0,0.5585299936982546,0.1817315353807037,0.1367108037454316,0.12302766717561019,0.2597384709210418
88.0,0.5585299936982546,0.1817315353807037,0.1367108037454316,0.12302766717561019,0.2597384709210418
89.33333333333333,0.5369419090100663,0.17027430999512713,0.16981381179253285,0.12296996920227375,0.2927837809948066
90.66666666666667,0.5480973810710937,0.15084777960858262,0.18706316727149028,0.11399167204883331,0.3010548393203236
92.0,0.5621550920614747,0.13356705061231572,0.1996790368254623,0.10459882050074733,0.3042778573262096
92.0,0.5621550920614747,0.13356705061231572,0.1996790368254623,0.10459882050074733,0.3042778573262096
93.33333333333333,0.5894169468720462,0.14003665502228319,0.1637402654562062,0.10680613264946451,0.2705463981056707
94.66666666666667,0.5831716099052275,0.15508493643411794,0.14495267789695038,0.11679077576370406,0.26174345366065443
96.0,0.567450033832486,0.17185102265138888,0.13134996607491534,0.12934897744120968,0.260698943516125
96.0,0.567450033832486,0.17185102265138888,0.13134996607491534,0.12934897744120968,0.260698943516125
97.33333333333333,0.5456889768832938,0.16068606955714407,0.16532523609141803,0.12829971746814403,0.2936249535595621
98.66666666666667,0.556927456381903,0.14188004814545083,0.1832708899666635,0.11792160550598264,0.3011924954726461
100.0,0.5708147473388312,0.12531464444276175,0.19646535471218662,0.10740525350622021,0.30387060821840683
100.0,0.5708147473388312,0.12531464444276175,0.19646535471218662,0.10740525350622021,0.30387060821840683
101.33333333333333,0.5982553578405969,0.13141899662940223,0.16101698989475266,0.10930865563524801,0.27032564553000066
102.66666666666667,0.5919739066843804,0.14593100842617096,0.14275512051891343,0.11933996437053522,0.26209508488944866
104.0,0.5760492634297444,0.16229011186517067,0.1296268820446596,0.1320337426604254,0.261660624705085
104.0,0.5760492634297444,0.16229011186517067,0.1296268820446596,0.1320337426604254,0.261660624705085
105.33333333333333,0.5533704674540257,0.15199628599922588,0.16415010786372417,0.13048313868302414,0.29463324654674833
106.66666666666667,0.5639333092351493,0.13425323727405497,0.18239775015716506,0.11941570333363052,0.3018134534907956
108.0,0.5771905725763626,0.11864315037493531,0.19579952527885633,0.1083667517698458,0.30416627704870214
108.0,0.5771905725763626,0.11864315037493531,0.19579952527885633,0.1083667517698458,0.30416627704870214
109.33333333333333,0.604708981260323,0.12468589371670637,0.16044932604875964,0.11015579897421089,0.2706051250229705
110.66666666666667,0.5984662017931999,0.13893408157522769,0.1423727158789466,0.12022700075262586,0.26259971663157244
112.0,0.5824408601982742,0.15512411951785515,0.12942287840413683,0.13301214187973376,0.2624350202838706
112.0,0.5824408601982742,0.15512411951785515,0.12942287840413683,0.13301214187973376,0.2624350202838706
113.33333333333333,0.558838976809331,0.1456528759948654,0.1642670864268071,0.1312410607689964,0.2955081471958035
114.66666666666667,0.568648814081394,0.12884798583596271,0.1826285576003256,0.11987464248231769,0.30250320008264325
116.0,0.5812851783153843,0.11403403717290278,0.19607824856250702,0.10860253594920592,0.304680784511713
116.0,0.5812851783153843,0.11403403717290278,0.19607824856250702,0.10860253594920592,0.304680784511713
117.33333333333333,0.6088361415644779,0.12011344115822294,0.16068518559599773,0.1103652316813015,0.27105041727729917
118.66666666666667,0.6026545998020096,0.13423185690358502,0.14264620297379174,0.12046734032061356,0.2631135432944053
120.0,0.5865946894763266,0.1503527390500565,0.12974217932089196,0.133310392152725,0.263052571473617
120.0,0.5865946894763266,0.1503527390500565,0.12974217932089196,0.133310392152725,0.263052571473617
121.33333333333333,0.5622948481007309,0.14149158621561017,0.16476167785812032,0.1314518878255386,0.2962135656836589
122.66666666666667,0.5715102941913546,0.1253670558651447,0.18315292585858967,0.11996972408491108,0.30312264994350074
124.0,0.5836791028487155,0.11111549468983294,0.19659071309899503,0.10861468936245643,0.30520540246145145
124.0,0.5836791028487155,0.11111549468983294,0.19659071309899503,0.10861468936245643,0.30520540246145145
125.33333333333333,0.6112439486473512,0.11725199950734974,0.16112111497437404,0.11038293687092507,0.2715040518452991
126.66666666666667,0.6051185707151923,0.13131020600042606,0.14306462752456064,0.12050659575982091,0.26357122328438154
128.0,0.5890552106965286,0.14740671459481913,0.1301539360812832,0.13338413862736911,0.2635380747086523
128.0,0.5890552106965286,0.14740671459481913,0.1301539360812832,0.13338413862736911,0.2635380747086523
129.33333333333334,0.5642949088168271,0.1389496466212672,0.1652617111386321,0.13149373342327353,0.29675544456190567
130.66666666666666,0.573107834643226,0.12327073940317065,0.18364934863349053,0.11997207732011282,0.3036214259536033
132.0,0.5849686978167288,0.109381678279846,0.1970592396382607,0.10859038426516444,0.30564962390342515
132.0,0.5849686978167288,0.109381678279846,0.1970592396382607,0.10859038426516444,0.30564962390342515
133.33333333333334,0.6125394738844553,0.1155692389336574,0.1615199982348302,0.11037128894705708,0.27189128718188726
134.66666666666666,0.6064556952450789,0.12960308911594653,0.14343232829515618,0.12050888734381845,0.26394121563897466
136.0,0.5903994657718018,0.14569500904799096,0.13049959266089592,0.1334059325193113,0.2639055251802072
136.0,0.5903994657718018,0.14569500904799096,0.13049959266089592,0.1334059325193113,0.2639055251802072
137.33333333333334,0.565362144414175,0.13748640187590871,0.16564724089136243,0.1315042128185541,0.2971514537099165
138.66666666666666,0.5739283430594748,0.12207939966065855,0.18402137165742782,0.11997088562243885,0.3039922572798667
140.0,0.58560438255218,0.10840890646954768,0.19740472213109705,0.10858198884717524,0.3059867109782723
140.0,0.58560438255218,0.10840890646954768,0.19740472213109705,0.10858198884717524,0.3059867109782723
141.33333333333334,0.6131775482394906,0.11463461059934946,0.16181402523844757,0.11037381592271234,0.2721878411611599
142.66666666666666,0.6071208740299753,0.1286612787648377,0.14369790113467146,0.1205199460705154,0.2642178472051869
144.0,0.5910731784534365,0.14475608713015142,0.1307431994016043,0.13342753501480772,0.26417073441641203
144.0,0.5910731784534365,0.14475608713015142,0.1307431994016043,0.13342753501480772,0.26417073441641203
145.33333333333334,0.5658819647352751,0.1366910901031337,0.16590587191302542,0.13152107324856585,0.2974269451615913
146.66666666666666,0.5743089689629085,0.12144027194543104,0.1842664194957105,0.11998433959595002,0.3042507590916605
148.0,0.5858827350599064,0.10789404692077577,0.19762983114120072,0.108593386878117,0.30622321801931773
148.0,0.5858827350599064,0.10789404692077577,0.19762983114120072,0.108593386878117,0.30622321801931773
149.33333333333334,0.6134567373064741,0.11414541576213802,0.16200541204411964,0.11039243488726815,0.2723978469313878
150.66666666666666,0.6074161338858609,0.1281720198128034,0.14386828633676618,0.12054355996456963,0.2644118463013358
152.0,0.5913752864566921,0.14427136536340007,0.1308967265850156,0.13345662159489227,0.26435334817990785
152.0,0.5913752864566921,0.14427136536340007,0.1308967265850156,0.13345662159489227,0.26435334817990785
153.33333333333334,0.5661054303012822,0.1362845365683899,0.16606293222882848,0.13154710090149951,0.29761003313032797
154.66666666666666,0.5744602123544991,0.12111830376307002,0.18441303868068426,0.12000844520174656,0.30442148388243084
156.0,0.5859820220085633,0.10763872556802426,0.19776329881722837,0.10861595360618408,0.30637925242341246
156.0,0.5859820220085633,0.10763872556802426,0.19776329881722837,0.10861595360618408,0.30637925242341246
157.33333333333334,0.6135562482296973,0.11390603371835008,0.16211871041125636,0.11041900764069618,0.27253771805195254
158.66666666666666,0.6075244316650197,0.1279347426360775,0.1439678780418913,0.12057294765701149,0.26454082569890275
160.0,0.5914882660066757,0.14403794282642998,0.1309850449457707,0.13348874622112367,0.2644737911668944
160.0,0.5914882660066757,0.14403794282642998,0.1309850449457707,0.13348874622112367,0.2644737911668944
161.33333333333334,0.5661821992985963,0.13609099252524265,0.16615028329511117,0.13157652488104984,0.297726808176161
162.66666666666666,0.5745030977004383,0.12096777027311988,0.18449341682757922,0.12003571519886258,0.3045291320264418
164.0,0.5860011991837343,0.10752174180724205,0.19783580415357807,0.10864125485544558,0.30647705900902367
164.0,0.5860011991837343,0.10752174180724205,0.19783580415357807,0.10864125485544558,0.30647705900902367
165.33333333333334,0.6135754617910099,0.11379826433297274,0.16218012559362907,0.11044614828238837,0.27262627387601746
166.66666666666666,0.6075480772606833,0.12782915098574985,0.14402114915606465,0.12060162259750229,0.2646227717535669
168.0,0.5915148202254087,0.1439349390102045,0.1310314921791727,0.13351874858521418,0.2645502407643869
168.0,0.5915148202254087,0.1439349390102045,0.1310314921791727,0.13351874858521418,0.2645502407643869
169.33333333333334,0.5661945572613111,0.13600683234221048,0.16619456983853634,0.13160404055794206,0.29779861039647837
170.66666666666666,0.5745017559575343,0.12090393136763959,0.18453349736281668,0.12006081531200949,0.3045943126748262
172.0,0.5859907130911841,0.10747357863522962,0.1978715706404623,0.10866413763312407,0.3065357082735864
172.0,0.5859907130911841,0.10747357863522962,0.1978715706404623,0.10866413763312407,0.3065357082735864
173.33333333333334,0.6135649892089018,0.11375505860756879,0.16221032377722058,0.11046962840630875,0.27267995218352936
174.66666666666666,0.6075396405876817,0.12778753375616117,0.14404690999887904,0.12062591565727811,0.26467282565615713
176.0,0.5915080655417175,0.14389478707970182,0.1310534724021361,0.13354367497644448,0.2645971473785806
176.0,0.5915080655417175,0.14389478707970182,0.1310534724021361,0.13354367497644448,0.2645971473785806
177.33333333333334,0.5661839219895276,0.13597472767886756,0.16621453800209152,0.13162681232951348,0.29784135033160497
178.66666666666666,0.574487048716615,0.12088056320338958,0.18455114940687536,0.12008123867311991,0.30463238807999526
180.0,0.5859736237953856,0.1074568603642365,0.1978870752620949,0.10868244057828304,0.3065695158403779
180.0,0.5859736237953856,0.1074568603642365,0.1978870752620949,0.10868244057828304,0.3065695158403779
181.33333333333334,0.6135479346830597,0.11374080176167076,0.16222334130443494,0.11048792225083473,0.2727112635552697
182.66666666666666,0.6075234074186132,0.12777423292090145,0.14405772842609413,0.1206446312343912,0.26470235966048533
184.0,0.5914927452827656,0.14388217448142604,0.1310623838144423,0.13356269642136592,0.2646250802358082
184.0,0.5914927452827656,0.14388217448142604,0.1310623838144423,0.13356269642136592,0.2646250802358082
185.33333333333334,0.5661688714499328,0.13596505096627862,0.16622197799301056,0.13164409959077794,0.2978660775837885
186.66666666666666,0.5744719117180112,0.12087415427730319,0.1845574330790626,0.1200965009256232,0.3046539340046858
188.0,0.5859587828594499,0.10745289454360629,0.19789241724462098,0.1086959053523228,0.3065883225969438
188.0,0.5859587828594499,0.10745289454360629,0.19789241724462098,0.1086959053523228,0.3065883225969438
189.33333333333334,0.6135331478552073,0.11373793922933455,0.1622277668575124,0.11050114605794574,0.27272891291545814
190.66666666666666,0.6075088824684661,0.1277718533183073,0.14406119251179172,0.1206580717014348,0.26471926421322656
192.0,0.5914786852747144,0.1438800264776998,0.13106499483377054,0.1335762934138152,0.2646412882475857
192.0,0.5914786852747144,0.1438800264776998,0.13106499483377054,0.1335762934138152,0.2646412882475857
193.33333333333334,0.5661562903887568,0.135963668002292,0.16622365191723457,0.1316563896917166,0.29788004160895115
194.66666666666666,0.5744604923347538,0.12087371189651222,0.18455859964344914,0.12010719612528468,0.3046657957687338
196.0,0.5859484072207434,0.10745313446462189,0.1978932525286755,0.10870520578595921,0.3065984583146347
196.0,0.5859484072207434,0.10745313446462189,0.1978932525286755,0.10870520578595921,0.3065984583146347
197.33333333333334,0.6135228327342436,0.11373860158179078,0.16222840069431693,0.11051016498964862,0.27273856568396554
198.66666666666666,0.6074986040642267,0.12777270504829924,0.14406148810352284,0.12066720278395125,0.2647286908874741
200.0,0.5914686274634037,0.14388088132269722,0.13106497770631484,0.13358551350758419,0.264650491213899
200.0,0.5914686274634037,0.14388088132269722,0.13106497770631484,0.13358551350758419,0.264650491213899
201.33333333333334,0.5661477063312019,0.13596451556234274,0.16622309972386326,0.131664678382592,0.2978877781064552
202.66666666666666,0.5744531576374964,0.12087465886157263,0.18455786991942086,0.12011431358151008,0.30467218350093095
204.0,0.5859420787834937,0.10745414377020338,0.1978924654138751,0.10871131203242776,0.30660377744630285
204.0,0.5859420787834937,0.10745414377020338,0.1978924654138751,0.10871131203242776,0.30660377744630285
205.33333333333334,0.6135165605184884,0.11373972547090572,0.16222768417538372,0.11051602983522212,0.2727437140106058
206.66666666666666,0.6074922983083716,0.12777386252885126,0.14406071167433598,0.12067312748844124,0.2647338391627772
208.0,0.5914624176333739,0.14388195161568532,0.13106413548219217,0.13359149526874858,0.26465563075094073
208.0,0.5914624176333739,0.14388195161568532,0.13106413548219217,0.13359149526874858,0.26465563075094073
209.33333333333334,0.5661425891915446,0.13596539985232758,0.16622198384392975,0.13167002711219805,0.29789201095612783
210.66666666666666,0.5744489953336331,0.12087543057852834,0.1845567248765728,0.12011884921126577,0.3046755740878386
212.0,0.5859386511978145,0.10745483169222322,0.1978913636243861,0.10871515348557635,0.30660651710996245
212.0,0.5859386511978145,0.10745483169222322,0.1978913636243861,0.10871515348557635,0.30660651710996245
213.33333333333334,0.613513179288857,0.11374040916448619,0.16222671951580925,0.11051969203084752,0.2727464115466568
214.66666666666666,0.6074888758360303,0.12777451180010804,0.1440597889568044,0.12067682340705733,0.26473661236386176
216.0,0.5914590321457188,0.143882495753615,0.13106324099508304,0.13359523110558313,0.2646584721006662
216.0,0.5914590321457188,0.143882495753615,0.13106324099508304,0.13359523110558313,0.2646584721006662
217.33333333333334,0.5661398946684902,0.13596578742724852,0.16622096795226404,0.1316733499519972,0.29789431790426124
218.66666666666666,0.5744469167028852,0.12087571559696372,0.1845557343336253,0.12012163336652572,0.30467736770015097
220.0,0.5859370318072288,0.10745504836831382,0.19789043750014543,0.10871748232431193,0.30660791982445734
220.0,0.5859370318072288,0.10745504836831382,0.19789043750014543,0.10871748232431193,0.30660791982445734
221.33333333333334,0.6135115950118344,0.11374058921139062,0.16222591636801603,0.11052189940875909,0.27274781577677515
222.66666666666666,0.6074872620154808,0.12777463776879763,0.14405904911230227,0.12067905110341932,0.2647381002157216
224.0,0.5914574300353977,0.14388253008013188,0.13106255206602632,0.13359748781844413,0.2646600398844705
224.0,0.5914574300353977,0.14388253008013188,0.13106255206602632,0.13359748781844413,0.2646600398844705
225.33333333333334,0.5661386774026654,0.13596573855569716,0.1662202373588111,0.13167534668282627,0.29789558404163735
226.66666666666666,0.5744460486356785,0.12087562377960318,0.18455504037276824,0.12012328721195006,0.3046783275847183
228.0,0.5859364164477444,0.10745493585288857,0.19788979872613038,0.10871884897323646,0.30660864769936685
228.0,0.5859364164477444,0.10745493585288857,0.19788979872613038,0.10871884897323646,0.30660864769936685
229.33333333333334,0.6135110045807454,0.11374044144949566,0.16222536474981586,0.1105231892199431,0.272748553969759
230.66666666666666,0.6074866555689341,0.127774438904421,0.14405855158432468,0.12068035394232035,0.26473890552664503
232.0,0.591456825936582,0.14388226230180323,0.13106209999208066,0.13359881176953398,0.26466091176161466
232.0,0.591456825936582,0.14388226230180323,0.13106209999208066,0.13359881176953398,0.26466091176161466
233.33333333333334,0.5661382601464692,0.13596544750168818,0.16621978030451257,0.13167651204733008,0.2978962923518427
234.66666666666666,0.5744458045924307,0.12087533895570335,0.1845546146481394,0.12012424180372674,0.30467885645186615
236.0,0.5859362930503811,0.10745466689278195,0.19788941156338702,0.10871962849344989,0.30660904005683687
236.0,0.5859362930503811,0.10745466689278195,0.19788941156338702,0.10871962849344989,0.30660904005683687
237.33333333333334,0.6135108979800693,0.11374014804573751,0.162225031139953,0.11052392283424028,0.2727489539741933
238.66666666666666,0.6074865428163981,0.12777410539154824,0.14405825551729493,0.12068109627475873,0.26473935179205366
240.0,0.5914567129326692,0.14388188155706627,0.13106183633720772,0.13359956917305696,0.2646614055102647
240.0,0.5914567129326692,0.14388188155706627,0.13106183633720772,0.13359956917305696,0.2646614055102647
241.33333333333334,0.5661382208669153,0.1359650784757173,0.16621952530391917,0.1316771753534482,0.2978967006573674
242.66666666666666,0.57444583625199,0.12087500265495878,0.18455438163596266,0.12012477945708865,0.30467916109305127
244.0,0.5859363707456875,0.1074543644545064,0.19788920222208808,0.10872006257771784,0.30660926479980594
244.0,0.5859363707456875,0.1074543644545064,0.19788920222208808,0.10872006257771784,0.30660926479980594
245.33333333333334,0.6135109865078222,0.11373983170189374,0.1622248509240337,0.11052433086625028,0.27274918179028396
246.66666666666666,0.6074866308783734,0.1277737607589237,0.1440580981051595,0.12068151025754367,0.26473960836270316
248.0,0.5914568005722779,0.14388150670302974,0.13106169910139545,0.1335999936232969,0.2646616927246923
248.0,0.5914568005722779,0.14388150670302974,0.13106169910139545,0.1335999936232969,0.2646616927246923
249.33333333333334,0.5661383252601995,0.13596473003762288,0.1662193994163565,0.13167754528582115,0.29789694470217765
250.66666666666666,0.5744459590753984,0.12087469510641577,0.1845542693631957,0.12012507645499022,0.3046793458181859
252.0,0.5859365025592884,0.10745409461106087,0.1978891029503591,0.1087202998792916,0.3066094028296507
252.0,0.5859365025592884,0.10745409461106087,0.1978891029503591,0.1087202998792916,0.3066094028296507
253.33333333333334,0.6135111250485218,0.113739555432105,0.1622247654320432,0.11052455408732978,0.272749319519373
254.66666666666666,0.6074867715352789,0.1277734659868063,0.14405802493216954,0.12068173754574539,0.2647397624779149
256.0,0.5914569412278554,0.143881193656605,0.13106163714712085,0.1336002279684186,0.26466186511553946
256.0,0.5914569412278554,0.143881193656605,0.13106163714712085,0.1336002279684186,0.26466186511553946
257.3333333333333,0.5661384585272052,0.13596444563631738,0.16621934718036616,0.13167774865611134,0.2978970958364775
258.6666666666667,0.574446087849464,0.12087444900475124,0.18455422471246943,0.12012523843331517,0.3046794631457846
260.0,0.5859366250107368,0.10745388218833578,0.19788906461439124,0.10872042818653616,0.3066094928009274
