Generation,nOC,nOB,nMMd,nMMr,total nMM
0.0,0.26666666666666666,0.4,0.26666666666666666,0.06666666666666667,0.3333333333333333
0.5042016806722689,0.4085890786166227,0.31790828171296287,0.21886329705026814,0.05463934262014627,0.2735026396704144
1.0084033613445378,0.4737462698961484,0.27589572265895385,0.20097019534720026,0.04938781209769757,0.25035800744489783
1.5126050420168067,0.5094106689837506,0.2494755287106581,0.19441613649976802,0.04669766580582327,0.2411138023055913
2.0168067226890756,0.5313515932755413,0.2304700867295451,0.19301916765958535,0.045159152335328225,0.23817831999491357
2.5210084033613445,0.5461519658801268,0.21548865435316278,0.19417470213523438,0.04418467763147597,0.23835937976671034
3.0252100840336134,0.5569241926835129,0.20294081613576323,0.19663562408364682,0.04349936709707703,0.24013499118072384
3.5294117647058822,0.565255825453945,0.19201695082339787,0.19976066821930746,0.04296655550334975,0.2427272237226572
4.033613445378151,0.5720000500903253,0.1822766187684569,0.2032070543483246,0.04251627679289323,0.24572333114121783
4.53781512605042,0.5776355891067989,0.17346396895775357,0.20678803648190305,0.04211240545354448,0.24890044193544755
5.042016806722689,0.5824429124633957,0.16541932318087277,0.21040132172855724,0.04173644262717443,0.25213776435573165
5.546218487394958,0.5865945988612253,0.15803500723651093,0.21399122907334292,0.041379164828920685,0.2553703939022636
6.050420168067227,0.5902030702382569,0.15123264927210692,0.21752806294318935,0.04103621754644665,0.258564280489636
6.554621848739496,0.5933463301571869,0.14495124704806656,0.2209966606837142,0.04070576211103245,0.26170242279474665
7.0588235294117645,0.5960820633030279,0.1391407575433623,0.2243899640657938,0.04038721508781577,0.26477717915360954
7.563025210084033,0.5984554699636697,0.13375856343423106,0.22770539015612068,0.04008057644597866,0.2677859666020993
8.067226890756302,0.6005036879462049,0.12876745723743796,0.2309427780229417,0.03978607679341549,0.27072885481635717
8.571428571428571,0.6022583416566025,0.12413443532035587,0.2341032258389129,0.039503997184128656,0.2736072230230416
9.07563025210084,0.6037470433182855,0.11982993397545964,0.2371884398470021,0.03923458285925272,0.2764230227062548
9.579831932773109,0.6049943172132467,0.11582730797657947,0.24020036874103698,0.03897800606913675,0.27917837481017377
10.084033613445378,0.606022187249783,0.11210245055160005,0.2431410068537329,0.03873435534488407,0.281875362198617
10.588235294117647,0.6068505786758649,0.10863349614640874,0.2460122879744912,0.03850363720323513,0.2845159251777264
11.092436974789916,0.6074976021314115,0.1054005778346449,0.24881603578592348,0.038285784248020135,0.28710182003394363
11.596638655462185,0.6079797710011755,0.10238562084150615,0.2515539428346472,0.03808066532267116,0.2896346081573184
12.100840336134453,0.6083121747230734,0.09957216291248777,0.25422756635976357,0.03788809600467516,0.2921156623644387
12.605042016806722,0.6085086243499588,0.09694519516138925,0.25683833223827984,0.03770784825037212,0.294546180488652
13.109243697478991,0.6085817749496754,0.09449102072034236,0.2593875451207371,0.03753965920924529,0.2969272043299824
13.61344537815126,0.6085432256942962,0.09219713155737376,0.2618764027080897,0.03738324004024023,0.29925964274832995
14.117647058823529,0.6084036272192156,0.09005209026181106,0.2643060016471888,0.03723828087178469,0.30154428251897347
14.621848739495798,0.6081727662638542,0.08804542931752955,0.2666773477463291,0.03710445667228728,0.3037818044186164
15.126050420168067,0.6078596297444335,0.08616756158205151,0.2689913757193053,0.03698143295420958,0.3059728086735149
15.630252100840336,0.6074724770744825,0.08440969641172678,0.271248957399737,0.036868869114053834,0.3081178265137908
16.134453781512605,0.6070189098219717,0.08276376458646087,0.2734509043024797,0.036766421289087685,0.3102173255915674
16.63865546218487,0.6065059239635064,0.08122235113116597,0.2755979799896028,0.03667374491572488,0.3122717249053276
17.142857142857142,0.605939954795089,0.07977863630254256,0.27769091144577623,0.036590497456592194,0.31428140890236844
17.647058823529413,0.6053269302138929,0.0784263398815824,0.2797303903776294,0.03651633952689529,0.31624672990452474
18.15126050420168,0.6046723082626819,0.0771596725884524,0.28171708267417217,0.03645093647469351,0.3181680191488657
18.655462184873947,0.6039811166662149,0.07597329146000056,0.28365163260243964,0.03639395927134499,0.3200455918737847
19.159663865546218,0.6032579861872471,0.07486226017008578,0.285534668141918,0.03634508550074903,0.3218797536426671
19.66386554621849,0.6025071823369798,0.07382201273173367,0.2873668050569168,0.036303999874369726,0.3236708049312866
20.168067226890756,0.6017326339786154,0.07284832086503014,0.2891486504610505,0.036270394695303874,0.32541904515635434
20.672268907563023,0.6009379584589098,0.07193726442870754,0.2908808070212485,0.036243970091134024,0.3271247771123826
21.176470588235293,0.6001264860954189,0.07108520444565841,0.292563875418553,0.03622443404036965,0.3287883094589227
21.680672268907564,0.5993012827720089,0.07028876019697279,0.2941984535429396,0.03621150348807864,0.3304099570310182
22.18487394957983,0.5984651679379482,0.06954478527844785,0.29578514398780337,0.03620490279580065,0.331990046783604
22.6890756302521,0.597620732451396,0.06885034921091124,0.2973245535302492,0.03620436480744344,0.3335289183376927
23.19327731092437,0.5967703556407784,0.06820271905660398,0.29881729478496577,0.03620963051765183,0.33502692530261763
23.69747899159664,0.595916223091187,0.06759934263333736,0.3002639855407932,0.03622044873468255,0.33648443427547575
24.201680672268907,0.5950603385847337,0.06703783391000662,0.30166525144954276,0.036236576055716826,0.33790182750525954
24.705882352941174,0.5942045363691962,0.06651595973846104,0.3030217269790753,0.03625777691326741,0.3392795038923427
25.210084033613445,0.5933504929012045,0.06603162733566403,0.3043340565528594,0.0362838232102723,0.3406178797631317
25.714285714285715,0.5924997404919392,0.06558287283401441,0.30560289269136387,0.03631449398268249,0.34191738667404636
26.218487394957982,0.5916536757633939,0.0651678513157339,0.306828897548347,0.036349575372525166,0.34317847292087217
26.72268907563025,0.5908135688304313,0.06478482752609016,0.308012743229538,0.03638886041394039,0.3444016036434784
27.22689075630252,0.5899805730574066,0.06443216724273378,0.30915511096308296,0.036432148736776665,0.34558725969985965
27.73109243697479,0.589155732153809,0.06410832967792135,0.31025669168721803,0.036479246481051615,0.34673593816826964
28.235294117647058,0.5883399885001644,0.06381186027904821,0.31131818525375105,0.03652996596703617,0.3478481512207872
28.739495798319325,0.5875341899149392,0.06354138431016883,0.31234030024626985,0.03658412552862205,0.34892442577489186
29.243697478991596,0.5867390963161433,0.06329560092795435,0.31332375344214697,0.03664154931375529,0.34996530275590226
29.747899159663866,0.5859553857097626,0.06307327779679824,0.3142692694087691,0.03670206708467006,0.35097133649343915
30.252100840336134,0.585183660045733,0.06287324612248517,0.31517757980545946,0.03676551402632251,0.35194309383178196
30.7563025210084,0.5844244503067983,0.0626943961707561,0.3160494229584673,0.03683173056397819,0.3528811535224455
31.26050420168067,0.5836782218421503,0.06253567307144618,0.3168855429141381,0.03690056217226529,0.3537861050864034
31.764705882352942,0.5829453787739589,0.06239607306729379,0.3176866889435368,0.036971859215210456,0.35465854815874726
32.26890756302521,0.5822262684391374,0.0622746400265773,0.31845361475555584,0.0370454767787295,0.3554990915342853
32.773109243697476,0.581521185330769,0.06217046229695694,0.3191870778573504,0.03712127451492366,0.35630835237227404
33.27731092436974,0.5808303752762901,0.06208266972947034,0.31988783852150404,0.03719911647273547,0.3570869549942395
33.78151260504202,0.5801540387763701,0.06201043104587568,0.32055665920875986,0.03727887096899438,0.35783553017775427
34.285714285714285,0.5794923343268877,0.06195295139701374,0.3211943038229212,0.03736041045317748,0.35855471427609864
34.78991596638655,0.5788453816886725,0.06190947009673315,0.3218015368465442,0.037443611368050106,0.35924514821459436
35.294117647058826,0.5782132647037826,0.061879258615903286,0.3223791226524675,0.037528354027846635,0.3599074766803141
35.79831932773109,0.5775960344264933,0.06186161860931762,0.322927824483946,0.037614522480243225,0.3605423469641892
36.30252100840336,0.5769937113333867,0.061855880255300706,0.32344840399200225,0.03770200441931032,0.3611504084113126
36.80672268907563,0.5764062878193374,0.061861400657798826,0.3239416204491059,0.03779069107375777,0.3617323115228636
37.310924369747895,0.5758337307000964,0.061877562335727,0.32440822987665674,0.037880477087519814,0.36228870696417653
37.81512605042017,0.5752759829181482,0.06190377204023887,0.32484898458797445,0.03797126045363832,0.3628202450416128
38.319327731092436,0.5747329662272577,0.06193945933585071,0.32526463206391587,0.03806294237297588,0.3633275744368918
38.8235294117647,0.5742045826696963,0.06198407556188676,0.32565591457276916,0.03815542719564779,0.36381134176841695
39.32773109243698,0.5736907161113506,0.06203709283084967,0.32602356870137505,0.038248622356424795,0.3642721910577999
39.831932773109244,0.5731912341962375,0.06209800303374722,0.32636832450011743,0.03834243826989785,0.3647107627700153
40.33613445378151,0.5727059898957366,0.06216631693198966,0.32669090492033903,0.03843678825193476,0.3651276931722738
40.84033613445378,0.5722348225636699,0.06224156356409328,0.3269920253811796,0.038531588491057166,0.3655236138722368
41.344537815126046,0.5717775600022065,0.06232328922270865,0.3272723928648063,0.038626757910278704,0.36589915077508506
41.84873949579832,0.5713340193703339,0.06241105684782941,0.32753270565349446,0.03872221812834221,0.3662549237818366
42.35294117647059,0.5709040079783003,0.06250444550100458,0.3277736530858344,0.038817893434860765,0.3665915465206952
42.857142857142854,0.5704873244830958,0.06260304979273905,0.3279959149969561,0.03891371072720905,0.3669096257241651
43.36134453781513,0.5700837603306718,0.0627064791972217,0.3282001610647212,0.03900959940738523,0.36720976047210646
43.865546218487395,0.5696931004395284,0.06281435760754775,0.32838705060195306,0.039105491350970946,0.367492541952924
44.36974789915966,0.5693151239648919,0.0629263230448043,0.32855723210371174,0.03920132088659197,0.3677585529903037
44.87394957983193,0.5689496054949255,0.06304202703250929,0.32871134277306047,0.03929702469950483,0.36800836747256527
45.3781512605042,0.568596315775903,0.06316113401859137,0.32885000845327966,0.039392541752225896,0.36824255020550556
45.88235294117647,0.5682550217390279,0.06328332151377278,0.32897384338210645,0.03948781336509279,0.3684616567471993
46.38655462184874,0.5679254874096021,0.06340827935835901,0.32908345013576407,0.039582783096274894,0.36866623323203895
46.890756302521005,0.5676074748965036,0.06353570935217173,0.3291794190871433,0.03967739666418139,0.36885681575132473
47.39495798319328,0.567300744666294,0.06366532523000326,0.32926232812786715,0.03977160197583569,0.36903393010370283
47.89915966386555,0.5670050563494213,0.06379685202294824,0.3293327426195876,0.03986534900804296,0.36919809162763056
48.403361344537814,0.5667201688009883,0.06393002615717677,0.32939121518029674,0.03995858986153819,0.36934980504183496
48.90756302521008,0.5664458408658029,0.06406459481703523,0.3294382856781718,0.04005127863899024,0.369489564317162
49.41176470588235,0.5661818315295553,0.06420031571831004,0.3294744813289719,0.04014337142316271,0.3696178527521346
49.91596638655462,0.5659279001991808,0.06433695731287654,0.32950031615173,0.04023482633621272,0.3697351424879427
50.42016806722689,0.5656838072477784,0.06447429773446434,0.3295162916865334,0.040325603331223876,0.3698418950177573
50.924369747899156,0.5654493141082861,0.0646121255755107,0.3295228959471972,0.04041566436900595,0.36993856031620315
51.42857142857143,0.5652241839708555,0.06475023850594532,0.3295206043939247,0.040504973129274466,0.3700255775231992
51.9327731092437,0.5650081816584497,0.06488844428348758,0.32950987881340094,0.040593495244661874,0.3701033740580628
52.436974789915965,0.5648010740404719,0.06502655934488903,0.3294911685978193,0.04068119801681995,0.37017236661463926
52.94117647058823,0.5646026301850406,0.06516440939955426,0.329464909866495,0.04076805054891009,0.37023296041540515
53.4453781512605,0.5644126212793908,0.06530182895205841,0.3294315260958139,0.0408540236727368,0.3702855497685507
53.94957983193277,0.5642308211768833,0.06543866063347581,0.32939142838911895,0.04093908980052197,0.3703305181896409
54.45378151260504,0.5640570060704841,0.06557475612620142,0.3293450146571159,0.041023223146198516,0.3703682378033144
54.95798319327731,0.5638909550486804,0.06570997498506398,0.32929267049492655,0.04110639947132924,0.37039906996625577
55.46218487394958,0.5637324503692868,0.0658441847612079,0.32923476875864705,0.0411885961108584,0.3704233648695054
55.96638655462185,0.5635812775225713,0.06597726065928756,0.3291716699069539,0.041269791911187216,0.37044146181814114
56.470588235294116,0.563437225075721,0.0661090854906079,0.3291037221896512,0.0413499672440198,0.3704536894336711
56.97478991596638,0.5633000848857045,0.06623954931297042,0.32903126187015047,0.04142910393117474,0.3704603658013252
57.47899159663865,0.5631696515498723,0.06636854956926279,0.3289546135619866,0.0415071853188784,0.370461798880865
57.983193277310924,0.5630457224307357,0.0664959904774718,0.3288740909312022,0.041584196160590246,0.3704582870917924
58.48739495798319,0.5629280987383071,0.0666217830825068,0.3287899956050476,0.04166012257413853,0.37045011817918616
58.99159663865546,0.5628165859789543,0.066745844819545,0.32870261726828065,0.04173495193322002,0.3704375692015007
59.49579831932773,0.5627109932242222,0.06686809945392566,0.32861223441439547,0.04180867290745658,0.370420907321852
60.0,0.5626111318681839,0.06698847703964247,0.3285191155536842,0.04188127553848943,0.3704003910921736
60.0,0.5626111318681839,0.06698847703964247,0.3285191155536842,0.04188127553848943,0.3704003910921736
61.111111111111114,0.5929717408619192,0.07643237611371397,0.2853827603402435,0.04521312268412328,0.3305958830243668
62.22222222222222,0.6003770467674256,0.09027107709773659,0.258474292407504,0.05087758372733376,0.3093518761348378
63.333333333333336,0.5975105365314991,0.10708575015071331,0.23742475167516003,0.057978961642627495,0.29540371331778753
64.44444444444444,0.5891259493272342,0.12596680476561373,0.21879155881808657,0.06611568708906553,0.28490724590715205
65.55555555555556,0.5774253616371904,0.14608446574775852,0.20143652053029523,0.07505365208475598,0.2764901726150512
66.66666666666667,0.5636935272568714,0.1665964802857643,0.18508328635799276,0.08462670609937156,0.2697099924573643
67.77777777777777,0.5488693665636244,0.18666285050550913,0.1697683177392999,0.09469946519156658,0.2644677829308665
68.88888888888889,0.5337344783139146,0.20550206150154143,0.15561112972441585,0.10515233046012813,0.260763460184544
70.0,0.5189531677586884,0.22245484352361564,0.1427167540809912,0.11587523463670492,0.2585919887176961
70.0,0.5189531677586884,0.22245484352361564,0.1427167540809912,0.11587523463670492,0.2585919887176961
71.11111111111111,0.5002694880195883,0.2115891374056282,0.16973694166410022,0.11840443291068321,0.28814137457478345
72.22222222222223,0.5096584530778745,0.19219051120933747,0.18458127419700524,0.11356976151578264,0.2981510357127879
73.33333333333333,0.5240944034392121,0.17339580941230429,0.19526678515358575,0.10724300199489797,0.3025097871484837
74.44444444444444,0.5376505597758439,0.15703269132589814,0.20431107098471732,0.10100567791354077,0.3053167488982581
75.55555555555556,0.5491661244626715,0.14312823990635776,0.21246539350810412,0.09524024212286666,0.30770563563097075
76.66666666666667,0.5586432210254129,0.1313580229936785,0.21998272020561743,0.09001603577529116,0.3099987559809086
77.77777777777777,0.5663324832761932,0.12137645335054793,0.22697374091337064,0.08531732245988825,0.3122910633732589
78.88888888888889,0.5725084767873246,0.11288322480157731,0.23350403604715309,0.08110426236394497,0.31460829841109805
80.0,0.5774178827245551,0.1056297098861143,0.23962129345351385,0.07733111393581661,0.3169524073893305
80.0,0.5774178827245551,0.1056297098861143,0.23962129345351385,0.07733111393581661,0.3169524073893305
81.11111111111111,0.6040323640921089,0.11301389150682936,0.20304984337196633,0.07990390102909539,0.28295374440106175
82.22222222222223,0.6044973592489593,0.12639090987280596,0.18204628537255896,0.08706544550567584,0.26911173087823476
83.33333333333333,0.5948718129114687,0.14226245831389478,0.16654009040357032,0.09632563837106635,0.26286572877463665
84.44444444444444,0.5809880488584666,0.1588904353509365,0.15344888857584557,0.10667262721475128,0.2601215157905969
85.55555555555556,0.5654796828721671,0.17516035369106717,0.14176834920224815,0.11759161423451746,0.2593599634367656
86.66666666666667,0.5497373614008654,0.19028990505437976,0.13119145399186005,0.1287812795528948,0.25997273354475486
87.77777777777777,0.5345856141168058,0.20373504395860897,0.12163510209120068,0.14004423983338457,0.26167934192458525
88.88888888888889,0.5205405311003407,0.21515188666855437,0.11306939194117926,0.15123819028992574,0.264307582231105
90.0,0.5079157886811058,0.2243712039546077,0.10546011873632817,0.1622528886279584,0.26771300736428655
90.0,0.5079157886811058,0.2243712039546077,0.10546011873632817,0.1622528886279584,0.26771300736428655
91.11111111111111,0.49920633909674583,0.20644035590239332,0.13462627445845132,0.1597270305424095,0.2943533050008609
92.22222222222223,0.5183708868880316,0.18149468516429892,0.15277954468465135,0.1473548832630183,0.30013442794766965
93.33333333333333,0.5396591498274236,0.15920863977846839,0.16683644369612036,0.1342957666979877,0.3011322103941081
94.44444444444444,0.5576318203652305,0.14083557972751062,0.17898284226824965,0.12254975763900927,0.30153259990725895
95.55555555555556,0.5718094332978598,0.12590586967519443,0.18991419049274774,0.11237050653419792,0.3022846970269456
96.66666666666667,0.5827087341532774,0.11375470450906427,0.19990846267410955,0.10362809866354873,0.3035365613376583
97.77777777777777,0.5909486786148449,0.10380844387864237,0.20911738650095021,0.09612549100556264,0.30524287750651286
98.88888888888889,0.5970676663464739,0.09561399324323766,0.2176450712441788,0.0896732691661096,0.3073183404102884
100.0,0.6015019464525618,0.08882053921979621,0.22557121152660983,0.08410630280103208,0.3096775143276419
100.0,0.6015019464525618,0.08882053921979621,0.22557121152660983,0.08410630280103208,0.3096775143276419
101.11111111111111,0.6283230122776811,0.09476400773696819,0.19073602574313642,0.08617695424221436,0.27691297998535075
102.22222222222223,0.6287937410438945,0.10625763138374732,0.1714639464154462,0.09348468115691193,0.2649486275723581
103.33333333333333,0.6190521174714473,0.12023177139030605,0.15759294488484418,0.1031231662534025,0.26071611113824666
104.44444444444444,0.6048746508189466,0.13519476371165526,0.14600393647822338,0.11392664899117469,0.25993058546939807
105.55555555555556,0.5888619469769281,0.15017750872220126,0.1356593198836901,0.12530122441718067,0.2609605443008708
106.66666666666667,0.5723975050859703,0.16447159040712908,0.12623304108376318,0.1368978634231374,0.2631309045069006
107.77777777777777,0.5563193400883795,0.17755153361202117,0.11763973275392031,0.148489393545679,0.26612912629959934
108.88888888888889,0.5411728739719882,0.1890500140301751,0.10986059918581638,0.15991651281202043,0.2697771119978368
110.0,0.527311519788973,0.19874536242435406,0.10288090549777937,0.17106221228889354,0.2739431177866729
110.0,0.527311519788973,0.19874536242435406,0.10288090549777937,0.17106221228889354,0.2739431177866729
111.11111111111111,0.5164901808867393,0.1834387371990464,0.1330022859378423,0.167068795976372,0.3000710819142143
112.22222222222223,0.5343615521383548,0.16131852553556858,0.1516215074136505,0.15269841491242617,0.3043199223260767
113.33333333333333,0.5544530688743963,0.14157400202297543,0.16594999917337228,0.13802292992925602,0.3039729291026283
114.44444444444444,0.5712171957638551,0.1253846917583435,0.17830179324735704,0.1250963192304443,0.30339811247780135
115.55555555555556,0.5842070740409643,0.11230442994468198,0.18941427944886155,0.11407421656549223,0.3034884960143538
116.66666666666667,0.593975855276787,0.10171373394721529,0.19957895558253388,0.10473145519346373,0.30431041077599763
117.77777777777777,0.6011632498767735,0.09308530630519929,0.20895169462466587,0.09679974919336129,0.30575144381802716
118.88888888888889,0.6063156507723527,0.08600747921431313,0.21763746087237443,0.0900394091409597,0.30767687001333416
120.0,0.6098694665511671,0.08016461585686671,0.22571562908134035,0.08425028851062585,0.30996591759196623
120.0,0.6098694665511671,0.08016461585686671,0.22571562908134035,0.08425028851062585,0.30996591759196623
121.11111111111111,0.6368499889458946,0.08588681101298189,0.19095235136911545,0.086310848672008,0.2772632000411235
122.22222222222223,0.6376937515259419,0.09680929052859014,0.17183985317315645,0.09365710477231161,0.26549695794546807
123.33333333333333,0.6282839037195068,0.11019169269495585,0.15815094230480115,0.10337346128073621,0.26152440358553736
124.44444444444444,0.6142955616039847,0.12469022212735473,0.1467282808092324,0.11428593545942818,0.26101421626866056
125.55555555555556,0.5982906909844238,0.13940721272557607,0.13651208256585606,0.12579001372414403,0.2623020962900001
126.66666666666667,0.5816479046638628,0.15365975899272805,0.1271672674587532,0.13752506888465585,0.26469233634340905
127.77777777777777,0.5652213879113924,0.16691653104497362,0.11860900058219628,0.14925308046143765,0.2678620810436339
128.88888888888889,0.5495859225626764,0.17878336482638923,0.11082481345251179,0.1608058991584226,0.2716307126109344
130.0,0.5351310756344423,0.1889996435596831,0.1038089617004593,0.17206031910541533,0.27586928080587464
130.0,0.5351310756344423,0.1889996435596831,0.1038089617004593,0.17206031910541533,0.27586928080587464
131.11111111111111,0.5228706586152218,0.17506797892442655,0.13419059075588305,0.16787077170446862,0.3020613624603517
132.22222222222223,0.5396111333794372,0.1543384398031899,0.15282536996197413,0.15322505685539867,0.3060504268173728
133.33333333333334,0.5588211830137597,0.13574825343993663,0.16709185692123762,0.13833870662506606,0.30543056354630366
134.44444444444446,0.5748731373670378,0.1204846873384054,0.1793690975417473,0.12527307775280958,0.3046421752945569
135.55555555555554,0.5872787042519702,0.10814483967005964,0.19041284169908923,0.1141636143788809,0.3045764560779701
136.66666666666666,0.5965652628239749,0.0981494804374906,0.2005182436121783,0.10476701312635606,0.30528525673853435
137.77777777777777,0.6033532535916061,0.09000350564699296,0.20984065788634404,0.09680258287505691,0.306643240761401
138.88888888888889,0.60817363850406,0.08332009289992785,0.2184835497221848,0.09002271887382737,0.30850626859601216
140.0,0.6114503212606835,0.07780260428988386,0.22652475728541274,0.08422231716401982,0.31074707444943256
140.0,0.6114503212606835,0.07780260428988386,0.22652475728541274,0.08422231716401982,0.31074707444943256
141.11111111111111,0.638488679610222,0.08351181388467377,0.19169417038908976,0.08630533611601442,0.2779995065051042
142.22222222222223,0.6394752097238593,0.0943125448955953,0.1725448754826972,0.09366736989784824,0.26621224538054544
143.33333333333334,0.6302005228317905,0.10756366931522272,0.15883262678040969,0.1034031810725771,0.2622358078529868
144.44444444444446,0.6163068364817704,0.12196383955574196,0.14738866143351834,0.11434066252896927,0.2617293239624876
145.55555555555554,0.6003434912679788,0.13663522602619266,0.13714700805767138,0.125874274648157,0.26302128270582836
146.66666666666666,0.583686964681026,0.1509016221232773,0.127770198812818,0.13764121438287868,0.26541141319569667
147.77777777777777,0.5671958539769785,0.16422959673634407,0.11917350514046662,0.1494010441462109,0.2685745492866775
148.88888888888889,0.5514534490044689,0.1762170992892616,0.1113459646720122,0.16098348703425738,0.27232945170626954
150.0,0.5368599285202986,0.18659238499687036,0.10428391007502123,0.17226377640780965,0.2765476864828309
150.0,0.5368599285202986,0.18659238499687036,0.10428391007502123,0.17226377640780965,0.2765476864828309
151.11111111111111,0.5242033242269749,0.17304319087165693,0.1347076414478149,0.16804584345355317,0.3027534849013681
152.22222222222223,0.540612603936157,0.15269883984173596,0.15332346267757688,0.15336509354453023,0.3066885562221071
153.33333333333334,0.5595739059122415,0.13442028619904928,0.16755379420273217,0.13845201368597698,0.3060058078887091
154.44444444444446,0.5754375704713736,0.11939986001017269,0.17979373306044416,0.1253688364580096,0.3051625695184538
155.55555555555554,0.587699096783137,0.10724954948620333,0.19080326570450143,0.11424808802615827,0.30505135373065967
156.66666666666666,0.5968748618462175,0.09740305239030331,0.2008781494589221,0.10484393630455695,0.3057220857634791
157.77777777777777,0.6035773981602464,0.08937513995396518,0.21017337915745513,0.09687408272833341,0.3070474618857885
158.88888888888889,0.6083317788720595,0.08278633768285727,0.21879188791798723,0.09008999552709587,0.3088818834450831
160.0,0.6115574598708188,0.07734545683311002,0.22681102607397383,0.08428605722209737,0.3110970832960712
160.0,0.6115574598708188,0.07734545683311002,0.22681102607397383,0.08428605722209737,0.3110970832960712
161.11111111111111,0.6386103514430918,0.08306275100662355,0.19195073300553378,0.08637616454475086,0.27832689755028467
162.22222222222223,0.6396291837431413,0.09384826954777471,0.17277825356389093,0.09374429314519307,0.266522546709084
163.33333333333334,0.6303856124829154,0.10708140719380368,0.1590466200446933,0.10348636027858761,0.26253298032328093
164.44444444444446,0.6165156968604371,0.12146907783022044,0.1475850497313713,0.11443017557797117,0.26201522530934246
165.55555555555554,0.6005664848463173,0.1361370882140888,0.1373265720441534,0.1259698548954404,0.26329642693959376
166.66666666666666,0.5839141182382608,0.1504103288421063,0.1279333540499961,0.13774219886963673,0.26567555291963285
167.77777777777777,0.5674180637040125,0.16375485469516846,0.11932066197623512,0.14950641962458394,0.2688270816008191
168.88888888888889,0.5516632028584283,0.1757671003690513,0.11147770408985445,0.16109199268266589,0.27256969677252035
170.0,0.5370516440293287,0.1861732879638772,0.10440103732868526,0.1723740306781088,0.2767750680067941
170.0,0.5370516440293287,0.1861732879638772,0.10440103732868526,0.1723740306781088,0.2767750680067941
171.11111111111111,0.5243318130192685,0.17269742016998824,0.13482549705517077,0.16814526975557242,0.3029707668107432
172.22222222222223,0.5406848530911015,0.1524280144661431,0.15343371030245595,0.15345342214029947,0.3068871324427554
173.33333333333334,0.5596054543213669,0.134209070534277,0.16765462708892914,0.13853084805542687,0.306185475144356
174.44444444444446,0.5754406382916006,0.11923403655729325,0.179885437426599,0.12543988772450698,0.30532532515110594
175.55555555555554,0.5876824982248867,0.10711822636723274,0.19088660363493334,0.11431267177294728,0.3051992754078806
176.66666666666666,0.5968449355050915,0.09729816149184384,0.20095389165743432,0.10490301134563036,0.3058569030030647
177.77777777777777,0.603538721709414,0.08929071391303312,0.21024219826674062,0.09692836611081235,0.30717056437755297
178.88888888888889,0.6082876664830235,0.08271793210155587,0.21885435305261425,0.09014004836280637,0.3089944014154206
180.0,0.61151031217097,0.0772897295908273,0.22686762104794025,0.08433233719026244,0.3111999582382027
180.0,0.61151031217097,0.0772897295908273,0.22686762104794025,0.08433233719026244,0.3111999582382027
181.11111111111111,0.6385657545073049,0.08301063394893203,0.1920002596296667,0.08642335191409628,0.27842361154376294
182.22222222222223,0.6395887929966613,0.09379632300049169,0.17282137599145134,0.09379350801139569,0.266614884002847
183.33333333333334,0.6303493546235568,0.10702889571813462,0.15908400166123726,0.1035377479970713,0.2626217496583086
184.44444444444446,0.6164830682089851,0.12141622716388605,0.14761727623407034,0.11448342839305856,0.2621007046271289
185.55555555555554,0.6005368397439422,0.13608450031569125,0.1373542112423287,0.1260244486980379,0.2633786599403666
186.66666666666666,0.5838868112493928,0.15035870889228256,0.12795696366014744,0.13779751619817718,0.2657544798583246
187.77777777777777,0.5673925326709425,0.16370486732430703,0.11934077728978643,0.14956182271496415,0.2689026000047506
188.88888888888889,0.5516390070378053,0.17571929739765618,0.11149482408481205,0.16114687147972653,0.2726416955645386
190.0,0.5370284692756601,0.18612808084488663,0.1044156147253854,0.17242783515406795,0.27684344987945336
190.0,0.5370284692756601,0.18612808084488663,0.1044156147253854,0.17242783515406795,0.27684344987945336
191.11111111111111,0.5243074868089376,0.17266075223793878,0.13483814662165128,0.16819361433147242,0.3030317609531237
192.22222222222223,0.5406584746987455,0.15240086246364873,0.15344478623226537,0.15349587660534025,0.30694066283760557
193.33333333333334,0.5595780097576339,0.13418943445574194,0.16766442414378752,0.13856813164283652,0.30623255578662406
194.44444444444446,0.5754131589970889,0.11921994791246608,0.17989411181660628,0.12547278127383862,0.30536689309044485
195.55555555555554,0.5876557132957392,0.10710819470709938,0.190894246474399,0.11434184552276248,0.3052360919971615
196.66666666666666,0.5968193038689839,0.09729111334234022,0.2009605641194141,0.10492901866926187,0.30588958278867595
197.77777777777777,0.6035145098058649,0.08928588029312355,0.21024794731597932,0.09695166258503225,0.30719960990101153
198.88888888888889,0.6082650116989572,0.0827147583862116,0.21885921920909623,0.09016101070573504,0.3090202299148313
200.0,0.6114892674204384,0.07728781149470436,0.22687164247395245,0.08435127861090477,0.3112229210848573
200.0,0.6114892674204384,0.07728781149470436,0.22687164247395245,0.08435127861090477,0.3112229210848573
201.11111111111111,0.6385450042003651,0.08300947884989761,0.19200339199649105,0.08644212495324621,0.2784455169497373
202.22222222222223,0.6395679979097171,0.09379562903335455,0.1728235013727182,0.09381287168421035,0.26663637305692856
203.33333333333334,0.6303285426316838,0.1070284650837712,0.15908516183216803,0.10355783045237703,0.2626429922845451
204.44444444444446,0.6164624203185111,0.12141586850765262,0.14761759696528598,0.11450411420855026,0.26212171117383626
205.55555555555554,0.6005165956164836,0.13608401884298127,0.1373538628487779,0.1260455226917573,0.2633993855405352
206.66666666666666,0.5838672232219855,0.15035791875288457,0.1279561274998676,0.13781873052526236,0.2657748580251299
207.77777777777777,0.5673738369679556,0.16370360924018995,0.1193396220790848,0.14958293171276965,0.2689225537918544
208.88888888888889,0.5516214028853786,0.1757174540010787,0.11149349261861957,0.16116765049492318,0.2726611431135427
210.0,0.5370121051371823,0.18612558569117685,0.10441421885605069,0.17244809031559016,0.27686230917164084
210.0,0.5370121051371823,0.18612558569117685,0.10441421885605069,0.17244809031559016,0.27686230917164084
211.11111111111111,0.524293837625635,0.17265842038500515,0.13483611140848403,0.1682116305808759,0.30304774198935996
212.22222222222223,0.5406469300788954,0.15239911992220215,0.15344264300405144,0.15351130699485102,0.30695394999890246
213.33333333333334,0.5595681035272534,0.13418821831049177,0.16766235995313752,0.1385813182091173,0.30624367816225484
214.44444444444446,0.575404615039554,0.11921911957181285,0.17989216109090278,0.1254841042977304,0.30537626538863316
215.55555555555554,0.5876483333924284,0.1071076399505655,0.19089239747421144,0.11435162918279465,0.3052440266570061
216.66666666666666,0.5968129274382349,0.0972907507278448,0.2009587948222771,0.10493752701164327,0.30589632183392035
217.77777777777777,0.6035090015883483,0.08928565344175067,0.21024623627522543,0.09695910869467546,0.3072053449699009
218.88888888888889,0.6082602568540662,0.08271462817075206,0.2188575484757251,0.09016756649945665,0.30902511497518176
220.0,0.6114851683489125,0.07728775040740231,0.22686999803434152,0.08435708320934363,0.31122708124368514
220.0,0.6114851683489125,0.07728775040740231,0.22686999803434152,0.08435708320934363,0.31122708124368514
221.11111111111111,0.6385409337548011,0.08300946154503397,0.1920018082637231,0.08644779643644177,0.2784496047001649
222.22222222222223,0.6395637752026792,0.09379561787476226,0.17282190655908886,0.09381870036346991,0.26664060692255875
223.33333333333334,0.6303241772640216,0.10702840388139907,0.15908354077686462,0.10356387807771476,0.2626474188545794
224.44444444444446,0.6164579842528688,0.12141569158453472,0.14761596655137535,0.11451035761122128,0.2621263241625967
225.55555555555554,0.6005121820256062,0.13608366003687405,0.1373522543742063,0.1260519035633135,0.26340415793751976
226.66666666666666,0.5838629274876781,0.15035731998629398,0.12795457471213095,0.13782517781389686,0.2657797525260278
227.77777777777777,0.5673697454429155,0.16370272743700465,0.11933815409914782,0.14958937302093198,0.2689275271200798
228.88888888888889,0.5516175857350105,0.17571626540622462,0.11149213066454568,0.16117401819421912,0.2726661488587648
230.0,0.5370086124923609,0.18612408716772516,0.10441297554877026,0.17245432479114362,0.2768673003399139
230.0,0.5370086124923609,0.18612408716772516,0.10441297554877026,0.17245432479114362,0.2768673003399139
231.11111111111111,0.5242911935259699,0.17265690525686717,0.13483478075711833,0.1682171204600447,0.303051901217163
232.22222222222223,0.5406450070358231,0.15239773268212398,0.1534413665608332,0.1535158937212196,0.30695726028205284
233.33333333333334,0.5595667087263896,0.13418697862904258,0.1676611794134507,0.1385851332311172,0.30624631264456786
234.44444444444446,0.5754036137059095,0.11921801241458328,0.17989107826952033,0.12548729560998684,0.30537837387950717
235.55555555555554,0.5876476313270868,0.10710664574626254,0.19089140317480388,0.11435431975184676,0.30524572292665064
236.66666666666666,0.5968124558704272,0.09728985205617069,0.20095787822204564,0.10493981385135659,0.3058976920734022
237.77777777777777,0.6035087089532731,0.08928483584803491,0.21024538753642,0.09696106766227207,0.30720645519869205
238.88888888888889,0.6082601039141061,0.08271387979549966,0.2188567592761815,0.09016925701421272,0.3090260162903942
240.0,0.611485124944406,0.07728706149060299,0.22686926150088815,0.08435855206410274,0.3112278135649909
240.0,0.611485124944406,0.07728706149060299,0.22686926150088815,0.08435855206410274,0.3112278135649909
241.11111111111111,0.6385409051059138,0.0830087393369769,0.19200113313715286,0.0864492224199564,0.27845035555710923
242.22222222222223,0.63956372821667,0.09379482778613701,0.1728212771264964,0.09382016687069676,0.26664144399719314
243.33333333333334,0.6303241123345595,0.107027529090487,0.15908295193158245,0.10356540664337109,0.2626483585749535
244.44444444444446,0.6164579097307142,0.12141472467331962,0.1476154188888884,0.11451194670707779,0.2621273655959662
245.55555555555554,0.6005121079794294,0.13608260031516348,0.13735175025250962,0.1260535414528974,0.26340529170540705
246.66666666666666,0.5838628633615565,0.15035617230310858,0.1279541161032372,0.13782684823209765,0.2657809643353348
247.77777777777777,0.5673696989107379,0.16370150130337777,0.11933774165453297,0.1495910581313514,0.26892879978588435
248.88888888888889,0.5516175621290876,0.17571497404790434,0.1114917635165474,0.16117570030646064,0.27266746382300805
250.0,0.5370086146436186,0.18612274642559,0.10441265150576538,0.17245598742502613,0.2768686389307915
250.0,0.5370086146436186,0.18612274642559,0.10441265150576538,0.17245598742502613,0.2768686389307915
251.11111111111111,0.5242912827132505,0.17265567451118313,0.13483447083075892,0.1682185719448075,0.30305304277556644
252.22222222222223,0.5406451845140959,0.1523966528404323,0.1534410819704401,0.15351708067503167,0.30695816264547177
253.33333333333334,0.5595669427588099,0.13418603810543733,0.16766092179397496,0.1385860973417779,0.30624701913575286
254.44444444444446,0.5754038799420378,0.11921719006244898,0.17989084590241977,0.12548808409309345,0.30537892999551325
255.55555555555554,0.5876479137369305,0.10710592178071575,0.1908911936058438,0.11435497087651002,0.3052461644823538
256.6666666666667,0.5968127440603589,0.09728920995033385,0.20095768909950956,0.10494035688979772,0.3058980459893073
257.77777777777777,0.6035089962001081,0.08928426217082841,0.21024521680531827,0.09696152482374507,0.30720674162906336
258.8888888888889,0.6082603859077659,0.08271336368602242,0.21885660518035543,0.09016964522585634,0.3090262504062118
260.0,0.6114853989764245,0.07728659414855439,0.2268691225395455,0.0843588843354754,0.3112280068750209
