Generation,xOC,xOB,xMMd,xMMr,total xMM
0.0,0.26666666666666666,0.4,0.26666666666666666,0.06666666666666667,0.3333333333333333
1.0169491525423728,0.47452964281368876,0.2753527226756767,0.20079078709596007,0.0493268474146745,0.25011763451063457
2.0338983050847457,0.5319462882445737,0.22990861229981757,0.19302608861100426,0.04511901084460435,0.2381450994556086
3.0508474576271185,0.5573973260192309,0.2023509902995781,0.19678229837864966,0.04346938530254148,0.24025168368119115
4.067796610169491,0.5724131920302636,0.18165202196103128,0.20344707777662602,0.04248770823207896,0.24593478600870497
5.084745762711864,0.5828182905256036,0.16476917671048266,0.2107070074233806,0.041705525340532935,0.2524125327639135
6.101694915254237,0.5905428773794047,0.15057097861678642,0.2178840858504185,0.041002058153390364,0.2588861440038088
7.11864406779661,0.596381812244984,0.13848056842505707,0.22478741102774916,0.04035020830220973,0.2651376193299589
8.135593220338983,0.6007581621243256,0.12811895444423768,0.23137578863861036,0.03974709479282624,0.2711228834314366
9.152542372881356,0.6039523371613394,0.11920047784839262,0.23765257389975797,0.039194611090509986,0.27684718499026795
10.169491525423728,0.6061761139212326,0.1114970501769764,0.2436324945744411,0.03869434132734999,0.28232683590179114
11.1864406779661,0.6075995296108626,0.10482245165534841,0.2493314378805206,0.03824658085326836,0.28757801873378896
12.203389830508474,0.6083627168202369,0.09902322006168694,0.25476361774285167,0.03785044537522449,0.2926140631180762
13.220338983050848,0.6085824890759058,0.09397223542675784,0.2599410819412183,0.03750419355611801,0.2974452754973363
14.23728813559322,0.6083567569380781,0.08956378288978514,0.2648739294385105,0.03720553073362618,0.30207946017213666
15.254237288135592,0.6077679058097791,0.0857096020887833,0.269570655117192,0.03695183698424554,0.30652249210143756
16.271186440677965,0.6068853879747477,0.08233572124549503,0.2740385533310636,0.036740337448693754,0.31077889077975734
17.28813559322034,0.6057678976303695,0.07937987977320227,0.2782840100411857,0.03656821255524254,0.31485222259642826
18.305084745762713,0.6044650917586001,0.07678945040285157,0.2823127824013498,0.03643267543719852,0.31874545783854835
19.322033898305083,0.6030190272639641,0.07451974808446192,0.28613020536392236,0.03633101928765163,0.322461224651574
20.338983050847457,0.6014653352455018,0.07253265827583585,0.28974135898242814,0.03626064749623413,0.32600200647866234
21.35593220338983,0.5998341924018706,0.07079551732844636,0.29315120129123756,0.03621908897844543,0.329370290269683
22.3728813559322,0.5981511348414488,0.06928020125461067,0.29636465653831856,0.036204007365621904,0.33256866390394046
23.389830508474574,0.5964377210807188,0.06796237635914636,0.29938670156136993,0.03621320099876484,0.3355999025601348
24.406779661016948,0.5947121075424308,0.0668208854387918,0.3022224059646341,0.03624460105414333,0.3384670070187774
25.423728813559322,0.5929895188851573,0.06583724287530496,0.30487697099291416,0.036296267246623576,0.3411732382395377
26.440677966101696,0.5912826541215371,0.0649952167077899,0.3073557477957866,0.03636638137488622,0.34372212917067285
27.457627118644066,0.5896020323688352,0.06428048305969183,0.30966424393006303,0.03645324064141005,0.3461174845714731
28.47457627118644,0.5879562871415166,0.06368033940390859,0.311808122632839,0.0365552508217358,0.3483633734545748
29.491525423728813,0.5863524210484127,0.06318346581702866,0.3137931940705707,0.03667091906398787,0.35046411313455855
30.508474576271183,0.5847960264240151,0.06277972603756612,0.315625400360505,0.03679884717791365,0.35242424753841867
31.525423728813557,0.5832914765613153,0.06246000139750111,0.31731079679841795,0.03693772524276555,0.3542485220411835
32.54237288135593,0.5818420928755111,0.062216051884071887,0.31885552961430064,0.0370863256261163,0.35594185524041694
33.559322033898304,0.580450290578562,0.06204039989812554,0.3202658120425946,0.03724349748071789,0.35750930952331245
34.57627118644068,0.5791177069878651,0.061926232729176446,0.32154789862469124,0.037408161658267186,0.3589560602829584
35.59322033898305,0.5778453130514446,0.06186732092713942,0.3227080598688293,0.037579306152586714,0.360287366021416
36.610169491525426,0.5766335130004135,0.06185794957089697,0.3237525555990708,0.03775598182961867,0.3615085374286895
37.62711864406779,0.5754822296380511,0.06189286078060963,0.3246876108264656,0.03793729875487372,0.36262490958133925
38.644067796610166,0.5743909810133098,0.061967205358332465,0.3255193909084882,0.03812242271986968,0.36364181362835785
39.66101694915254,0.5733589473391902,0.06207650193075238,0.3262539785771785,0.03831057215287892,0.36456455073005745
40.67796610169491,0.5723850279668804,0.06221660285758906,0.32689735371715006,0.03850101545838051,0.3653983691755306
41.69491525423729,0.5714678936532754,0.06238366531455912,0.3274553726035618,0.0386930684286036,0.3661484410321654
42.71186440677966,0.5706060310176433,0.0625741266304693,0.3279337503773003,0.038886091974587055,0.3668198423518874
43.728813559322035,0.569797779428408,0.06278468359830264,0.32833804676813005,0.039079490205159356,0.3674175369732894
44.7457627118644,0.5690413654733476,0.06301227509119588,0.3286736508866371,0.0392727085488195,0.36794635943545656
45.762711864406775,0.5683349337450587,0.06325406582841112,0.32894576863178854,0.0394652317947417,0.36841100042653024
46.77966101694915,0.5676765679809617,0.0635074339648609,0.3291594151705115,0.039656582883665956,0.3688159980541774
47.79661016949152,0.5670643135496342,0.06376995890411191,0.3293194062626085,0.03984632128364552,0.3691657275462541
48.813559322033896,0.5664961969711634,0.06403941121345443,0.3294303502295078,0.04003404158587447,0.36946439181538226
49.83050847457627,0.5659702404002801,0.06431374257544177,0.3294966448821174,0.0402193721421607,0.36971601702427803
50.847457627118644,0.56548447318972,0.06459107766966753,0.3295224751476692,0.04040197399294331,0.3699244491406125
51.86440677966102,0.5650369436954266,0.06486970586125314,0.3295118108867844,0.040581539556535866,0.37009335044332026
52.88135593220339,0.5646257289243684,0.0651480736619423,0.3294684059785772,0.04075779143511218,0.37022619741368934
53.89830508474576,0.56424894086409,0.0654247767478852,0.32939580119435335,0.040930481193671424,0.3703262823880248
54.91525423728813,0.563904731475249,0.06569855308847276,0.3292973271196263,0.04109938831665202,0.37039671543627833
55.932203389830505,0.5635912991638826,0.06596827682023183,0.32917610487073246,0.04126431914515315,0.37044042401588556
56.94915254237288,0.5633068945417014,0.06623295003296673,0.329035050063724,0.04142510536160789,0.37046015542533195
57.96610169491525,0.5630498190579039,0.06649169695322246,0.328876880682972,0.041581603305901625,0.3704584839888736
58.983050847457626,0.5628184261684763,0.0667437569266573,0.32870412406199145,0.0417336928428751,0.37043781690486655
60.0,0.5626111318680406,0.06698847703966468,0.3285191155538566,0.04188127553843815,0.3704003910922948
60.0,0.5626111318680406,0.06698847703966468,0.3285191155538566,0.04188127553843815,0.3704003910922948
61.00502512562814,0.5806542758486657,0.07166648235692202,0.30275844646147976,0.04492079533293257,0.3476792417944123
62.01005025125628,0.5886146580432635,0.07786311256556973,0.2843698259992765,0.04915240339189008,0.33352222939116655
63.015075376884425,0.592122891093973,0.08480782235239663,0.26894627213057976,0.05412301442305058,0.3230692865536303
64.02010050251256,0.5933766966919658,0.09210605371214502,0.2548883267158051,0.059628922880084145,0.3145172495958892
65.0251256281407,0.59329818184398,0.0995153838739781,0.2416213545997573,0.06556507968228463,0.3071864342820419
66.03015075376885,0.5923071274709657,0.10686165829455012,0.22896405428444971,0.07186715995003448,0.3008312142344842
67.03517587939699,0.5906249607313695,0.11400487670004826,0.21688372578862916,0.07848643677995289,0.29537016256858206
68.04020100502512,0.5883973429480731,0.12082597819904486,0.20539809320924587,0.0853785856436361,0.29077667885288194
69.04522613065326,0.5857424265653863,0.12722285364220973,0.19453572517319867,0.09249899461920542,0.2870347197924041
70.0502512562814,0.5827681031534587,0.13311017210830486,0.1843204828476393,0.09980124189059704,0.2841217247382363
71.05527638190955,0.5795764859452862,0.13842036800894827,0.17476601693944135,0.10723712910632416,0.2820031460457655
72.06030150753769,0.5762634762183527,0.1431045001113729,0.16587456695543845,0.11475745671483596,0.2806320236702744
73.06532663316582,0.5729168132511586,0.14713242077621005,0.15763765219639167,0.12231311377623953,0.2799507659726312
74.07035175879398,0.5696140736887255,0.1504920948839247,0.15003758484744156,0.12985624657990835,0.2798938314273499
75.07537688442211,0.5664212182311267,0.15318812282714506,0.143049295273447,0.13734136366828117,0.2803906589417282
76.08040201005025,0.5633918619234046,0.1552396462724144,0.13664219380390802,0.14472629800027292,0.28136849180418094
77.08542713567839,0.5605672450522992,0.15667785614254603,0.13078192015073511,0.15197297865441953,0.2827548988051546
78.09045226130652,0.5579768089495977,0.15754331892853435,0.1254318884841819,0.15904798363768613,0.284479872121868
79.09547738693468,0.5556392066886388,0.1578833233113719,0.12055459275944468,0.16592287724054472,0.2864774699999894
80.10050251256281,0.5535636099085979,0.1577493949524077,0.11611265757614783,0.17257433756284657,0.28868699513899443
81.10552763819095,0.551751165084359,0.1571950888459855,0.11206964715085478,0.17898409891880068,0.29105374606965545
82.1105527638191,0.5501964839464079,0.15627412147603334,0.10839065577500501,0.1851387388025538,0.2935293945775588
83.11557788944724,0.5488890821770146,0.1550388661350324,0.10504270942804776,0.19102934225990525,0.29607205168795303
84.12060301507537,0.5478147029792807,0.15353920596240192,0.1019950123259064,0.19665107873241097,0.2986460910583174
85.12562814070351,0.5469564880168513,0.15182171779875495,0.0992190696448977,0.20200272453949605,0.30122179418439377
86.13065326633165,0.5462959799201035,0.1499291457701077,0.09668871519394316,0.2070861591158456,0.3037748743097888
87.1356783919598,0.5458139504647819,0.14790011897240513,0.09438006967413476,0.21190586088867808,0.30628593056281284
88.14070351758794,0.5454910643607952,0.14576906469455822,0.09227144991488735,0.21646842102975938,0.3087398709446467
89.14572864321607,0.5453083921055537,0.14356627217757784,0.09034324602054282,0.2207820896963256,0.3111253357168684
90.15075376884423,0.54524778968788,0.14131806636573474,0.08857777960584937,0.22485636434053582,0.3134341439463852
91.15577889447236,0.5452921655295132,0.13904705662727393,0.08695915281260017,0.22870162503061273,0.3156607778432129
92.1608040201005,0.5454256533442425,0.13677243205102246,0.08547309550005094,0.23232881910468398,0.31780191460473495
93.16582914572864,0.5456337093310509,0.1345102805863383,0.0841068156266255,0.2357491944559852,0.31985601008261066
94.17085427135677,0.5459031502173558,0.132273914698649,0.08284885620068363,0.2389740788833114,0.321822935083995
95.17587939698493,0.5462221459593893,0.1300741910298327,0.08168896099807701,0.24201470201270092,0.3237036630107779
96.18090452261306,0.546580179314173,0.12791981525125617,0.08061795016626278,0.24488205526830797,0.32550000543457075
97.1859296482412,0.546967981373014,0.12581762670036822,0.07962760616061668,0.24758678576600116,0.3272143919266179
98.19095477386935,0.5473774546399132,0.1237728581940122,0.07871057066047144,0.25013911650560317,0.3288496871660746
99.19597989949749,0.5478015846090734,0.12178937208102894,0.07786025002263151,0.2525487932872661,0.33040904330989757
100.20100502512562,0.5482343439394338,0.11986987137975426,0.07707073213639389,0.2548250525444181,0.33189578468081204
101.20603015075376,0.5486706019736357,0.1180160849658981,0.07633671091918945,0.25697660214127666,0.33331331306046613
102.2110552763819,0.5491060336766312,0.11622893035383855,0.07565341945307458,0.2590116165164557,0.3346650359695303
103.21608040201005,0.5495370342382369,0.114508654926192,0.07501656994686536,0.2609377408887058,0.33595431083557115
104.22110552763819,0.5499606334589471,0.11285495896344509,0.07442230143873718,0.26276210613887063,0.3371844075776078
105.22613065326632,0.5503744207956358,0.11126710029554772,0.07386713244373182,0.26449134646508465,0.3383584789088165
106.23115577889448,0.5507764766036459,0.1097439829453906,0.07334791965394709,0.26613162079701635,0.3394795404509634
107.23618090452261,0.5511653063663082,0.10828423387145444,0.07286182088090201,0.2676886388813353,0.34055045976223736
108.24120603015075,0.551539782493479,0.10688626678366593,0.07240626282148584,0.2691676879013693,0.3415739507228552
109.24623115577889,0.5518990937362401,0.10554833506153723,0.0719789123937078,0.2705736588085148,0.3425525712022226
110.25125628140702,0.5522427006052627,0.10426857662327296,0.07157765048225873,0.2719110722892056,0.34348872277146436
111.25628140703517,0.5525702916907683,0.1030450515011802,0.0712005499226968,0.27318410688535466,0.3443846568080514
112.26130653266331,0.5528817443295199,0.10187577297774396,0.07084585607823182,0.27439662661450437,0.3452424826927362
113.26633165829145,0.5531770991408675,0.1007587312093234,0.07051196807021058,0.2755522015795985,0.3460641696498091
114.2713567839196,0.5534565299844288,0.09969191403816867,0.07019742340727644,0.27665413257012594,0.3468515559774024
115.27638190954774,0.5537203150869248,0.09867332438531495,0.0699008847083709,0.2777054758193894,0.34760636052776034
116.28140703517587,0.5539688213491774,0.09770099191088197,0.06962112656764875,0.278709060172292,0.34833018673994076
117.28643216080401,0.5542024879288244,0.09677298291384394,0.06935702420983368,0.279667504947498,0.3490245291573316
118.29145728643215,0.5544218045270239,0.09588740966073633,0.06910754451023465,0.2805832413020051,0.3496907858122398
119.2964824120603,0.5546272963574892,0.09504243646740111,0.06887173759656877,0.2814585295785409,0.3503302671751097
120.30150753768844,0.5548195202038795,0.09423628248936566,0.06864872785389416,0.28229546945286066,0.3509441973067548
121.30653266331657,0.5549990563297016,0.09346722441967782,0.06843770670673682,0.2830960125438837,0.3515337192506205
122.31155778894473,0.5551664861128662,0.09273360152873672,0.06823792846694096,0.28386198389145595,0.35209991235839694
123.31658291457286,0.5553223976054978,0.09203381392790132,0.06804870289953967,0.2845950855670612,0.3526437884666009
124.321608040201,0.5554673812951175,0.09136632208900201,0.0678693904829354,0.285296906132945,0.3531662966158804
125.32663316582914,0.5556020138691269,0.09072965032407489,0.06769939854120992,0.2859689372655883,0.3536683358067982
126.33165829145727,0.5557268661844286,0.09012238213719995,0.06753817674615942,0.28661257493221215,0.3541507516783715
127.33668341708542,0.5558424938158694,0.08954316177670016,0.0673852132025065,0.2872291312049241,0.3546143444074306
128.34170854271355,0.5559494353389434,0.08899069184236066,0.06724003193038548,0.2878198408883105,0.35505987281869594
129.3467336683417,0.5560482121356667,0.08846373162462975,0.06710218956715876,0.28838586667254484,0.3554880562397036
130.35175879396985,0.5561393284337113,0.08796109537188371,0.06697127199858528,0.2889283041958198,0.35589957619440504
131.356783919598,0.5562232658138151,0.08748165112012833,0.06684689300105374,0.2894481900650027,0.35629508306605645
132.36180904522612,0.556300482895002,0.08702431872434334,0.06672869206456893,0.28994650631608576,0.3566751983806547
133.36683417085425,0.5563714196383935,0.08658806712775494,0.06661633150464262,0.2904241817292089,0.35704051323385155
134.3718592964824,0.5564364960913,0.08617191258099456,0.0665094948408181,0.29088209648688734,0.3573915913277054
135.37688442211055,0.5564961124085245,0.08577491699043016,0.0664078855976007,0.2913210850034446,0.3577289706010453
136.3819095477387,0.5565506452217315,0.08539618638850215,0.06631122573225974,0.2917419426575067,0.3580531683897664
137.38693467336682,0.556600450217681,0.08503486884148473,0.06621925434870449,0.2921454265921298,0.3583646809408343
138.39195979899498,0.5566458629546042,0.08469015254823352,0.06613172642383437,0.29253225807332783,0.35866398449716225
139.3969849246231,0.5566872011632136,0.08436126370680072,0.06604841127479712,0.2929031238551886,0.3589515351299856
140.40201005025125,0.5567247664849533,0.08404746400189099,0.06596909106736651,0.2932586784457892,0.35922776951315566
141.4070351758794,0.5567588362139442,0.08374805295488859,0.06589356246094137,0.29359954837022595,0.3594931108311673
142.41206030150752,0.5567896721829748,0.08346236031289622,0.06582163236260022,0.29392633514152877,0.35974796750412896
143.41708542713567,0.55681752284767,0.08318974864125726,0.06575311893023687,0.2942396095808357,0.35999272851107256
144.4221105527638,0.5568426188803469,0.08292961055955562,0.06568785065072427,0.2945399199093733,0.3602277705600976
145.42713567839195,0.5568651757057335,0.08268136751075834,0.06562566560790208,0.29482779117560626,0.3604534567835083
146.4321608040201,0.5568853948497082,0.08244446830476854,0.06556641076954377,0.29510372607597957,0.3606701368455233
147.43718592964825,0.5569034640717968,0.08221838765546807,0.06550994143464357,0.29536820683809145,0.36087814827273507
148.44221105527637,0.5569195577244177,0.08200262551893554,0.06545612091691441,0.2956216958397324,0.36107781675664685
149.4472361809045,0.5569338391529292,0.08179670499623563,0.0654048196053534,0.29586463624548187,0.36126945585083525
150.45226130653265,0.5569464605813507,0.08160017168503578,0.06535591474807406,0.2960974529855395,0.3614533677336136
151.4572864321608,0.5569575617232153,0.0814125929464511,0.06530929033411308,0.2963205549962205,0.3616298453303336
152.46231155778895,0.556967272787408,0.08123355631310084,0.06526483630829363,0.29653433459119755,0.36179917089949115
153.46733668341707,0.5569757151902378,0.08106266871457914,0.06522244825407923,0.296739167841104,0.3619616160951832
154.47236180904522,0.5569830010741579,0.08089955537725999,0.06518202713325104,0.296935416415331,0.362117443548582
155.47738693467335,0.5569892340787403,0.08074385918043485,0.06514347900950845,0.2971234277313162,0.36226690674082473
156.4824120603015,0.5569945104599205,0.08059523966314938,0.06510671465480895,0.2973035352221212,0.36241024987693016
157.48743718592965,0.5569989193745305,0.08045337208134347,0.06507164928705672,0.2974760592570693,0.36254770854412605
158.49246231155777,0.5570025416736979,0.08031794720441028,0.06503820260324611,0.29764130851864573,0.36267951112189184
159.49748743718592,0.5570054507863146,0.08018867112973539,0.0650062986504423,0.29779957943350777,0.36280587808395004
160.50251256281405,0.5570077152524803,0.080065262418995,0.06497586485048618,0.2979511574780386,0.36292702232852475
161.5075376884422,0.5570094060420188,0.07994745177274161,0.0649468311308099,0.2980963110544297,0.3630431421852396
162.51256281407035,0.557010577034327,0.07983498431711684,0.06491913256327757,0.2982353060852786,0.3631544386485562
163.5175879396985,0.5570112826147714,0.07972761620651213,0.06489270666288063,0.29836839451583586,0.36326110117871646
164.52261306532662,0.5570115727188456,0.07962511478994712,0.06486749396219411,0.298495818529013,0.3633633124912071
165.52763819095475,0.5570114925405488,0.07952725829929574,0.06484343796867426,0.29861781119148134,0.36346124916015554
166.5326633165829,0.557011083753261,0.07943383518934143,0.06482048487902008,0.29873459617837744,0.3635550810573975
167.53768844221105,0.5570103844356525,0.07934464370456042,0.06479858348863855,0.2988463883711485,0.3636449718597871
168.5427135678392,0.5570094295781663,0.07925949119268388,0.06477768498161685,0.29895339424753287,0.3637310792291497
169.54773869346732,0.5570082508942455,0.07917819386506826,0.064757742896476,0.2990558123442102,0.36381355524068615
170.55276381909547,0.5570068767080743,0.07910057704560566,0.06473871319210342,0.2991538330542166,0.36389254624632006
171.5577889447236,0.5570053330795176,0.07902647347811227,0.06472055375410653,0.2992476396882637,0.3639681934423702
172.56281407035175,0.5570036439417138,0.078955723658205,0.06470322444879358,0.2993374079512876,0.36404063240008117
173.5678391959799,0.557001832292267,0.07888817445980115,0.0646866866871657,0.29942330656076616,0.36410999324793186
174.57286432160802,0.5569999183261607,0.07882368271531852,0.06467090443075812,0.2995054945277626,0.3641763989585207
175.57788944723617,0.5569979208352287,0.07876210766122235,0.06465584235430942,0.2995841291492395,0.36423997150354886
176.5829145728643,0.5569958522370487,0.07870331833714578,0.0646414680485669,0.2996593613772386,0.3643008294258055
177.58793969849245,0.556993728167768,0.0786471882966972,0.06462774977955364,0.2997313337559811,0.36435908353553476
178.5929648241206,0.5569915631258602,0.07859359683656257,0.06461465724675267,0.2998001827908245,0.3644148400375772
179.59798994974875,0.5569893676702158,0.07854242915575656,0.06460216192944183,0.2998660412445857,0.36446820317402756
180.60301507537687,0.5569871528244972,0.07849357550552646,0.06459023641271762,0.2999290352572588,0.3645192716699764
181.608040201005,0.5569849278864143,0.07844693121724998,0.06457885463648834,0.2999892862598472,0.3645681408963356
182.61306532663315,0.5569827012775828,0.07840239626426465,0.06456799170446166,0.30004691075369094,0.36461490245815265
183.6180904522613,0.5569804804404116,0.07835987520421442,0.064557623884291,0.3001020204710829,0.3646596443553739
184.62311557788945,0.5569782719363038,0.07831927698117029,0.06454772855467081,0.30015472252785513,0.36470245108252597
185.62814070351757,0.5569760816198289,0.07828051449522176,0.06453828408790693,0.3002051197970425,0.36474340388494947
186.63316582914572,0.556973914493385,0.0782435047250151,0.06452926989481525,0.30025331088678475,0.36478258078160003
187.63819095477385,0.5569717748204809,0.07820816838578654,0.064520666338892,0.3002993904548405,0.3648200567937325
188.643216080402,0.5569696660348038,0.07817443048524812,0.06451245487007187,0.3003434486098763,0.3648559034799481
189.64824120603015,0.5569675913859686,0.07814221841706363,0.0645046175285166,0.30038557266845095,0.36489019019696756
190.65326633165827,0.5569655543642926,0.0781114632130953,0.06449713717601609,0.30042584524659594,0.364922982422612
191.65829145728642,0.5569635607821531,0.07808209839325511,0.06448999701088619,0.3004643438137057,0.3649543408245919
192.66331658291455,0.5569616070674263,0.07805406203285864,0.06448318231737099,0.3005011485823442,0.3649843308997152
193.6683417085427,0.5569596968784933,0.07802729378769434,0.06447667797335398,0.30053633136045826,0.3650130093338123
194.67336683417085,0.5569578312102653,0.07800173627059026,0.06447046984395986,0.3005699626751845,0.36504043251914436
195.67839195979897,0.5569560113093556,0.07797733448851009,0.06446454433463927,0.3006021098674951,0.3650666542021344
196.68341708542712,0.5569542378605651,0.07795403710438135,0.06445888878922869,0.3006328362458249,0.3650917250350536
197.68844221105527,0.5569525113577689,0.07793179539770895,0.06445349119851129,0.3006622020460109,0.3651156932445222
198.6934673366834,0.55695083221781,0.07791055862946195,0.06444833905511609,0.3006902700976119,0.365138609152728
199.69849246231155,0.556949200634816,0.07789028268656206,0.06444342148611351,0.30071709519250844,0.365160516678622
200.7035175879397,0.5569476163707694,0.07787092440965517,0.0644387278858801,0.30074273133369517,0.3651814592195753
201.70854271356782,0.5569460790606371,0.07785244205414239,0.0644342480037732,0.3007672308814473,0.36520147888522053
202.71356783919597,0.5569445881845987,0.07783479612396056,0.06442997214778616,0.3007906435436545,0.36522061569144065
203.7185929648241,0.5569431432104516,0.07781794879779286,0.06442589103147797,0.3008130169602775,0.36523890799175546
204.72361809045225,0.5569417436739369,0.0778018642672239,0.06442199584599086,0.3008343962128484,0.36525639205883925
205.7286432160804,0.5569403912996442,0.07778650763388259,0.064418277769438,0.30085482329703517,0.36527310106647315
206.73366834170852,0.5569390820194682,0.077771846482298,0.06441472920522123,0.3008743422930125,0.36528907149823375
207.73869346733667,0.5569378168038945,0.07775784910680845,0.06441134218817848,0.30089299190111857,0.365304334089297
208.7437185929648,0.5569365938462167,0.07774448567385576,0.06440810950623334,0.3009108109736941,0.3653189204799274
209.74874371859295,0.5569354128731784,0.07773172737589296,0.06440502403327314,0.30092783571765547,0.3653328597509286
210.7537688442211,0.5569342727776536,0.07771954659065834,0.06440207902057522,0.3009441016111128,0.36534618063168806
211.75879396984922,0.5569331727029105,0.07770791847323802,0.06439926837823749,0.3009596404456139,0.3653589088238514
212.76381909547737,0.5569321116555567,0.07769681753535419,0.06439658586721478,0.30097448494187434,0.3653710708090891
213.76884422110552,0.5569310886401735,0.07768621884514815,0.06439402538305417,0.3009886671316241,0.36538269251467825
214.77386934673365,0.5569301027319649,0.07767610029158584,0.06439158151206642,0.301002215464383,0.3653937969764494
215.7788944723618,0.5569291529039211,0.07766644035302885,0.0643892489938332,0.3010151577492169,0.36540440674305014
216.78391959798995,0.5569282381044526,0.07765721814221345,0.0643870227270268,0.30102752102630714,0.36541454375333393
217.78894472361807,0.556927357237232,0.07764841391571442,0.06438489789719205,0.30103933094986146,0.3654242288470535
218.79396984924622,0.5569265092301086,0.07764000864939498,0.06438286986498408,0.3010506122555125,0.3654334821204966
219.79899497487435,0.5569256929942867,0.07763198433683892,0.06438093424386507,0.30106138842500935,0.36544232266887444
220.8040201005025,0.5569249075271577,0.07762432401029663,0.06437908689422273,0.30107168156832287,0.3654507684625456
221.80904522613065,0.556924153306426,0.07761701090505714,0.0643773235698448,0.3010815122186722,0.36545883578851696
222.81407035175877,0.5569234275864889,0.0776100295298246,0.06437564068379639,0.30109090219988993,0.36546654288368635
223.81909547738692,0.55692273003286,0.07760336478063119,0.06437403448804843,0.3010998706984604,0.36547390518650885
224.82412060301505,0.5569220597319594,0.07759700232813084,0.06437250148844753,0.3011084364514622,0.3654809379399097
225.8291457286432,0.5569214155660206,0.07759092844821465,0.06437103836266449,0.30111661762310027,0.36548765598576477
226.83417085427135,0.5569207968347842,0.07758513010575359,0.06436964191564015,0.301124431143822,0.36549407305946213
227.83919597989947,0.5569202025948455,0.0775795947989622,0.0643683091105971,0.30113189349559516,0.36550020260619226
228.84422110552762,0.5569196320713155,0.07757431156427591,0.06436703727765725,0.3011390190867515,0.36550605636440875
229.84924623115577,0.5569190843351526,0.07756926773622677,0.06436582333587475,0.30114582459274586,0.3655116479286206
230.8542713567839,0.5569185585858294,0.07756445260459556,0.06436466467995312,0.301152324129622,0.3655169888095751
231.85929648241205,0.5569180540543214,0.07755985595389524,0.06436355882506017,0.30115853116672314,0.3655220899917833
232.8643216080402,0.5569175699797714,0.0775554680272202,0.06436250339948446,0.3011644585935239,0.3655269619930084
233.86934673366832,0.5569171056121617,0.07755127935989899,0.0643614961033786,0.3011701189245607,0.3655316150279393
234.87437185929647,0.5569166602073901,0.07754728070923407,0.06436053469188098,0.30117552439149475,0.3655360590833757
235.8793969849246,0.5569162330503947,0.07754346364876065,0.06435961712116783,0.30118068617967675,0.3655403033008446
236.88442211055275,0.556915823457588,0.07753981981837811,0.06435874136081206,0.3011856153632218,0.3655443567240339
237.8894472361809,0.5569154307666765,0.07753634137527347,0.0643579055075023,0.30119032235054766,0.36554822785804997
238.89447236180902,0.5569150543350573,0.07753302097139513,0.06435710777957752,0.30119481691397004,0.3655519246935475
239.89949748743717,0.55691469354096,0.07752985139085836,0.06435634642651304,0.30119910864166866,0.3655554550681817
240.9045226130653,0.5569143477852281,0.07752682568827486,0.06435561976324171,0.30120320676325535,0.36555882652649707
241.90954773869345,0.5569140164955112,0.0775239375127276,0.06435492625053478,0.30120711974122644,0.36556204599176123
242.9145728643216,0.5569136991381354,0.07752118073706123,0.06435426440141698,0.3012108557233864,0.3655651201248034
243.91959798994972,0.5569133952362825,0.07751854919263045,0.0643536327132698,0.3012144228578173,0.3655680555710871
244.92462311557787,0.5569131043335677,0.07751603719950641,0.06435302980355631,0.30121782866336955,0.36557085846692583
245.92964824120602,0.5569128256529713,0.07751363942483232,0.06435245441077889,0.3012210805114175,0.36557353492219635
246.93467336683415,0.5569125560300353,0.07751135108355797,0.0643519056635118,0.30122418722289485,0.3655760928864067
247.9396984924623,0.5569122993381036,0.07750916651947005,0.0643513817269733,0.301227152415453,0.3655785341424263
248.94472361809045,0.5569120546956713,0.0775070810798494,0.06435088152159461,0.30122998270288476,0.36558086422447933
249.94974874371857,0.556911818870144,0.07750509072524442,0.0643504043703099,0.30123268603430164,0.36558309040461157
250.95477386934672,0.5569115943711959,0.07750319066223867,0.06434994879987842,0.3012352661666871,0.36558521496656554
251.95979899497485,0.5569113791176372,0.07750137702274357,0.06434951405472064,0.30123772980489855,0.3655872438596192
252.964824120603,0.5569111731342001,0.0774996458231296,0.06434909912779813,0.30124008191487217,0.36558918104267024
253.96984924623115,0.5569109759575293,0.07749799350886903,0.06434870317169053,0.30124232736191126,0.3655910305336018
254.97487437185927,0.5569107872774733,0.07749641672150236,0.06434832537217756,0.30124447062884685,0.3655927960010244
255.97989949748742,0.556910606734222,0.07749491146055909,0.06434796475840694,0.301246517046812,0.3655944818052189
256.98492462311555,0.5569104340521371,0.07749347449885369,0.0643476205455221,0.3012484709034869,0.36559609144900895
257.9899497487437,0.5569102689914107,0.0774921029381391,0.06434729202777999,0.3012503360426701,0.36559762807045015
258.99497487437185,0.5569101110666048,0.07749079365606056,0.0643469784688655,0.30125211680846914,0.36559909527733464
260.0,0.5569099590719104,0.07748954408942013,0.06434667934930428,0.3012538174893651,0.36560049683866935
