Generation,xOC,xOB,xMMd,xMMr,total xMM
0.0,0.26666666666666666,0.4,0.26666666666666666,0.06666666666666667,0.3333333333333333
1.0169491525423728,0.45010051052451966,0.28991042961909963,0.20850103216261964,0.05148802769376111,0.25998905985638077
2.0338983050847457,0.5032997441943569,0.24785800455007018,0.20115531038825035,0.047686940867322475,0.24884225125557283
3.0508474576271185,0.5269650413949807,0.22210731119114352,0.20465273160031433,0.04627491581356136,0.2509276474138757
4.067796610169491,0.5409274540591676,0.20258578055496085,0.21098658745853827,0.04550017792733329,0.25648676538587156
5.084745762711864,0.5507031882401603,0.18646324533238365,0.21792592046078424,0.044907645966671815,0.26283356642745603
6.101694915254237,0.5581146359226362,0.1727147673517035,0.22479560806851065,0.044374988657149575,0.26917059672566024
7.11864406779661,0.5638858192065644,0.16084382781428522,0.23139669615427488,0.043873656824875436,0.27527035297915037
8.135593220338983,0.568382701574062,0.15053542249325863,0.23768102180567233,0.043400854127007095,0.2810818759326794
9.152542372881356,0.5718392829587529,0.14155369775082072,0.24364743151324558,0.042959587777180716,0.2866070192904263
10.169491525423728,0.5744304196338657,0.1337083718287073,0.24930815223525157,0.042553056302175485,0.29186120853742703
11.1864406779661,0.5762972444415906,0.12684140263448795,0.2546780141656281,0.04218333875829339,0.29686135292392146
12.203389830508474,0.577557458230471,0.12082003634276493,0.25977118534998184,0.04185132007678212,0.301622505426764
13.220338983050848,0.5783105171263819,0.11553218582655092,0.26460037594562064,0.04155692110144649,0.3061572970470671
14.23728813559322,0.5786409291362148,0.11088289399638573,0.2691768202384033,0.0412993566289961,0.31047617686739937
15.254237288135592,0.578620658073089,0.10679148304251694,0.2735105023046907,0.04107735657970325,0.31458785888439394
16.271186440677965,0.5783111087085466,0.10318918572682331,0.2776103755068314,0.04088933005779881,0.3184997055646302
17.28813559322034,0.5777646809225272,0.10001720195855919,0.28148462347548314,0.04073349364343066,0.3222181171189138
18.305084745762713,0.5770261476207543,0.09722506839060836,0.2851408264380338,0.04060795755060366,0.32574878398863744
19.322033898305083,0.5761337305710758,0.09476932310968171,0.28858615250448805,0.040510793814754434,0.32909694631924247
20.338983050847457,0.5751200842030513,0.09261238135231378,0.29182745692225864,0.040440077522376335,0.33226753444463497
21.35593220338983,0.5740130714760573,0.09072161283419684,0.29487139643200544,0.040393919257740475,0.33526531568974594
22.3728813559322,0.5728364437252625,0.08906857077089761,0.297724500076775,0.04037048542706483,0.3380949855038398
23.389830508474574,0.5716104096352808,0.0876283503528294,0.30039322927010437,0.04036801074178558,0.3407612400118899
24.406779661016948,0.5703521353412102,0.08637905421983698,0.3028840036617128,0.04038480677724004,0.34326881043895285
25.423728813559322,0.569076131015883,0.08530134898271664,0.3052032535073527,0.040419266494047756,0.3456225200014004
26.440677966101696,0.5677946481545477,0.0843780861812192,0.30735740255400623,0.04046986311022695,0.34782726566423317
27.457627118644066,0.5665179522786243,0.08359399526540032,0.30935290001289434,0.04053515244308091,0.34988805245597526
28.47457627118644,0.5652546065533569,0.08293541786862028,0.31119620606525683,0.04061376951276598,0.3518099755780228
29.491525423728813,0.5640116952046911,0.08239008832743396,0.31289378981920374,0.040704426648671285,0.35359821646787504
30.508474576271183,0.5627950233590094,0.08194694780703315,0.3144521184211576,0.04080591041279981,0.3552580288339574
31.525423728813557,0.5616092900619782,0.08159598782739577,0.3158776437509002,0.04091707835972589,0.35679472211062613
32.54237288135593,0.5604582393095039,0.08132811814331999,0.3171767868377146,0.04103685570946152,0.35821364254717614
33.559322033898304,0.5593447912687439,0.08113505527323644,0.3183559214254166,0.04116423203260313,0.3595201534580197
34.57627118644068,0.5582711575647122,0.08100922804575054,0.3194213563879474,0.041298258001589844,0.36071961438953726
35.59322033898305,0.5572389409610082,0.08094369784471034,0.32037931885640364,0.04143804233787787,0.3618173611942815
36.610169491525426,0.5562492241448173,0.08093209069787713,0.32123593637962444,0.04158274877768117,0.3628186851573056
37.62711864406779,0.5553026451432745,0.08096853987696377,0.3219972215667153,0.041731593413046345,0.3637288149797616
38.644067796610166,0.5543994646610191,0.08104763699883225,0.3226690562929272,0.04188384204722152,0.3645528983401487
39.66101694915254,0.5535396250455946,0.0811643901752256,0.32325717704531004,0.04203880773386974,0.3652959847791798
40.67796610169491,0.5527227998364974,0.08131418825027747,0.32376716328015087,0.042195848633074344,0.3659630119132252
41.69491525423729,0.5519484382291824,0.08149277056121841,0.32420442530897925,0.04235436590061999,0.3665587912095993
42.71186440677966,0.5512158054059474,0.08169619964418369,0.3245741933893035,0.04251380156056556,0.36708799494986905
43.728813559322035,0.5505240124361538,0.08192083917175949,0.32488151139499993,0.04267363699708683,0.36755514839208675
44.7457627118644,0.5498720471951347,0.08216333288669987,0.3251312288977598,0.042833391020405634,0.3679646199181654
45.762711864406775,0.5492587989553265,0.08242058783264779,0.32532799484112546,0.04299261837090037,0.3683206132120258
46.77966101694915,0.5486830807821238,0.08268975751654355,0.3254762536491637,0.04315090805216885,0.36862716170133253
47.79661016949152,0.5481436445342417,0.08296822850858679,0.32558024473583824,0.04330788222133336,0.3688881269571716
48.813559322033896,0.5476391993725793,0.08325360668505995,0.32564399940270483,0.04346319453965587,0.3691071939423607
49.83050847457627,0.5471684257581081,0.08354370595403209,0.3256713393771545,0.043616528910705284,0.3692878682878598
50.847457627118644,0.5467299853572639,0.08383653649485352,0.3256658798968368,0.04376759825104575,0.3694334781478825
51.86440677966102,0.5463225303347015,0.08413029480590123,0.3256310314985119,0.04391614336088544,0.36954717485939736
52.88135593220339,0.5459447137567504,0.08442335305199301,0.3255700016992725,0.044061931491984035,0.36963193319125653
53.89830508474576,0.5455951958649612,0.08471425040122249,0.3254857983817859,0.04420475535203041,0.3696905537338163
54.91525423728813,0.5452726484572405,0.08500168344747866,0.325381236085227,0.04434443201005371,0.3697256680952807
55.932203389830505,0.5449757604534279,0.08528449558908667,0.32525894248219145,0.04448080147529409,0.3697397439574856
56.94915254237288,0.5447032447961965,0.08556167135573922,0.32512135803821646,0.044613725809847724,0.3697350838480642
57.96610169491525,0.5444538419743867,0.08583232566440437,0.32497074464801323,0.044743087713195615,0.36971383236120886
58.983050847457626,0.5442263162214571,0.08609569702188093,0.3248091966697665,0.044868790086895545,0.369677986756662
60.0,0.544019459223612,0.08635113946485279,0.3246386464511583,0.04499075486037693,0.36962940131153527
60.0,0.544019459223612,0.08635113946485279,0.3246386464511583,0.04499075486037693,0.36962940131153527
61.00502512562814,0.5615947312409346,0.09248673246227743,0.29760626789137623,0.048312268405411765,0.345918536296788
62.01005025125628,0.5684705638119748,0.10060739172635834,0.27797828031876526,0.05294376414290164,0.33092204446166684
63.015075376884425,0.570548923857491,0.10970396289336036,0.2613523860821794,0.05839472716696937,0.3197471132491488
64.02010050251256,0.5701559905009106,0.11925378588221111,0.24614580285619528,0.06444442076068288,0.31059022361687816
65.0251256281407,0.5682874268644508,0.12893166714030765,0.23180181769821173,0.07097908829702983,0.3027809059952416
66.03015075376885,0.5654137805180586,0.13850202951380972,0.2181547735524648,0.07792941641566696,0.29608418996813174
67.03517587939699,0.5617974574033322,0.147775275207624,0.2051839279946138,0.0852433393944301,0.2904272673890439
68.04020100502512,0.5576203451636504,0.1565910677691893,0.19291473999224507,0.09287384707491518,0.28578858706716026
69.04522613065326,0.5530335209099247,0.1648134236861351,0.1813792474142557,0.10077380798968448,0.2821530554039402
70.0502512562814,0.5481744081813489,0.17233057376985028,0.17060080902982153,0.10889420901897921,0.2794950180488007
71.05527638190955,0.5431706560062735,0.1790561393354551,0.1605891329922894,0.11718407166598199,0.27777320465827143
72.06030150753769,0.538139101978162,0.1849299678496284,0.15133975959744927,0.12559117057476035,0.27693093017220966
73.06532663316582,0.533183458036847,0.18991794060391434,0.1428355008807887,0.13406310047844996,0.27689860135923866
74.07035175879398,0.5283922571315636,0.19401060122878688,0.13504869407208964,0.14254844756755994,0.2775971416396496
75.07537688442211,0.5238376471723557,0.19722073437412083,0.12794369820181795,0.15099792025170547,0.2789416184535234
76.08040201005025,0.5195751410088048,0.19958017806092482,0.12147932068344558,0.15936536024682488,0.2808446809302705
77.08542713567839,0.5156442239727247,0.20113618803689617,0.11561100653091935,0.1676085814594598,0.28321958799037916
78.09045226130652,0.5120696422388601,0.2019476570102011,0.11029269702725993,0.1756900037236787,0.2859827007509386
79.09547738693468,0.5088631357293564,0.20208145470074163,0.10547833271352891,0.183577076856373,0.28905540956990194
80.10050251256281,0.5060254223763144,0.20160907774606004,0.10112300540077877,0.19124249447684688,0.29236549987762567
81.10552763819095,0.5035482590799718,0.20060373647244195,0.09718379112494693,0.19866421332263914,0.2958480044475861
82.1105527638191,0.5014164419826439,0.1991379450582578,0.09362030883523777,0.20582530412386046,0.2994456129590983
83.11557788944724,0.49960965334519386,0.1972816288622122,0.09039505367026994,0.21271366412232395,0.3031087177925939
84.12060301507537,0.4981040993921463,0.1951007248122052,0.08747355203756031,0.2193216237580882,0.3067951757956485
85.12562814070351,0.49687390575912094,0.19265622799107723,0.08482438312458017,0.22564548312522167,0.31046986624980183
86.13065326633165,0.4958922685437492,0.1900036200720208,0.08241910358763817,0.2316850077965919,0.3141041113842301
87.1356783919598,0.4951323695625793,0.18719261184808395,0.08023210658989686,0.23744291199944004,0.31767501858933694
88.14070351758794,0.4945680768524028,0.18426713229913164,0.07824043958729986,0.24292435126116574,0.3211647908484656
89.14572864321607,0.4941744567128188,0.1812655021188924,0.07642359952720623,0.2481364416410826,0.3245600411682888
90.15075376884423,0.49392812619268966,0.17822073723478304,0.07476331925155585,0.2530878173209713,0.3278511365725271
91.15577889447236,0.4938074735836535,0.1751609370619886,0.07324335495931905,0.25778823439503895,0.331031589354358
92.1608040201005,0.49379277402681193,0.17210972059647947,0.07184928128576737,0.2622482240909413,0.3340975053767086
93.16582914572864,0.4938662234760166,0.16908668209388722,0.07056829825782811,0.266478796172268,0.3370470944300961
94.17085427135677,0.4940119114415578,0.1661078452287015,0.06938905252650078,0.27049119080323997,0.33988024332974076
95.17587939698493,0.4942157497330749,0.16318610077620774,0.06830147393319518,0.27429667555752213,0.3425981494907173
96.18090452261306,0.4944653703983946,0.16033161813374752,0.0672966276106037,0.27790638385725414,0.34520301146785787
97.1859296482412,0.49475000634243077,0.15755222373080813,0.0663665817815766,0.28133118814518443,0.34769776992676105
98.19095477386935,0.49506036293757655,0.1548537440781868,0.0655042886328115,0.28458160435142515,0.3500858929842367
99.19597989949749,0.4953884780119106,0.15224031489009818,0.06470347977091463,0.28766772732707674,0.35237120709799136
100.20100502512562,0.4957275904050394,0.1497146523560839,0.06395857334386722,0.29059918389500955,0.3545577572388768
101.20603015075376,0.49607201260598166,0.14727829099204393,0.06326459206417231,0.29338510433780207,0.3566496964019744
102.2110552763819,0.4964170093725959,0.144931790493432,0.06261709122714654,0.2960341089068255,0.35865120013397206
103.21608040201005,0.4967586807755091,0.14267491535868085,0.062012095624113285,0.29855430824169665,0.36056640386580996
104.22110552763819,0.4970938579011821,0.14050678781166764,0.06144604396991107,0.30095331031723915,0.3623993542871502
105.22613065326632,0.4974200091769058,0.13842601716372152,0.06091574052267471,0.30323823313669807,0.3641539736593728
106.23115577889448,0.49773515161751025,0.136430811266834,0.06041831219503167,0.30541572492062413,0.3658340371156558
107.23618090452261,0.49803777286414336,0.13451906915316741,0.05995117162595154,0.30749198635673775,0.3674431579826893
108.24120603015075,0.498326764007343,0.13268845775638002,0.0595119846303233,0.3094727936059536,0.3689847782362769
109.24623115577889,0.4986013599020641,0.13093647693520474,0.05909864074640609,0.3113635224163251,0.3704621631627312
110.25125628140702,0.49886108117287314,0.12926051348876996,0.0587092290053476,0.3131691763330093,0.3718784053383569
111.25628140703517,0.4991056861337948,0.1276578853736445,0.05834201588209141,0.31489441261046935,0.3732364284925608
112.26130653266331,0.49933513548061004,0.12612587594254862,0.057995425334207956,0.3165435632426332,0.37453898857684126
113.26633165829145,0.49954955363533865,0.1246617636608412,0.05766802210105345,0.31812066060276667,0.37578868270382004
114.2713567839196,0.4997491948920052,0.12326284616594421,0.057358496965445815,0.3196294619766048,0.3769879589420506
115.27638190954774,0.4999344197520384,0.12192645783073854,0.057065653287024974,0.3210734691301982,0.37813912241722314
116.28140703517587,0.5001056730471519,0.12064998408759059,0.056788395166313135,0.3224559476989445,0.37924434286525754
117.28643216080401,0.5002634613903346,0.11943087270960324,0.056525717711544896,0.32377994818851724,0.38030566590006215
118.29145728643215,0.5004083373680634,0.11826664235922589,0.05627669761359858,0.3250483226591121,0.3813250202727107
119.2964824120603,0.50054088914579,0.1171548875907411,0.05604048476290083,0.3262637385005682,0.382304223263469
120.30150753768844,0.5006617253534191,0.11609328368343716,0.0558162954924278,0.32742869547071596,0.3832449909631438
121.30653266331657,0.5007714620980352,0.11507958994346103,0.05560340655212679,0.32854554140637693,0.38414894795850374
122.31155778894473,0.5008707191901082,0.11411165003071323,0.05540114897803381,0.3296164818011447,0.38501763077917855
123.31658291457286,0.5009601174054205,0.11318739124773408,0.055208902686451775,0.3306435886603938,0.3858524913468455
124.321608040201,0.5010402690592872,0.1123048252871932,0.05502609231138881,0.3316288133421306,0.38665490565351945
125.32663316582914,0.5011117673152881,0.11146204824136999,0.05485218397513058,0.3325740004682114,0.3874261844433419
126.33165829145727,0.5011751856651627,0.11065723854357377,0.05468668130636139,0.33348089448490215,0.38816757579126354
127.33668341708542,0.5012310889214382,0.10988865182924046,0.05452912083295858,0.3343511384163627,0.38888025924932135
128.34170854271355,0.5012800129439371,0.10915462307679223,0.05437907092643663,0.3351862930528341,0.38956536397927066
129.3467336683417,0.5013224744962749,0.10845356142836483,0.054236128100037265,0.33598783597532317,0.3902239640753605
130.35175879396985,0.5013589649308797,0.10778394873140276,0.05409991523693957,0.3367571711007781,0.3908570863377176
131.356783919598,0.5013899518111854,0.10714433645196349,0.05397007928291917,0.3374956324539319,0.3914657117368511
132.36180904522612,0.5014158781670266,0.10653334321205017,0.0538462892056282,0.3382044894152951,0.39205077862092325
133.36683417085425,0.5014371623385203,0.10594965192596907,0.053728234562186436,0.33888495117332407,0.39261318573551046
134.3718592964824,0.5014541994504347,0.10539200696033135,0.05361562362581915,0.33953816996341474,0.39315379358923386
135.37688442211055,0.5014673604897415,0.10485921171004807,0.053508182156864634,0.34016524564334566,0.3936734278002103
136.3819095477387,0.5014769933768584,0.10435012602345009,0.05340565216667777,0.3407672284330138,0.39417288059969163
137.38693467336682,0.5014834252362445,0.10386366319707671,0.05330779043026928,0.34134512113640947,0.39465291156667875
138.39195979899498,0.5014869603848211,0.1033987879305761,0.05321436767971658,0.3418998840048863,0.3951142516846029
139.3969849246231,0.5014878801595318,0.1029545144102743,0.05312516792246893,0.34243243750772484,0.3955576054301938
140.40201005025125,0.5014864479955257,0.10252990306967676,0.05303998700344736,0.3429436619313501,0.39598364893479754
141.4070351758794,0.5014829109979648,0.10212405825926929,0.05295863172731161,0.3434343990154543,0.3963930307427659
142.41206030150752,0.5014774973347569,0.10173612681173641,0.05288091948879371,0.343905456364713,0.3967863758535067
143.41708542713567,0.5014704158233984,0.10136529626122036,0.052806677727529124,0.34435761018785216,0.3971642879153813
144.4221105527638,0.5014618595347667,0.10101079237465763,0.05273574301098216,0.3447916050795934,0.39752734809057555
145.42713567839195,0.5014520084334723,0.10067187695204778,0.05266796026782857,0.3452081543466515,0.39787611461448
146.4321608040201,0.501441028323812,0.10034784644524294,0.052603182462397105,0.345607942768548,0.3982111252309451
147.43718592964825,0.5014290708356888,0.10003802967684189,0.05254127003139892,0.34599162945607054,0.3985328994874695
148.44221105527637,0.5014162725086821,0.09974178884990582,0.05248209109990653,0.3463598475415055,0.39884193864141204
149.4472361809045,0.5014027572404736,0.09945851547355886,0.05242552040062973,0.3467132068853379,0.39913872728596766
150.45226130653265,0.501388646652244,0.09918762782701306,0.052371438037011275,0.34705228748373157,0.3994237255207428
151.4572864321608,0.5013740474995834,0.09892857177663653,0.05231973045739257,0.3473776502663876,0.3996973807237802
152.46231155778895,0.5013590519299034,0.0986808200132346,0.05227029024669127,0.34768983781017065,0.39996012805686193
153.46733668341707,0.5013437485294289,0.09844386867796012,0.05222301470004401,0.34798936809256703,0.40021238279261107
154.47236180904522,0.501328215915855,0.09821723739609028,0.05217780624534652,0.34827674044270834,0.40045454668805486
155.47738693467335,0.5013125258058689,0.09800046785875205,0.05213457194181165,0.34855243439356737,0.400687006335379
156.4824120603015,0.5012967424054535,0.0977931227874751,0.05209322331479553,0.34881691149227584,0.40091013480707133
157.48743718592965,0.5012809235415515,0.09759478500876068,0.052053676090517594,0.3490706153591702,0.4011242914496878
158.49246231155777,0.5012651216268643,0.09740505618189078,0.052015849885524885,0.34931397230572,0.40132982219124486
159.49748743718592,0.5012493831516137,0.09722355599758553,0.051979668087398706,0.349547392763402,0.4015270608508007
160.50251256281405,0.501233747441085,0.09704992225721266,0.05194505794172731,0.34977127235997496,0.4017163303017023
161.5075376884422,0.5012182485313519,0.09688380974553154,0.05191195021977416,0.3499859915033424,0.4018979417231166
162.51256281407035,0.5012029170399919,0.09672488775400116,0.05188027864012731,0.35019191656587967,0.40207219520600695
163.5175879396985,0.5011877922430074,0.09657283863525962,0.0518499787354867,0.3503893903862462,0.4022393691217329
164.52261306532662,0.5011728897308938,0.09642736258645515,0.05182099100905281,0.35057875667359817,0.40239974768265097
165.52763819095475,0.5011582316905714,0.09628817163510167,0.051793257706135874,0.35076033896819103,0.4025535966743269
166.5326633165829,0.5011438365770311,0.09615499075075208,0.051766723745468514,0.3509344489267482,0.4027011726722167
167.53768844221105,0.5011297193403049,0.09602755738171775,0.0517413366194567,0.35110138665852064,0.4028427232779773
168.5427135678392,0.5011158927434389,0.09590562070250108,0.05171704616564696,0.35126144038841306,0.40297848655406
169.54773869346732,0.5011023672588386,0.09578894111280689,0.05169380448522563,0.35141488714312885,0.4031086916283545
170.55276381909547,0.5010891514132214,0.09567728945439809,0.05167156577602451,0.351561993356356,0.40323355913238046
171.5577889447236,0.5010762514566617,0.09557044699001647,0.05165028635466829,0.35170301519865355,0.4033533015533219
172.56281407035175,0.5010636717426803,0.09546820501653201,0.05162992456095322,0.35183819867983446,0.4034681232407876
173.5678391959799,0.5010514153908416,0.0953703635999365,0.051610440484813516,0.3519677805244085,0.403578221009222
174.57286432160802,0.5010394852123058,0.09527673044209216,0.051591795687558416,0.3520919886580435,0.40368378434560187
175.57788944723617,0.5010278821136103,0.09518712641889232,0.0515739543519666,0.3522110371155308,0.4037849914674974
176.5829145728643,0.501016606433098,0.09510137354659962,0.05155688094331539,0.35232513907698704,0.4038820200203024
177.58793969849245,0.5010056541975778,0.09501930660340421,0.051540542647556954,0.352434496551461,0.40397503919901795
178.5929648241206,0.5009950247232555,0.09494076582593658,0.051524907475689816,0.3525393019751181,0.40406420945080795
179.59798994974875,0.5009847148128133,0.09486559873704409,0.05150994501322417,0.35263974143691856,0.40414968645014276
180.60301507537687,0.5009747208045414,0.09479365959910593,0.051495626177440856,0.3527359934189119,0.40423161959635273
181.608040201005,0.5009650385552229,0.09472480903542872,0.05148192314957678,0.35282822925977153,0.4043101524093483
182.61306532663315,0.5009556632779704,0.0946589136839898,0.05146880932235293,0.3529166137156869,0.4043854230380398
183.6180904522613,0.5009465894650057,0.09459584599796647,0.05145625926702492,0.3530013052700029,0.40445756453702786
184.62311557788945,0.5009378112710167,0.09453548413274077,0.051444248690940025,0.3530824559053025,0.4045267045962425
185.62814070351757,0.5009293251150726,0.09447771158987286,0.05143275418866707,0.35316020910638746,0.40459296329505456
186.63316582914572,0.5009211234920358,0.09442241675095987,0.05142175358755436,0.3532347061694501,0.4046564597570044
187.63819095477385,0.5009131999206513,0.0943694930018449,0.0514112256240021,0.3533060814535018,0.40471730707750386
188.643216080402,0.5009055475183088,0.09431883838888672,0.05140114998069261,0.35337446411211176,0.4047756140928044
189.64824120603015,0.500898160311267,0.09427035517572674,0.05139150711184756,0.3534399774011586,0.4048314845130062
190.65326633165827,0.5008910314187672,0.09422395002301963,0.0513822784039018,0.3535027401543113,0.4048850185582131
191.65829145728642,0.5008841541756247,0.09417953361425405,0.05137344602732723,0.3535628661827939,0.40493631221012116
192.66331658291455,0.5008775218368363,0.0941370204881976,0.051364992925377655,0.35362046474958836,0.404985457674966
193.6683417085427,0.5008711276837291,0.09409632877188835,0.05135690275441545,0.3536756407899671,0.40503254354438256
194.67336683417085,0.5008649649218596,0.09405738025089215,0.05134915990734699,0.35372849491990127,0.4050776548272482
195.67839195979897,0.5008590267329337,0.09402010033122629,0.05134174950239493,0.353779123433445,0.4051208729358399
196.68341708542712,0.5008533062441674,0.09398441729437111,0.051334657241084346,0.35382761922037725,0.4051622764614616
197.68844221105527,0.5008477967460236,0.09395026264595656,0.05132786946104232,0.35387407114697755,0.40520194060801995
198.6934673366834,0.5008424917208221,0.09391757035738318,0.05132137298380764,0.35391856493798723,0.40523993792179486
199.69849246231155,0.500837385248853,0.09388627898438434,0.05131515551503073,0.3539611802517319,0.40527633576676264
200.7035175879397,0.5008324714167557,0.0938563270876807,0.0513092047630296,0.3540019967325339,0.4053112014955635
201.70854271356782,0.5008277441621904,0.09382765764220098,0.05130350933867052,0.35404108885693797,0.4053445981956085
202.71356783919597,0.5008231960270217,0.09380021586731498,0.051298058401902345,0.35407852970376097,0.40537658810566335
203.7185929648241,0.5008188209519613,0.0937739491584891,0.051292841461258794,0.35411438842829074,0.4054072298895495
204.72361809045225,0.500814614023715,0.09374880695048277,0.05128784836380192,0.3541487306620004,0.4054365790258024
205.7286432160804,0.5008105691728724,0.09372474118079412,0.051283069543838884,0.35418162010249454,0.4054646896463334
206.73366834170852,0.5008066807804101,0.09370170578116156,0.05127849581281654,0.3542131176256117,0.40549161343842827
207.73869346733667,0.5008029434796121,0.09367965658467803,0.05127411835405125,0.3542432815816587,0.40551739993570995
208.7437185929648,0.5007993518719697,0.09365855134269252,0.05126992874554316,0.3542721680397946,0.40554209678533776
209.74874371859295,0.500795900772715,0.09363834963940335,0.0512659189266582,0.35429983066122334,0.40556574958788155
210.7537688442211,0.5007925852436047,0.09361901274736284,0.05126208116688132,0.35432632084215115,0.40558840200903246
211.75879396984922,0.5007894005271532,0.09360050358736069,0.051258408062556,0.3543516878229302,0.4056100958854862
212.76381909547737,0.5007863420804181,0.09358278666506475,0.05125489252111971,0.3543759787333974,0.40563087125451713
213.76884422110552,0.5007834041118627,0.09356582841590252,0.05125152792969853,0.35439923954253627,0.40565076747223483
214.77386934673365,0.5007805830269684,0.09354959613542888,0.05124830770847623,0.35442151312912656,0.40566982083760283
215.7788944723618,0.5007778745585825,0.0935340587441276,0.05124522565685815,0.35444284104043183,0.40568806669728996
216.78391959798995,0.5007752744529163,0.09351918651145057,0.051242275851893414,0.35446326318373983,0.4057055390356332
217.78894472361807,0.5007727785874799,0.09350495078354494,0.05123945258407293,0.3544828180449022,0.40572227062897515
218.79396984924622,0.5007703829809542,0.09349132419947061,0.051236750402087125,0.3545015424174881,0.40573829281957524
219.79899497487435,0.5007680840475817,0.09347828225494266,0.05123416442303275,0.35451946927444294,0.40575363369747575
220.8040201005025,0.500765877961765,0.09346579892452676,0.05123168946062472,0.35453663365308347,0.4057683231137082
221.80904522613065,0.5007637610553868,0.09345384927195662,0.05122932054397471,0.35455306912868184,0.40578238967265656
222.81407035175877,0.5007617300472181,0.09344241113677347,0.05122705325510811,0.3545688055609003,0.40579585881600844
223.81909547738692,0.5007597816164535,0.09343146283098681,0.05122488327551039,0.3545838722770492,0.4058087555525596
224.82412060301505,0.5007579124890692,0.09342098321702391,0.05122280639806793,0.354598297895839,0.40582110429390694
225.8291457286432,0.5007561194914285,0.09341095234192145,0.051220818655596204,0.3546121095110539,0.40583292816665
226.83417085427135,0.5007543995262222,0.0934013508361872,0.05121891619733993,0.3546253334402506,0.4058442496375905
227.83919597989947,0.5007527496143215,0.09339216037843061,0.05121709538286565,0.3546379946243821,0.4058550900072478
228.84422110552762,0.5007511668550311,0.09338336356182901,0.0512153527568292,0.35465011682631076,0.40586546958313996
229.84924623115577,0.50074965010282,0.093374943450072,0.051213684846001764,0.3546617216011062,0.40587540644710796
230.8542713567839,0.5007481964903981,0.09336688376342984,0.051212088428393594,0.3546728313177783,0.4058849197461719
231.85929648241205,0.5007468014161454,0.09335916946908682,0.051210560656190104,0.3546834684585776,0.40589402911476774
232.8643216080402,0.5007454647438104,0.0933517854103624,0.05120909836147695,0.3546936514843501,0.405902749845827
233.86934673366832,0.5007441826646579,0.09334471770290884,0.051207698883784576,0.3547034007486487,0.40591109963243327
234.87437185929647,0.5007429537251978,0.09333795266405825,0.05120635944975169,0.3547127341609924,0.40591909361074413
235.8793969849246,0.5007417755629733,0.09333147707050561,0.05120507744158229,0.35472166992493875,0.40592674736652107
236.88442211055275,0.5007406462855306,0.09332527917225338,0.05120385051921232,0.3547302240230035,0.4059340745422158
237.8894472361809,0.5007395640268679,0.09331934775302547,0.05120267645242924,0.35473841176767745,0.4059410882201067
238.89447236180902,0.5007385266080099,0.09331366979151319,0.05120155265294479,0.3547462509475321,0.4059478036004769
239.89949748743717,0.5007375322884827,0.09330823489705459,0.051200477054901404,0.35475375575956136,0.4059542328144628
240.9045226130653,0.5007365793350513,0.09330303272419563,0.05119944760142386,0.35476094033932926,0.4059603879407531
241.90954773869345,0.500735666101099,0.09329805348379586,0.051198462346213905,0.3547678180688912,0.40596628041510513
242.9145728643216,0.5007347909844261,0.09329328767211205,0.05119751939983848,0.3547744019436234,0.4059719213434619
243.91959798994972,0.5007339523777473,0.0932887257589903,0.05119661686772102,0.3547807049955415,0.4059773218632625
244.92462311557787,0.5007331488561159,0.09328435939649457,0.05119575309104376,0.3547867386563457,0.4059824917473895
245.92964824120602,0.5007323789833455,0.09328017997404295,0.05119492635669571,0.35479251468591566,0.4059874410426114
246.93467336683415,0.5007316414299026,0.09327617950019187,0.05119413507430406,0.35479804399560155,0.40599217906990565
247.9396984924623,0.5007309349296467,0.0932723503944744,0.05119337773545343,0.3548033369404254,0.40599671467587883
248.94472361809045,0.500730257914518,0.09326868557152403,0.051192652955282046,0.35480840355867604,0.4060010565139581
249.94974874371857,0.5007296080657289,0.09326517801178208,0.05119195941206616,0.354813254510423,0.40600521392248917
250.95477386934672,0.5007289863736035,0.09326182061469569,0.05119129555016158,0.3548178974615393,0.4060091930117009
251.95979899497485,0.5007283911811018,0.09325860703525404,0.05119066014592065,0.3548223416377236,0.40601300178364425
252.964824120603,0.5007278202668074,0.09325553131643378,0.05119005209421351,0.3548265963225453,0.40601664841675883
253.96984924623115,0.5007272738538543,0.09325258733343947,0.05118947009423419,0.35483066871847213,0.4060201388127063
254.97487437185927,0.5007267503635219,0.09324976942636726,0.05118891306098864,0.3548345671491223,0.406023480210111
255.97989949748742,0.5007262489201849,0.09324707236653335,0.05118837995388116,0.35483829875940054,0.40602667871328174
256.98492462311555,0.5007257686993843,0.09324449144331709,0.051187869837731874,0.3548418700195666,0.40602973985729846
257.9899497487437,0.5007253087582589,0.09324202117744262,0.05118738162370428,0.3548452884405941,0.40603267006429833
258.99497487437185,0.5007248682079434,0.09323965637655002,0.05118691427966413,0.35484856113584246,0.40603547541550655
260.0,0.5007244463701148,0.0932373930204835,0.051186467005804016,0.35485169360359775,0.4060381606094018
