Generation,xOC,xOB,xMMd,xMMr,total xMM
0.0,0.26666666666666666,0.4,0.26666666666666666,0.06666666666666667,0.3333333333333333
1.0169491525423728,0.45010051052451966,0.28991042961909963,0.20850103216261964,0.05148802769376111,0.25998905985638077
2.0338983050847457,0.5032997441943569,0.24785800455007018,0.20115531038825035,0.047686940867322475,0.24884225125557283
3.0508474576271185,0.5269650413949807,0.22210731119114352,0.20465273160031433,0.04627491581356136,0.2509276474138757
4.067796610169491,0.5409274540591676,0.20258578055496085,0.21098658745853827,0.04550017792733329,0.25648676538587156
5.084745762711864,0.5507031882401603,0.18646324533238365,0.21792592046078424,0.044907645966671815,0.26283356642745603
6.101694915254237,0.5581146359226362,0.1727147673517035,0.22479560806851065,0.044374988657149575,0.26917059672566024
7.11864406779661,0.5638858192065644,0.16084382781428522,0.23139669615427488,0.043873656824875436,0.27527035297915037
8.135593220338983,0.568382701574062,0.15053542249325863,0.23768102180567233,0.043400854127007095,0.2810818759326794
9.152542372881356,0.5718392829587529,0.14155369775082072,0.24364743151324558,0.042959587777180716,0.2866070192904263
10.169491525423728,0.5744304196338657,0.1337083718287073,0.24930815223525157,0.042553056302175485,0.29186120853742703
11.1864406779661,0.5762972444415906,0.12684140263448795,0.2546780141656281,0.04218333875829339,0.29686135292392146
12.203389830508474,0.577557458230471,0.12082003634276493,0.25977118534998184,0.04185132007678212,0.301622505426764
13.220338983050848,0.5783105171263819,0.11553218582655092,0.26460037594562064,0.04155692110144649,0.3061572970470671
14.23728813559322,0.5786409291362148,0.11088289399638573,0.2691768202384033,0.0412993566289961,0.31047617686739937
15.254237288135592,0.578620658073089,0.10679148304251694,0.2735105023046907,0.04107735657970325,0.31458785888439394
16.271186440677965,0.5783111087085466,0.10318918572682331,0.2776103755068314,0.04088933005779881,0.3184997055646302
17.28813559322034,0.5777646809225272,0.10001720195855919,0.28148462347548314,0.04073349364343066,0.3222181171189138
18.305084745762713,0.5770261476207543,0.09722506839060836,0.2851408264380338,0.04060795755060366,0.32574878398863744
19.322033898305083,0.5761337305710758,0.09476932310968171,0.28858615250448805,0.040510793814754434,0.32909694631924247
20.338983050847457,0.5751200842030513,0.09261238135231378,0.29182745692225864,0.040440077522376335,0.33226753444463497
21.35593220338983,0.5740130714760573,0.09072161283419684,0.29487139643200544,0.040393919257740475,0.33526531568974594
22.3728813559322,0.5728364437252625,0.08906857077089761,0.297724500076775,0.04037048542706483,0.3380949855038398
23.389830508474574,0.5716104096352808,0.0876283503528294,0.30039322927010437,0.04036801074178558,0.3407612400118899
24.406779661016948,0.5703521353412102,0.08637905421983698,0.3028840036617128,0.04038480677724004,0.34326881043895285
25.423728813559322,0.569076131015883,0.08530134898271664,0.3052032535073527,0.040419266494047756,0.3456225200014004
26.440677966101696,0.5677946481545477,0.0843780861812192,0.30735740255400623,0.04046986311022695,0.34782726566423317
27.457627118644066,0.5665179522786243,0.08359399526540032,0.30935290001289434,0.04053515244308091,0.34988805245597526
28.47457627118644,0.5652546065533569,0.08293541786862028,0.31119620606525683,0.04061376951276598,0.3518099755780228
29.491525423728813,0.5640116952046911,0.08239008832743396,0.31289378981920374,0.040704426648671285,0.35359821646787504
30.508474576271183,0.5627950233590094,0.08194694780703315,0.3144521184211576,0.04080591041279981,0.3552580288339574
31.525423728813557,0.5616092900619782,0.08159598782739577,0.3158776437509002,0.04091707835972589,0.35679472211062613
32.54237288135593,0.5604582393095039,0.08132811814331999,0.3171767868377146,0.04103685570946152,0.35821364254717614
33.559322033898304,0.5593447912687439,0.08113505527323644,0.3183559214254166,0.04116423203260313,0.3595201534580197
34.57627118644068,0.5582711575647122,0.08100922804575054,0.3194213563879474,0.041298258001589844,0.36071961438953726
35.59322033898305,0.5572389409610082,0.08094369784471034,0.32037931885640364,0.04143804233787787,0.3618173611942815
36.610169491525426,0.5562492241448173,0.08093209069787713,0.32123593637962444,0.04158274877768117,0.3628186851573056
37.62711864406779,0.5553026451432745,0.08096853987696377,0.3219972215667153,0.041731593413046345,0.3637288149797616
38.644067796610166,0.5543994646610191,0.08104763699883225,0.3226690562929272,0.04188384204722152,0.3645528983401487
39.66101694915254,0.5535396250455946,0.0811643901752256,0.32325717704531004,0.04203880773386974,0.3652959847791798
40.67796610169491,0.5527227998364974,0.08131418825027747,0.32376716328015087,0.042195848633074344,0.3659630119132252
41.69491525423729,0.5519484382291824,0.08149277056121841,0.32420442530897925,0.04235436590061999,0.3665587912095993
42.71186440677966,0.5512158054059474,0.08169619964418369,0.3245741933893035,0.04251380156056556,0.36708799494986905
43.728813559322035,0.5505240124361538,0.08192083917175949,0.32488151139499993,0.04267363699708683,0.36755514839208675
44.7457627118644,0.5498720471951347,0.08216333288669987,0.3251312288977598,0.042833391020405634,0.3679646199181654
45.762711864406775,0.5492587989553265,0.08242058783264779,0.32532799484112546,0.04299261837090037,0.3683206132120258
46.77966101694915,0.5486830807821238,0.08268975751654355,0.3254762536491637,0.04315090805216885,0.36862716170133253
47.79661016949152,0.5481436445342417,0.08296822850858679,0.32558024473583824,0.04330788222133336,0.3688881269571716
48.813559322033896,0.5476391993725793,0.08325360668505995,0.32564399940270483,0.04346319453965587,0.3691071939423607
49.83050847457627,0.5471684257581081,0.08354370595403209,0.3256713393771545,0.043616528910705284,0.3692878682878598
50.847457627118644,0.5467299853572639,0.08383653649485352,0.3256658798968368,0.04376759825104575,0.3694334781478825
51.86440677966102,0.5463225303347015,0.08413029480590123,0.3256310314985119,0.04391614336088544,0.36954717485939736
52.88135593220339,0.5459447137567504,0.08442335305199301,0.3255700016992725,0.044061931491984035,0.36963193319125653
53.89830508474576,0.5455951958649612,0.08471425040122249,0.3254857983817859,0.04420475535203041,0.3696905537338163
54.91525423728813,0.5452726484572405,0.08500168344747866,0.325381236085227,0.04434443201005371,0.3697256680952807
55.932203389830505,0.5449757604534279,0.08528449558908667,0.32525894248219145,0.04448080147529409,0.3697397439574856
56.94915254237288,0.5447032447961965,0.08556167135573922,0.32512135803821646,0.044613725809847724,0.3697350838480642
57.96610169491525,0.5444538419743867,0.08583232566440437,0.32497074464801323,0.044743087713195615,0.36971383236120886
58.983050847457626,0.5442263162214571,0.08609569702188093,0.3248091966697665,0.044868790086895545,0.369677986756662
60.0,0.544019459223612,0.08635113946485279,0.3246386464511583,0.04499075486037693,0.36962940131153527
60.0,0.544019459223612,0.08635113946485279,0.3246386464511583,0.04499075486037693,0.36962940131153527
61.00502512562814,0.5606490179993262,0.09216672405257852,0.2990466832250922,0.0481375747230031,0.3471842579480953
62.01005025125628,0.5671464457289421,0.09981112904594064,0.28054987156313893,0.05249255366197827,0.33304242522511723
63.015075376884425,0.5691728050314823,0.10831127950245759,0.26494094563307286,0.057574969832987356,0.32251591546606023
64.02010050251256,0.5689609491432622,0.11717080261515206,0.25070144290877217,0.0631668053328136,0.31386824824158577
65.0251256281407,0.567463987681062,0.12608904172666036,0.23729206319121524,0.06915490740106231,0.30644697059227755
66.03015075376885,0.5651285686661995,0.13485520352120375,0.22454603425818995,0.07547019355440664,0.30001622781259657
67.03517587939699,0.5621988364866917,0.14330504548061293,0.21243470962534095,0.08206140840735446,0.2944961180326954
68.04020100502512,0.5588385986199872,0.1513036785206149,0.200974206285492,0.08888351657390589,0.28985772285939787
69.04522613065326,0.5551791506740501,0.15873971823052893,0.19018829071516619,0.09589284038025485,0.28608113109542105
70.0502512562814,0.5513363399455589,0.16552402126249877,0.18009423978458133,0.10304539900736095,0.28313963879194226
71.05527638190955,0.547415199124658,0.17158978932091007,0.17069825204083386,0.11029675951359827,0.28099501155443213
72.06030150753769,0.5435099798403596,0.17689255826705352,0.1619948926630044,0.11760256922958241,0.27959746189258683
73.06532663316582,0.5397029075503706,0.1814094855691335,0.15396825242253379,0.1249193544579621,0.2788876068804959
74.07035175879398,0.53606302399099,0.18513781476357452,0.14659378766901854,0.13220537357641693,0.27879916124543547
75.07537688442211,0.5326456160478232,0.1880926223959226,0.13984035262971317,0.13942140892654098,0.27926176155625415
76.08040201005025,0.5294923264280798,0.19030406595744437,0.13367216676225355,0.14653144085222233,0.2802036076144758
77.08542713567839,0.5266318650288906,0.1918143726237455,0.12805058830891208,0.15350317403845187,0.28155376234736396
78.09045226130652,0.5240811912080238,0.19267478546163969,0.12293562436339922,0.16030839896693747,0.2832440233303367
79.09547738693468,0.5218469870270811,0.19294265678457728,0.1182871607335495,0.1669231954547921,0.2852103561883416
80.10050251256281,0.5199272866726916,0.1926788150224108,0.11406591502658728,0.17332798327831042,0.2873938983048977
81.10552763819095,0.5183131320335149,0.19194529039614977,0.11023413890749162,0.17950743866284363,0.28974157757033525
82.1105527638191,0.5169901604733349,0.19080343855687945,0.10675610275280896,0.18545029821697673,0.29220640096978573
83.11557788944724,0.5159400626764353,0.18931246513541652,0.10359839886550805,0.1911490733226401,0.2947474721881482
84.12060301507537,0.5151418683986696,0.18752833030459506,0.10073010079042424,0.1965997005063111,0.2973298012967353
85.12562814070351,0.5145730428349748,0.18550299455530725,0.09812281119931611,0.2018011514104019,0.299923962609718
86.13065326633165,0.5142103925571889,0.18328395695687502,0.09575062759082743,0.20675502289510858,0.30250565048593603
87.1356783919598,0.514030787309701,0.18091403563965353,0.09359005033108003,0.21146512671956547,0.3050551770506455
88.14070351758794,0.5140117162013291,0.17843133925841057,0.09161985222305224,0.21593709231720792,0.30755694454026017
89.14572864321607,0.5141316973045895,0.1758693835433696,0.08982092500339993,0.2201779941486409,0.30999891915204086
90.15075376884423,0.5143705621601024,0.17325731223684607,0.08817611438218369,0.22419601122086796,0.3123721256030516
91.15577889447236,0.5147096371832101,0.1706201878391188,0.0866700519549277,0.22800012302274347,0.3146701749776712
92.1608040201005,0.5151318413910856,0.16797932438157936,0.08528899009459417,0.23159984413274098,0.31688883422733516
93.16582914572864,0.5156217187523442,0.1653526401214792,0.08402064377705533,0.23500499734912134,0.31902564112617665
94.17085427135677,0.5161654209282954,0.16275501345257265,0.08285404186183067,0.2382255237573013,0.321079565619132
95.17587939698493,0.5167506530242466,0.1601986301901725,0.08177938914447917,0.24127132764110168,0.3230507167855809
96.18090452261306,0.5173665942201093,0.15769331314553714,0.08078794075372947,0.24415215188062395,0.3249400926343534
97.1859296482412,0.5180038055803424,0.15524682834544362,0.07987188644416342,0.24687747963005055,0.32674936607421395
98.19095477386935,0.5186541186892107,0.1528651686036189,0.07902424764554397,0.2494564650616264,0.3284807127071704
99.19597989949749,0.5193105272514322,0.1505528076307089,0.07823878464238566,0.25189788047547323,0.3301366651178589
100.20100502512562,0.5199670790512555,0.1483129273071601,0.07750991321119403,0.25421008043039034,0.33171999364158433
101.20603015075376,0.520618767037652,0.1461476198323145,0.07683263127019466,0.25640098185983884,0.33323361313003347
102.2110552763819,0.5212614295592035,0.14405806442438587,0.076202452554231,0.2584780534621796,0.33468050601641064
103.21608040201005,0.5218916480372087,0.14204468392325267,0.07561534918142127,0.2604483188581175,0.3360636680395387
104.22110552763819,0.5225066622067089,0.14010727709143417,0.0750676998652868,0.26231836083656995,0.3373860607018568
105.22613065326632,0.523104285462355,0.13824513515238346,0.07455624438424935,0.26409433500101215,0.3386505793852615
106.23115577889448,0.5236828304661514,0.136457140255569,0.07407804363888201,0.26578198563939764,0.33986002927827963
107.23618090452261,0.5242410401201335,0.13474185058847676,0.0736304439660269,0.2673866653253629,0.3410171092913898
108.24120603015075,0.5247780287519135,0.13309757047309495,0.0732110462550608,0.2689133545199307,0.3421244007749915
109.24623115577889,0.5252932293008523,0.13152241112964838,0.0728176773293828,0.27036668224011656,0.34318435956949933
110.25125628140702,0.525786338945281,0.13001434256631153,0.07244836683796553,0.27175095165044194,0.34419931848840746
111.25628140703517,0.5262572794195555,0.12857123522636707,0.07210132509455736,0.2730701602595202,0.34517148535407755
112.26130653266331,0.5267061642129828,0.127190893473352,0.07177492358009563,0.27432801873356955,0.3461029423136652
113.26633165829145,0.5271332605296861,0.12587108633787086,0.07146767858544613,0.27552797454699696,0.3469956531324431
114.2713567839196,0.5275389599796062,0.12460957120100576,0.07117823653087882,0.2766732322885092,0.34785146881938805
115.27638190954774,0.5279237581571743,0.1234041119729758,0.07090536004652664,0.27776676982332327,0.34867212986984986
116.28140703517587,0.5282882315111701,0.12225249523999636,0.07064791638749193,0.2788113568613417,0.34945927324883364
117.28643216080401,0.5286330165138605,0.12115254245741668,0.07040486777836087,0.2798095732503618,0.35021444102872273
118.29145728643215,0.5289587959831723,0.12010211996558229,0.07017526132193014,0.2807638227293152,0.35093908405124535
119.2964824120603,0.529266289226316,0.11909914518022681,0.06995822044552726,0.28167634514792983,0.3516345655934571
120.30150753768844,0.5295562348465785,0.1181415936354066,0.0697529384027765,0.2825492331152384,0.35230217151801485
121.30653266331657,0.529829378818978,0.11722750355841863,0.06955867205577865,0.2833844455668247,0.3529431176226034
122.31155778894473,0.5300864743361997,0.11635497675534114,0.06937473482823765,0.2841838140802214,0.35355854890845906
123.31658291457286,0.5303282764819042,0.11552218005008569,0.06920049126842466,0.28494905219958544,0.35414954346801003
124.321608040201,0.5305555267122796,0.11472734845500697,0.06903535388545622,0.2856817709472572,0.35471712483271345
125.32663316582914,0.5307689483586736,0.11396878544504033,0.06887877887827845,0.28638348731800767,0.35526226619628615
126.33165829145727,0.530969257972035,0.11324485905034458,0.06873026016592078,0.28705562281169966,0.3557858829776205
127.33668341708542,0.5311571510678046,0.11255400386330222,0.06858932741392501,0.2876995176549681,0.3562888450688932
128.34170854271355,0.5313332939895216,0.11189472003715199,0.06845554539610588,0.2883164405772205,0.3567719859733264
129.3467336683417,0.5314983386545974,0.11126557047312635,0.068328505722658,0.2889075851496183,0.3572360908722763
130.35175879396985,0.5316529082265604,0.11066517987961276,0.06820782931820603,0.28947408257562085,0.3576819118938268
131.356783919598,0.5317976016339779,0.11009223278922438,0.06809316197126149,0.2900170036055362,0.3581101655767977
132.36180904522612,0.531932992324289,0.10954547171435788,0.06798417287316824,0.29053736308818495,0.3585215359613532
133.36683417085425,0.5320596286453342,0.10902369490898892,0.06788055207996534,0.29103612436571163,0.35891667644567693
134.3718592964824,0.5321780319435954,0.10852575482870411,0.0677820098172311,0.2915142034104693,0.3592962132277004
135.37688442211055,0.532288698286222,0.1080505557817563,0.06768827450986308,0.2919724714221586,0.3596607459320217
136.3819095477387,0.5323921006068163,0.1075970516077087,0.06759909121845739,0.2924117565670176,0.36001084778547504
137.38693467336682,0.5324886871894586,0.1071642437568115,0.06751422041590793,0.29283284863782183,0.36034706905372976
138.39195979899498,0.5325788801900089,0.10675118049227648,0.06743343767392446,0.29323650164379034,0.36066993931771474
139.3969849246231,0.532663080890903,0.10635695198745647,0.06735653094255946,0.29362343617908115,0.3609799671216406
140.40201005025125,0.532741668844553,0.10598069169115133,0.06728330122516488,0.29399433823913074,0.36127763946429564
141.4070351758794,0.5328150019669933,0.10562157335527915,0.0672135612360767,0.2943498634416508,0.3615634246777275
142.41206030150752,0.5328834145341992,0.10527880923557215,0.0671471346233048,0.29469064160692376,0.36183777623022856
143.41708542713567,0.5329472240739705,0.10495164754461919,0.06708385463382371,0.2950172737475866,0.3621011283814103
144.4221105527638,0.5330067345996263,0.10463936923761177,0.06702356284850094,0.29533033331426095,0.36235389616276187
145.42713567839195,0.5330622256105427,0.10434129408143397,0.06696611161995132,0.2956303686880721,0.36259648030802344
146.4321608040201,0.5331139577196243,0.10405676803114636,0.06691136023336038,0.295917914015869,0.36282927424922934
147.43718592964825,0.5331621770895452,0.10378517094216833,0.06685917634849031,0.29619347561979625,0.3630526519682865
148.44221105527637,0.5332071198476633,0.10352590939232299,0.06680943376687168,0.2964575369931419,0.36326697076001363
149.4472361809045,0.5332490027703576,0.10327841858827393,0.0667620137231185,0.29671056491824993,0.36347257864136845
150.45226130653265,0.5332880301896649,0.10304215972754535,0.06671680356367808,0.2969530065191117,0.36366981008278976
151.4572864321608,0.5333243934196169,0.10281661888106929,0.06667369653255335,0.2971852911667605,0.36385898769931385
152.46231155778895,0.5333582709363115,0.10260130643943695,0.06663259158717709,0.2974078310370744,0.3640404226242515
153.46733668341707,0.5333898304712776,0.10239575505543146,0.06659339274218148,0.2976210217311094,0.36421441447329084
154.47236180904522,0.5334192293626855,0.10219951898625732,0.06655600887747608,0.297825242773581,0.36438125165105706
155.47738693467335,0.5334466140144827,0.10201217323911706,0.06652035360350858,0.29802085914289167,0.3645412127464002
156.4824120603015,0.5334721206375618,0.101833312619806,0.06648634499568883,0.29820822174694345,0.3646945667426323
157.48743718592965,0.533495877213247,0.10166255044741784,0.06645390512653421,0.29838766721280097,0.36484157233933523
158.49246231155777,0.5335180028991958,0.10149951816061689,0.06642296007029877,0.29855951886988846,0.36498247894018726
159.49748743718592,0.5335386095634864,0.101343863862296,0.06639343942031325,0.2987240871539043,0.3651175265742176
160.50251256281405,0.5335578012630212,0.10119525201045267,0.06636527632227326,0.298881670404253,0.3652469467265263
161.5075376884422,0.5335756749669537,0.10105336263199946,0.06633840723813954,0.29903255516290733,0.36537096240104694
162.51256281407035,0.5335923212815338,0.10091789019327524,0.06631277166237316,0.2991770168628177,0.36548978852519093
163.5175879396985,0.533607824741972,0.10078854322834425,0.06628831204252943,0.29931531998715427,0.36560363202968366
164.52261306532662,0.5336222638716888,0.10066504392836265,0.06626497369149277,0.29944771850845575,0.3657126921999485
165.52763819095475,0.5336357116584537,0.10054712732531045,0.06624270460641693,0.29957445640981883,0.3658171610162358
166.5326633165829,0.5336482364157805,0.10043454024163295,0.06622145518357825,0.29969576815900834,0.3659172233425866
167.53768844221105,0.5336599017959287,0.10032704120490599,0.06620117820805117,0.29981187879111415,0.36601305699916536
168.5427135678392,0.533670767316164,0.1002243996905627,0.06618182869031342,0.2999230043029599,0.36610483299327323
169.54773869346732,0.5336808887388327,0.10012639532195991,0.06616336365306243,0.300029352286145,0.36619271593920744
170.55276381909547,0.5336903170264365,0.10003281846111106,0.06614574240997585,0.3001311221024766,0.36627686451245245
171.5577889447236,0.5336991005583799,0.09994346837977529,0.06612892595786228,0.30022850510398247,0.36635743106184476
172.56281407035175,0.5337072840359238,0.09985815396975412,0.0661128772709708,0.30032168472335113,0.36643456199432195
173.5678391959799,0.533714909179172,0.09977669267034157,0.06609756101792172,0.3004108371325647,0.3665083981504864
174.57286432160802,0.5337220140993647,0.09969891038748661,0.06608294363162233,0.3004961318815264,0.3665790755131487
175.57788944723617,0.533728634397237,0.09962464101119578,0.06606899311433097,0.3005777314772363,0.3666467245915673
176.5829145728643,0.533734804141138,0.0995537256681085,0.06605567879947188,0.3006557913912815,0.36671147019075334
177.58793969849245,0.5337405542636683,0.09948601291495286,0.0660429715748835,0.30073046124649533,0.36677343282137886
178.5929648241206,0.5337459137897594,0.09942135810012366,0.06603084363905055,0.3008018844710664,0.36683272811011697
179.59798994974875,0.5337509095667903,0.09935962320144384,0.06601926850909672,0.3008701987226692,0.3668894672317659
180.60301507537687,0.5337555670060953,0.09930067619169869,0.06600822083664118,0.3009355359655649,0.36694375680220603
181.608040201005,0.5337599092837806,0.09924439134019876,0.06599767655117197,0.3009980228248485,0.36699569937602056
182.61306532663315,0.5337639581959756,0.09919064842183109,0.0659876126369274,0.301057780745266,0.36704539338219344
183.6180904522613,0.5337677341143547,0.09913933257694334,0.06597800711749086,0.30111492619121116,0.367092933308702
184.62311557788945,0.5337712556410844,0.09909033445635647,0.0659688391169821,0.3011695707855771,0.36713840990255925
185.62814070351757,0.5337745403845363,0.09904354934637816,0.06596008864118678,0.3012218216278988,0.3671819102690856
186.63316582914572,0.5337776045908633,0.0989988774322411,0.06595173665289246,0.301271781324003,0.36722351797689545
187.63819095477385,0.5337804633750024,0.09895622341826621,0.06594376499032605,0.30131954821640533,0.36726331320673133
188.643216080402,0.5337831308844087,0.09891549619739147,0.06593615630188648,0.3013652166163134,0.3673013729181998
189.64824120603015,0.5337856201350922,0.09887660896495727,0.06592889406886772,0.30140887683108286,0.36733777089995057
190.65326633165827,0.5337879434124692,0.09883947863689836,0.06592196248553375,0.30145061546509877,0.36737257795063255
191.65829145728642,0.5337901120496716,0.0988040259832029,0.06591534649362134,0.30149051547350414,0.36740586196712544
192.66331658291455,0.533792136503844,0.09877017542872372,0.06590903174388137,0.301528656323551,0.3674376880674324
193.6683417085427,0.533794026733493,0.09873785455983664,0.06590300448288934,0.301565114223781,0.36746811870667034
194.67336683417085,0.533795791858464,0.09870699441556403,0.06589725162845869,0.30159996209751333,0.36749721372597205
195.67839195979897,0.5337974403308556,0.09867752919314247,0.06589176070655887,0.30163326976944316,0.367525030476002
196.68341708542712,0.5337989802101184,0.0986493957865641,0.06588651975253325,0.30166510425078424,0.3675516240033175
197.68844221105527,0.5338004187988161,0.09862253419490018,0.06588151740657651,0.3016955295997071,0.36757704700628363
198.6934673366834,0.5338017628954437,0.09859688710317073,0.06587674282410132,0.3017246071772842,0.3676013500013855
199.69849246231155,0.5338030189694452,0.09857239957061538,0.06587218561003559,0.30175239584990404,0.3676245814599397
200.7035175879397,0.5338041929183561,0.09854901937966887,0.06586783589105355,0.3017789518109214,0.36764678770197495
201.70854271356782,0.5338052902743843,0.09852669657819278,0.06586368422673826,0.3018043289206846,0.3676680131474229
202.71356783919597,0.5338063162480868,0.09850538334533127,0.06585972158334219,0.30182857882323977,0.36768830040658196
203.7185929648241,0.5338072755492017,0.09848503424606919,0.06585593938695074,0.3018517508177785,0.3677076902047292
204.72361809045225,0.5338081726497621,0.09846560574533791,0.0658523294230428,0.30187389218185723,0.3677262216049
205.7286432160804,0.5338090117458065,0.09844705620634878,0.06584888383824372,0.301895048209601,0.3677439320478447
206.73366834170852,0.5338097966665185,0.09842934609177507,0.0658455951782081,0.3019152620634984,0.3677608572417065
207.73869346733667,0.5338105310590425,0.09841243744169194,0.06584245628855143,0.3019345752107142,0.3677770314992656
208.7437185929648,0.5338112183382797,0.09839629399154547,0.06583946033621157,0.30195302733396334,0.3677924876701749
209.74874371859295,0.5338118615201125,0.09838088135871068,0.0658366008549555,0.30197065626622127,0.36780725712117673
210.7537688442211,0.5338124635755304,0.09836616644617326,0.06583387161474336,0.30198749836355304,0.3678213699782964
211.75879396984922,0.5338130272367154,0.09835211769200759,0.06583126667969973,0.3020035883915773,0.367834855071277
212.76381909547737,0.5338135550135681,0.09833870513957063,0.0658287804156143,0.3020189594312471,0.3678477398468614
213.76884422110552,0.5338140493011141,0.09832589996564656,0.06582640740555024,0.3020336433276893,0.36786005073323946
214.77386934673365,0.5338145123220353,0.09831367469353962,0.0658241424872488,0.30204767049717623,0.367871812984425
215.7788944723618,0.533814946053423,0.09830200324007658,0.06582198076768558,0.302061069938815,0.3678830507065005
216.78391959798995,0.5338153524368622,0.09829086050708222,0.06581991753584346,0.30207386952021215,0.3678937870560556
217.78894472361807,0.5338157332570582,0.09828022258818501,0.06581794830718912,0.30208609584756757,0.3679040441547567
218.79396984924622,0.5338160901826893,0.09827006676729022,0.06581606881831512,0.30209777423170536,0.3679138430500205
219.79899497487435,0.533816424786341,0.09826037117531666,0.06581427496996542,0.302108929068377,0.3679232040383424
220.8040201005025,0.5338167385441237,0.09825111495301313,0.06581256285199014,0.30211958365087305,0.3679321465028632
221.80904522613065,0.5338170327071529,0.09824227839348781,0.06581092878028237,0.302129760119077,0.3679406888993594
222.81407035175877,0.5338173085706797,0.09823384242665255,0.06580936918324552,0.30213947981942213,0.36794884900266767
223.81909547738692,0.5338175673067174,0.09822578888051525,0.06580788066199722,0.3021487631507701,0.3679566438127673
224.82412060301505,0.5338178100509388,0.09821810055757822,0.06580645999259833,0.3021576293988848,0.3679640893914831
225.8291457286432,0.5338180378580355,0.09821076089593694,0.06580510407575109,0.3021660971702765,0.3679712012460276
226.83417085427135,0.5338182517348922,0.09820375405408686,0.06580380994633059,0.30217418426469045,0.36797799421102106
227.83919597989947,0.5338184525002725,0.09819706503039716,0.065802574808104,0.3021819076612263,0.3679844824693303
228.84422110552762,0.5338186409075668,0.09819067948832697,0.06580139599112389,0.3021892836129823,0.36799067960410614
229.84924623115577,0.5338188177296588,0.09818458363804396,0.06580027092253025,0.30219632770976707,0.3679965986322973
230.8542713567839,0.5338189837267937,0.09817876436721823,0.06579919715137661,0.30220305475461146,0.368002251905988
231.85929648241205,0.5338191397367265,0.09817320918265639,0.065798172328787,0.30220947875183,0.368007651080617
232.8643216080402,0.5338192864184423,0.09816790607070833,0.0657971942125507,0.30221561329829877,0.36801280751084947
233.86934673366832,0.5338194244081751,0.09816284359281265,0.06579626066575017,0.30222147133326216,0.3680177319990123
234.87437185929647,0.5338195539716798,0.09815801097763069,0.06579536971046623,0.3022270653402232,0.36802243505068943
235.8793969849246,0.533819675670593,0.09815339775780524,0.06579451939280027,0.30223240717880157,0.36802692657160185
236.88442211055275,0.5338197898865089,0.09814899398654095,0.065793707871702,0.3022375082552482,0.3680312161269502
237.8894472361809,0.5338198973121112,0.09814479021104822,0.06579293336045229,0.3022423791163883,0.36803531247684057
238.89447236180902,0.5338199982890357,0.09814077733962367,0.06579219417647114,0.3022470301948696,0.36803922437134073
239.89949748743717,0.5338200932611546,0.09813694668761391,0.06579148869928142,0.3022514713519499,0.3680429600512313
240.9045226130653,0.5338201825641076,0.09813329005083889,0.06579081540613316,0.3022557119789204,0.3680465273850536
241.90954773869345,0.5338202665835867,0.09812979952538525,0.06579017282352849,0.3022597610674994,0.3680499338910279
242.9145728643216,0.5338203457050077,0.09812646754134469,0.06578955953842992,0.3022636272152176,0.3680531867536475
243.91959798994972,0.5338204202038869,0.09812328693432093,0.06578897422248942,0.3022673186393028,0.3680562928617922
244.92462311557787,0.5338204903176552,0.09812025086791917,0.06578841561071093,0.3022708432037147,0.36805925881442564
245.92964824120602,0.5338205563206894,0.09811735275673314,0.06578788247984248,0.30227420844273495,0.36806209092257747
246.93467336683415,0.5338206184632963,0.09811458635347317,0.06578737367005393,0.30227742151317666,0.36806479518323054
247.9396984924623,0.5338206770157163,0.09811194572137914,0.06578688807528393,0.30228048918762057,0.3680673772629045
248.94472361809045,0.533820732149968,0.09810942512556478,0.06578642463711457,0.3022834180873527,0.3680698427244673
249.94974874371857,0.5338207840468836,0.09810701909953458,0.06578598234461988,0.302286214508962,0.3680721968535819
250.95477386934672,0.5338208329173241,0.09810472248245557,0.06578556023861366,0.30228888436160656,0.3680744446002202
251.95979899497485,0.5338208789508292,0.09810253032342926,0.06578515740034914,0.30229143332539243,0.36807659072574156
252.964824120603,0.5338209223013912,0.09810043784259236,0.06578477294617725,0.30229386690983917,0.36807863985601647
253.96984924623115,0.5338209631313787,0.09809844048121477,0.0657844060315361,0.3022961903558704,0.3680805963874065
254.97487437185927,0.53382100159006,0.09809653400647371,0.06578405587173053,0.30229840853173584,0.3680824644034663
255.97989949748742,0.5338210378310557,0.09809471425309269,0.06578372169443752,0.302300526221414,0.36808424791585154
256.98492462311555,0.5338210720049258,0.09809297725487215,0.06578340276366516,0.302302547976537,0.3680859507402022
257.9899497487437,0.5338211042521587,0.09809131923372161,0.06578309837855643,0.3023044781355634,0.36808757651411983
258.99497487437185,0.5338211346397731,0.09808973668389742,0.06578280789520274,0.30230632078112674,0.3680891286763295
260.0,0.5338211633096498,0.09808822612837365,0.06578253066727895,0.3023080798946975,0.36809061056197645
