Generation,xOC,xOB,xMMd,xMMr,total xMM
0.0,0.26666666666666666,0.4,0.26666666666666666,0.06666666666666667,0.3333333333333333
0.5042016806722689,0.4085890786166227,0.31790828171296287,0.21886329705026814,0.05463934262014627,0.2735026396704144
1.0084033613445378,0.4737462698961484,0.27589572265895385,0.20097019534720026,0.04938781209769757,0.25035800744489783
1.5126050420168067,0.5094106689837506,0.2494755287106581,0.19441613649976802,0.04669766580582327,0.2411138023055913
2.0168067226890756,0.5313515932755413,0.2304700867295451,0.19301916765958535,0.045159152335328225,0.23817831999491357
2.5210084033613445,0.5461519658801268,0.21548865435316278,0.19417470213523438,0.04418467763147597,0.23835937976671034
3.0252100840336134,0.5569241926835129,0.20294081613576323,0.19663562408364682,0.04349936709707703,0.24013499118072384
3.5294117647058822,0.565255825453945,0.19201695082339787,0.19976066821930746,0.04296655550334975,0.2427272237226572
4.033613445378151,0.5720000500903253,0.1822766187684569,0.2032070543483246,0.04251627679289323,0.24572333114121783
4.53781512605042,0.5776355891067989,0.17346396895775357,0.20678803648190305,0.04211240545354448,0.24890044193544755
5.042016806722689,0.5824429124633957,0.16541932318087277,0.21040132172855724,0.04173644262717443,0.25213776435573165
5.546218487394958,0.5865945988612253,0.15803500723651093,0.21399122907334292,0.041379164828920685,0.2553703939022636
6.050420168067227,0.5902030702382569,0.15123264927210692,0.21752806294318935,0.04103621754644665,0.258564280489636
6.554621848739496,0.5933463301571869,0.14495124704806656,0.2209966606837142,0.04070576211103245,0.26170242279474665
7.0588235294117645,0.5960820633030279,0.1391407575433623,0.2243899640657938,0.04038721508781577,0.26477717915360954
7.563025210084033,0.5984554699636697,0.13375856343423106,0.22770539015612068,0.04008057644597866,0.2677859666020993
8.067226890756302,0.6005036879462049,0.12876745723743796,0.2309427780229417,0.03978607679341549,0.27072885481635717
8.571428571428571,0.6022583416566025,0.12413443532035587,0.2341032258389129,0.039503997184128656,0.2736072230230416
9.07563025210084,0.6037470433182855,0.11982993397545964,0.2371884398470021,0.03923458285925272,0.2764230227062548
9.579831932773109,0.6049943172132467,0.11582730797657947,0.24020036874103698,0.03897800606913675,0.27917837481017377
10.084033613445378,0.606022187249783,0.11210245055160005,0.2431410068537329,0.03873435534488407,0.281875362198617
10.588235294117647,0.6068505786758649,0.10863349614640874,0.2460122879744912,0.03850363720323513,0.2845159251777264
11.092436974789916,0.6074976021314115,0.1054005778346449,0.24881603578592348,0.038285784248020135,0.28710182003394363
11.596638655462185,0.6079797710011755,0.10238562084150615,0.2515539428346472,0.03808066532267116,0.2896346081573184
12.100840336134453,0.6083121747230734,0.09957216291248777,0.25422756635976357,0.03788809600467516,0.2921156623644387
12.605042016806722,0.6085086243499588,0.09694519516138925,0.25683833223827984,0.03770784825037212,0.294546180488652
13.109243697478991,0.6085817749496754,0.09449102072034236,0.2593875451207371,0.03753965920924529,0.2969272043299824
13.61344537815126,0.6085432256942962,0.09219713155737376,0.2618764027080897,0.03738324004024023,0.29925964274832995
14.117647058823529,0.6084036272192156,0.09005209026181106,0.2643060016471888,0.03723828087178469,0.30154428251897347
14.621848739495798,0.6081727662638542,0.08804542931752955,0.2666773477463291,0.03710445667228728,0.3037818044186164
15.126050420168067,0.6078596297444335,0.08616756158205151,0.2689913757193053,0.03698143295420958,0.3059728086735149
15.630252100840336,0.6074724770744825,0.08440969641172678,0.271248957399737,0.036868869114053834,0.3081178265137908
16.134453781512605,0.6070189098219717,0.08276376458646087,0.2734509043024797,0.036766421289087685,0.3102173255915674
16.63865546218487,0.6065059239635064,0.08122235113116597,0.2755979799896028,0.03667374491572488,0.3122717249053276
17.142857142857142,0.605939954795089,0.07977863630254256,0.27769091144577623,0.036590497456592194,0.31428140890236844
17.647058823529413,0.6053269302138929,0.0784263398815824,0.2797303903776294,0.03651633952689529,0.31624672990452474
18.15126050420168,0.6046723082626819,0.0771596725884524,0.28171708267417217,0.03645093647469351,0.3181680191488657
18.655462184873947,0.6039811166662149,0.07597329146000056,0.28365163260243964,0.03639395927134499,0.3200455918737847
19.159663865546218,0.6032579861872471,0.07486226017008578,0.285534668141918,0.03634508550074903,0.3218797536426671
19.66386554621849,0.6025071823369798,0.07382201273173367,0.2873668050569168,0.036303999874369726,0.3236708049312866
20.168067226890756,0.6017326339786154,0.07284832086503014,0.2891486504610505,0.036270394695303874,0.32541904515635434
20.672268907563023,0.6009379584589098,0.07193726442870754,0.2908808070212485,0.036243970091134024,0.3271247771123826
21.176470588235293,0.6001264860954189,0.07108520444565841,0.292563875418553,0.03622443404036965,0.3287883094589227
21.680672268907564,0.5993012827720089,0.07028876019697279,0.2941984535429396,0.03621150348807864,0.3304099570310182
22.18487394957983,0.5984651679379482,0.06954478527844785,0.29578514398780337,0.03620490279580065,0.331990046783604
22.6890756302521,0.597620732451396,0.06885034921091124,0.2973245535302492,0.03620436480744344,0.3335289183376927
23.19327731092437,0.5967703556407784,0.06820271905660398,0.29881729478496577,0.03620963051765183,0.33502692530261763
23.69747899159664,0.595916223091187,0.06759934263333736,0.3002639855407932,0.03622044873468255,0.33648443427547575
24.201680672268907,0.5950603385847337,0.06703783391000662,0.30166525144954276,0.036236576055716826,0.33790182750525954
24.705882352941174,0.5942045363691962,0.06651595973846104,0.3030217269790753,0.03625777691326741,0.3392795038923427
25.210084033613445,0.5933504929012045,0.06603162733566403,0.3043340565528594,0.0362838232102723,0.3406178797631317
25.714285714285715,0.5924997404919392,0.06558287283401441,0.30560289269136387,0.03631449398268249,0.34191738667404636
26.218487394957982,0.5916536757633939,0.0651678513157339,0.306828897548347,0.036349575372525166,0.34317847292087217
26.72268907563025,0.5908135688304313,0.06478482752609016,0.308012743229538,0.03638886041394039,0.3444016036434784
27.22689075630252,0.5899805730574066,0.06443216724273378,0.30915511096308296,0.036432148736776665,0.34558725969985965
27.73109243697479,0.589155732153809,0.06410832967792135,0.31025669168721803,0.036479246481051615,0.34673593816826964
28.235294117647058,0.5883399885001644,0.06381186027904821,0.31131818525375105,0.03652996596703617,0.3478481512207872
28.739495798319325,0.5875341899149392,0.06354138431016883,0.31234030024626985,0.03658412552862205,0.34892442577489186
29.243697478991596,0.5867390963161433,0.06329560092795435,0.31332375344214697,0.03664154931375529,0.34996530275590226
29.747899159663866,0.5859553857097626,0.06307327779679824,0.3142692694087691,0.03670206708467006,0.35097133649343915
30.252100840336134,0.585183660045733,0.06287324612248517,0.31517757980545946,0.03676551402632251,0.35194309383178196
30.7563025210084,0.5844244503067983,0.0626943961707561,0.3160494229584673,0.03683173056397819,0.3528811535224455
31.26050420168067,0.5836782218421503,0.06253567307144618,0.3168855429141381,0.03690056217226529,0.3537861050864034
31.764705882352942,0.5829453787739589,0.06239607306729379,0.3176866889435368,0.036971859215210456,0.35465854815874726
32.26890756302521,0.5822262684391374,0.0622746400265773,0.31845361475555584,0.0370454767787295,0.3554990915342853
32.773109243697476,0.581521185330769,0.06217046229695694,0.3191870778573504,0.03712127451492366,0.35630835237227404
33.27731092436974,0.5808303752762901,0.06208266972947034,0.31988783852150404,0.03719911647273547,0.3570869549942395
33.78151260504202,0.5801540387763701,0.06201043104587568,0.32055665920875986,0.03727887096899438,0.35783553017775427
34.285714285714285,0.5794923343268877,0.06195295139701374,0.3211943038229212,0.03736041045317748,0.35855471427609864
34.78991596638655,0.5788453816886725,0.06190947009673315,0.3218015368465442,0.037443611368050106,0.35924514821459436
35.294117647058826,0.5782132647037826,0.061879258615903286,0.3223791226524675,0.037528354027846635,0.3599074766803141
35.79831932773109,0.5775960344264933,0.06186161860931762,0.322927824483946,0.037614522480243225,0.3605423469641892
36.30252100840336,0.5769937113333867,0.061855880255300706,0.32344840399200225,0.03770200441931032,0.3611504084113126
36.80672268907563,0.5764062878193374,0.061861400657798826,0.3239416204491059,0.03779069107375777,0.3617323115228636
37.310924369747895,0.5758337307000964,0.061877562335727,0.32440822987665674,0.037880477087519814,0.36228870696417653
37.81512605042017,0.5752759829181482,0.06190377204023887,0.32484898458797445,0.03797126045363832,0.3628202450416128
38.319327731092436,0.5747329662272577,0.06193945933585071,0.32526463206391587,0.03806294237297588,0.3633275744368918
38.8235294117647,0.5742045826696963,0.06198407556188676,0.32565591457276916,0.03815542719564779,0.36381134176841695
39.32773109243698,0.5736907161113506,0.06203709283084967,0.32602356870137505,0.038248622356424795,0.3642721910577999
39.831932773109244,0.5731912341962375,0.06209800303374722,0.32636832450011743,0.03834243826989785,0.3647107627700153
40.33613445378151,0.5727059898957366,0.06216631693198966,0.32669090492033903,0.03843678825193476,0.3651276931722738
40.84033613445378,0.5722348225636699,0.06224156356409328,0.3269920253811796,0.038531588491057166,0.3655236138722368
41.344537815126046,0.5717775600022065,0.06232328922270865,0.3272723928648063,0.038626757910278704,0.36589915077508506
41.84873949579832,0.5713340193703339,0.06241105684782941,0.32753270565349446,0.03872221812834221,0.3662549237818366
42.35294117647059,0.5709040079783003,0.06250444550100458,0.3277736530858344,0.038817893434860765,0.3665915465206952
42.857142857142854,0.5704873244830958,0.06260304979273905,0.3279959149969561,0.03891371072720905,0.3669096257241651
43.36134453781513,0.5700837603306718,0.0627064791972217,0.3282001610647212,0.03900959940738523,0.36720976047210646
43.865546218487395,0.5696931004395284,0.06281435760754775,0.32838705060195306,0.039105491350970946,0.367492541952924
44.36974789915966,0.5693151239648919,0.0629263230448043,0.32855723210371174,0.03920132088659197,0.3677585529903037
44.87394957983193,0.5689496054949255,0.06304202703250929,0.32871134277306047,0.03929702469950483,0.36800836747256527
45.3781512605042,0.568596315775903,0.06316113401859137,0.32885000845327966,0.039392541752225896,0.36824255020550556
45.88235294117647,0.5682550217390279,0.06328332151377278,0.32897384338210645,0.03948781336509279,0.3684616567471993
46.38655462184874,0.5679254874096021,0.06340827935835901,0.32908345013576407,0.039582783096274894,0.36866623323203895
46.890756302521005,0.5676074748965036,0.06353570935217173,0.3291794190871433,0.03967739666418139,0.36885681575132473
47.39495798319328,0.567300744666294,0.06366532523000326,0.32926232812786715,0.03977160197583569,0.36903393010370283
47.89915966386555,0.5670050563494213,0.06379685202294824,0.3293327426195876,0.03986534900804296,0.36919809162763056
48.403361344537814,0.5667201688009883,0.06393002615717677,0.32939121518029674,0.03995858986153819,0.36934980504183496
48.90756302521008,0.5664458408658029,0.06406459481703523,0.3294382856781718,0.04005127863899024,0.369489564317162
49.41176470588235,0.5661818315295553,0.06420031571831004,0.3294744813289719,0.04014337142316271,0.3696178527521346
49.91596638655462,0.5659279001991808,0.06433695731287654,0.32950031615173,0.04023482633621272,0.3697351424879427
50.42016806722689,0.5656838072477784,0.06447429773446434,0.3295162916865334,0.040325603331223876,0.3698418950177573
50.924369747899156,0.5654493141082861,0.0646121255755107,0.3295228959471972,0.04041566436900595,0.36993856031620315
51.42857142857143,0.5652241839708555,0.06475023850594532,0.3295206043939247,0.040504973129274466,0.3700255775231992
51.9327731092437,0.5650081816584497,0.06488844428348758,0.32950987881340094,0.040593495244661874,0.3701033740580628
52.436974789915965,0.5648010740404719,0.06502655934488903,0.3294911685978193,0.04068119801681995,0.37017236661463926
52.94117647058823,0.5646026301850406,0.06516440939955426,0.329464909866495,0.04076805054891009,0.37023296041540515
53.4453781512605,0.5644126212793908,0.06530182895205841,0.3294315260958139,0.0408540236727368,0.3702855497685507
53.94957983193277,0.5642308211768833,0.06543866063347581,0.32939142838911895,0.04093908980052197,0.3703305181896409
54.45378151260504,0.5640570060704841,0.06557475612620142,0.3293450146571159,0.041023223146198516,0.3703682378033144
54.95798319327731,0.5638909550486804,0.06570997498506398,0.32929267049492655,0.04110639947132924,0.37039906996625577
55.46218487394958,0.5637324503692868,0.0658441847612079,0.32923476875864705,0.0411885961108584,0.3704233648695054
55.96638655462185,0.5635812775225713,0.06597726065928756,0.3291716699069539,0.041269791911187216,0.37044146181814114
56.470588235294116,0.563437225075721,0.0661090854906079,0.3291037221896512,0.0413499672440198,0.3704536894336711
56.97478991596638,0.5633000848857045,0.06623954931297042,0.32903126187015047,0.04142910393117474,0.3704603658013252
57.47899159663865,0.5631696515498723,0.06636854956926279,0.3289546135619866,0.0415071853188784,0.370461798880865
57.983193277310924,0.5630457224307357,0.0664959904774718,0.3288740909312022,0.041584196160590246,0.3704582870917924
58.48739495798319,0.5629280987383071,0.0666217830825068,0.3287899956050476,0.04166012257413853,0.37045011817918616
58.99159663865546,0.5628165859789543,0.066745844819545,0.32870261726828065,0.04173495193322002,0.3704375692015007
59.49579831932773,0.5627109932242222,0.06686809945392566,0.32861223441439547,0.04180867290745658,0.370420907321852
60.0,0.5626111318681839,0.06698847703964247,0.3285191155536842,0.04188127553848943,0.3704003910921736
60.0,0.5626111318681839,0.06698847703964247,0.3285191155536842,0.04188127553848943,0.3704003910921736
61.333333333333336,0.5851762177847977,0.07393330977645013,0.29444979519517467,0.04644067724357751,0.34089047243875215
62.666666666666664,0.592832174936823,0.08327387906894503,0.27091576829568903,0.05297817769854288,0.32389394599423194
64.0,0.5949288749191747,0.0936147163269714,0.2507274117837566,0.06072899697009729,0.31145640875385394
64.0,0.5949288749191747,0.0936147163269714,0.2507274117837566,0.06072899697009729,0.31145640875385394
65.33333333333333,0.5738643858617181,0.09407162134550734,0.26992887915925773,0.06213511363351683,0.3320639927927746
66.66666666666667,0.570281316438512,0.09140910000416722,0.27713692561894876,0.06117265793837201,0.33830958355732077
68.0,0.5707682830977617,0.08832073103657696,0.2811695909657877,0.05974139489987347,0.34091098586566115
68.0,0.5707682830977617,0.08832073103657696,0.2811695909657877,0.05974139489987347,0.34091098586566115
69.33333333333333,0.5925151888127919,0.09437219321312051,0.24829934474110515,0.0648132732329825,0.3131126179740876
70.66666666666667,0.5971495705604675,0.10342026546131049,0.22670995536006522,0.07272020861815666,0.29943016397822186
72.0,0.5959224482673612,0.11322009313464894,0.2088288439166173,0.08202861468137254,0.29085745859798984
72.0,0.5959224482673612,0.11322009313464894,0.2088288439166173,0.08202861468137254,0.29085745859798984
73.33333333333333,0.575858731970241,0.11030466182826101,0.23182307351209963,0.08201353268939837,0.313836606201498
74.66666666666667,0.5752920093184437,0.10374310975730397,0.2424014368423809,0.07856344408187156,0.32096488092425246
76.0,0.578327917063538,0.09732305653757235,0.24958664180129944,0.0747623845975902,0.32434902639888963
76.0,0.578327917063538,0.09732305653757235,0.24958664180129944,0.0747623845975902,0.32434902639888963
77.33333333333333,0.6000645946830909,0.1017508004455931,0.21857899477638446,0.07960561009493149,0.298184604871316
78.66666666666667,0.6029184103896502,0.10972170234205317,0.19921788503992544,0.0881420022283712,0.28735988726829664
80.0,0.5997381177625374,0.11840233290887674,0.18362571370990377,0.09823383561868218,0.2818595493285859
80.0,0.5997381177625374,0.11840233290887674,0.18362571370990377,0.09823383561868218,0.2818595493285859
81.33333333333333,0.5806932875290757,0.11336005009792562,0.20936042833878837,0.09658623403421028,0.30594666237299867
82.66666666666667,0.5823307100763321,0.1046254141761187,0.22231791818073712,0.09072595756681208,0.3130438757475492
84.0,0.5870310916927005,0.09654058768201713,0.23164527526419157,0.08478304536109084,0.3164283206252824
84.0,0.5870310916927005,0.09654058768201713,0.23164527526419157,0.08478304536109084,0.3164283206252824
85.33333333333333,0.6089217173053658,0.0998586501714963,0.2020850749115649,0.08913455761157309,0.291219632523138
86.66666666666667,0.6108034436747374,0.10701412828722248,0.18432386624830507,0.09785856178973504,0.2821824280380401
88.0,0.6065078948494088,0.11493829973274164,0.17028543682511996,0.10826836859272944,0.27855380541784935
88.0,0.6065078948494088,0.11493829973274164,0.17028543682511996,0.10826836859272944,0.27855380541784935
89.33333333333333,0.5876820020103821,0.10925566014410021,0.19771118436854943,0.10535115347696827,0.3030623378455177
90.66666666666667,0.590217305370261,0.09997509624221819,0.21205141758066806,0.09775618080685287,0.3098075983875209
92.0,0.5954952321529025,0.09158054319563207,0.22258325833223855,0.09034096631922678,0.3129242246514653
92.0,0.5954952321529025,0.09158054319563207,0.22258325833223855,0.09034096631922678,0.3129242246514653
93.33333333333333,0.6174555553868767,0.0944003836975647,0.19388103570277793,0.09426302521278065,0.2881440609155586
94.66666666666667,0.6188128281319384,0.10111892935498726,0.17707017725653817,0.10299806525653608,0.2800682425130743
96.0,0.6138785782991591,0.10867043231262401,0.1639343069212587,0.11351668246695806,0.2774509893882168
96.0,0.6138785782991591,0.10867043231262401,0.1639343069212587,0.11351668246695806,0.2774509893882168
97.33333333333333,0.5946802117724473,0.10316489758878881,0.1923246921311218,0.10983019850764209,0.3021548906387639
98.66666666666667,0.5972231612118732,0.09416549794767037,0.20738817394539644,0.1012231668950599,0.3086113408404563
100.0,0.6024089103150819,0.08609129519613887,0.21852511393912993,0.09297468054964934,0.3114997944887793
100.0,0.6024089103150819,0.08609129519613887,0.21852511393912993,0.09297468054964934,0.3114997944887793
101.33333333333333,0.6243465897787904,0.0887619687046529,0.19027345094271086,0.09661799057384582,0.28689144151655666
102.66666666666667,0.6254373538367805,0.09527073812148676,0.17397701172614563,0.10531489631558724,0.2792919080417329
104.0,0.6201603564107447,0.10265684108555377,0.16132445642548507,0.11585834607821648,0.27718280250370153
104.0,0.6201603564107447,0.10265684108555377,0.16132445642548507,0.11585834607821648,0.27718280250370153
105.33333333333333,0.6003909769343264,0.09759177960188568,0.1902341868775464,0.1117830565862416,0.302017243463788
106.66666666666667,0.6025596117336345,0.0891201238271105,0.2056446980138805,0.10267556642537447,0.308320264439255
108.0,0.6073941492928351,0.08152741993521406,0.21705467545381,0.09402375531814079,0.31107843077195074
108.0,0.6073941492928351,0.08152741993521406,0.21705467545381,0.09402375531814079,0.31107843077195074
109.33333333333333,0.6292707904850472,0.08419685099375127,0.18901962685756643,0.09751273166363508,0.2865323585212015
110.66666666666667,0.6302439177875745,0.0906077493663847,0.17298149079262695,0.10616684205341388,0.27914833284604085
112.0,0.6248049674334127,0.0979225377781159,0.16056936489090232,0.11670312989756915,0.27727249478847144
112.0,0.6248049674334127,0.0979225377781159,0.16056936489090232,0.11670312989756915,0.27727249478847144
113.33333333333333,0.6045011598848532,0.09329693592189417,0.18974007749386843,0.11246182669938425,0.30220190419325266
114.66666666666667,0.6062239702455451,0.08533230436438892,0.20529767927357562,0.10314604611649035,0.3084437253900659
116.0,0.6106797963723012,0.07818014163744012,0.2168103474705624,0.09432971451969621,0.3111400619902586
116.0,0.6106797963723012,0.07818014163744012,0.2168103474705624,0.09432971451969621,0.3111400619902586
117.33333333333333,0.632493827738318,0.08089692197737332,0.18886687741128652,0.09774237287302219,0.2866092502843087
118.66666666666667,0.6334288353883664,0.08726432999126922,0.17294537352089637,0.10636146109946808,0.27930683462036443
120.0,0.6279286082261211,0.09455052997280622,0.16064021156075348,0.1168806502403194,0.2775208618010729
120.0,0.6279286082261211,0.09455052997280622,0.16064021156075348,0.1168806502403194,0.2775208618010729
121.33333333333333,0.6072108714938578,0.09027641220796723,0.1899286577086126,0.11258405858956216,0.30251271629817483
122.66666666666667,0.6085504930716682,0.08271238979459682,0.20553333264681162,0.10320378448692342,0.3087371171337351
124.0,0.6126930942590473,0.075900866675532,0.21706766376715836,0.09433837529826249,0.3114060390654208
124.0,0.6126930942590473,0.075900866675532,0.21706766376715836,0.09433837529826249,0.3114060390654208
125.33333333333333,0.634457366749003,0.07867257197489329,0.18915256288139437,0.0977174983947093,0.28687006127610365
126.66666666666667,0.6353915324395891,0.08502375270760953,0.1732734448344994,0.10631127001830187,0.27958471485280134
128.0,0.629879547043058,0.092301702822785,0.1610057850746297,0.11681296505952725,0.2778187501341569
128.0,0.629879547043058,0.092301702822785,0.1610057850746297,0.11681296505952725,0.2778187501341569
129.33333333333334,0.6088736618860047,0.08828080218822637,0.19033698108498912,0.11250855484077965,0.30284553592576874
130.66666666666666,0.6099286742295094,0.08100353079181291,0.20594304412832748,0.1031247508503502,0.30906779497867765
132.0,0.6138437838610743,0.07443274642961907,0.21746508584374646,0.09425838386556015,0.3117234697093066
132.0,0.6138437838610743,0.07443274642961907,0.21746508584374646,0.09425838386556015,0.3117234697093066
133.33333333333334,0.6355732943797118,0.07725221671314461,0.18954914295317227,0.09762534595397139,0.28717448890714364
134.66666666666666,0.636520544346144,0.0836006989189245,0.17367653063813515,0.1062022260967964,0.27987875673493157
136.0,0.6310171702488424,0.09087997239704527,0.16141319300737927,0.11668966434673307,0.27810285735411233
136.0,0.6310171702488424,0.09087997239704527,0.16141319300737927,0.11668966434673307,0.27810285735411233
137.33333333333334,0.6098253755974096,0.08702968979034487,0.1907511677383154,0.11239376687393002,0.3031449346122454
138.66666666666666,0.6106875931761597,0.07994453501297569,0.20634127585097475,0.1030265959598899,0.30936787181086467
140.0,0.6144511499999319,0.07353353912902842,0.21784061990942596,0.09417469096161366,0.3120153108710396
140.0,0.6144511499999319,0.07353353912902842,0.21784061990942596,0.09417469096161366,0.3120153108710396
141.33333333333334,0.6361583735315881,0.07638976027242735,0.18991270369062602,0.09753916250535864,0.2874518661959846
142.66666666666666,0.6371211892110631,0.08274159159130332,0.1740316981059201,0.10610552109171356,0.2801372191976337
144.0,0.6316320184005308,0.09002604245580953,0.16175923270793663,0.11658270643572295,0.27834193914365957
144.0,0.6316320184005308,0.09002604245580953,0.16175923270793663,0.11658270643572295,0.27834193914365957
145.33333333333334,0.6103279630955178,0.08628468755469654,0.19108923214618614,0.11229811720359933,0.30338734934978545
146.66666666666666,0.6110687586156607,0.0793213945751365,0.2066598385678731,0.10295000824132972,0.30960984680920284
148.0,0.6147382973073316,0.07301092609048103,0.21813681232514828,0.09411396427703907,0.3122507766021873
148.0,0.6147382973073316,0.07301092609048103,0.21813681232514828,0.09411396427703907,0.3122507766021873
149.33333333333334,0.6364322215791848,0.07589332016667719,0.1901947824583695,0.09747967579576851,0.287674458254138
150.66666666666666,0.637408386540515,0.08225045853384988,0.17430123109500129,0.10603992383063393,0.2803411549256352
152.0,0.6319325441669763,0.08954087999781404,0.16201619469652814,0.11651038113868162,0.27852657583520973
152.0,0.6319325441669763,0.08954087999781404,0.16201619469652814,0.11651038113868162,0.27852657583520973
153.33333333333334,0.6105652175540727,0.08586557553239418,0.19133418908393132,0.11223501782960177,0.3035692069135331
154.66666666666666,0.6112346631444676,0.07897559855297819,0.20688762865623467,0.10290210964631949,0.30978973830255413
156.0,0.6148498374753614,0.07272511315370597,0.21834657141804428,0.09407847795288841,0.31242504937093274
156.0,0.6148498374753614,0.07272511315370597,0.21834657141804428,0.09407847795288841,0.31242504937093274
157.33333333333334,0.6365363925687525,0.07562503270932122,0.1903921917512662,0.09744638297066008,0.2878385747219263
158.66666666666666,0.6375224175457654,0.08198737325880213,0.1744868475194729,0.10600336167595939,0.28049020919543227
160.0,0.6320568805276335,0.08928308811222276,0.16219028242175573,0.11646974893838795,0.27866003136014367
160.0,0.6320568805276335,0.08928308811222276,0.16219028242175573,0.11646974893838795,0.27866003136014367
161.33333333333334,0.6106567842950618,0.08564567056649038,0.19149704676147863,0.11220049837696926,0.30369754513844793
162.66666666666666,0.6112874338925689,0.07879733981814946,0.20703746158771175,0.10287776470156988,0.30991522628928164
164.0,0.6148736366909633,0.07258061215616674,0.21848343763632438,0.09406231351654555,0.3125457511528699
164.0,0.6148736366909633,0.07258061215616674,0.21848343763632438,0.09406231351654555,0.3125457511528699
165.33333333333334,0.6365564720625134,0.07549161873813272,0.19051968221350796,0.0974322269858459,0.2879519091993539
166.66666666666666,0.6375491006099988,0.08185820274647705,0.17460505346395655,0.1059876431795676,0.28059269664352415
168.0,0.6320906824472255,0.08915801028152737,0.1622995368600228,0.11645177041122444,0.2787513072712472
168.0,0.6320906824472255,0.08915801028152737,0.1622995368600228,0.11645177041122444,0.2787513072712472
169.33333333333334,0.6106755986113422,0.08554093141525193,0.19159751811212974,0.11218595186127608,0.30378346997340583
170.66666666666666,0.6112872127206166,0.07871467348803343,0.2071289643399336,0.10286914945141633,0.3099981137913499
172.0,0.6148596238997861,0.07251562999093471,0.2185663675504642,0.09405837855881492,0.3126247461092791
172.0,0.6148596238997861,0.07251562999093471,0.2185663675504642,0.09405837855881492,0.3126247461092791
173.33333333333334,0.636540836678828,0.07543325576715379,0.19059613741732898,0.09742977013668935,0.2880259075540183
174.66666666666666,0.6375375475025612,0.0818029368355411,0.17467494200100414,0.10598457366089359,0.28065951566189773
176.0,0.6320836440498117,0.08910562179845241,0.1623631593448585,0.11644757480687737,0.2788107341517359
176.0,0.6320836440498117,0.08910562179845241,0.1623631593448585,0.11644757480687737,0.2788107341517359
177.33333333333334,0.6106631783179032,0.08549853441740256,0.19165497323237532,0.11218331403231893,0.30383828726469425
178.66666666666666,0.6112669117986268,0.07868291949312284,0.20718070886165663,0.10286945984659374,0.31005016870825036
180.0,0.6148339485758408,0.07249225896737976,0.2186128489022353,0.09406094355454403,0.31267379245677934
180.0,0.6148339485758408,0.07249225896737976,0.2186128489022353,0.09406094355454403,0.31267379245677934
181.33333333333334,0.6365146498554844,0.07541358897620855,0.19063847891296995,0.09743328225533698,0.2880717611683069
182.66666666666666,0.6375136939629142,0.08178534832597892,0.17471300486805424,0.10598795284305254,0.2807009577111068
184.0,0.6320624359963093,0.08908990417302885,0.16239717699438302,0.11645048283627879,0.27884765983066184
184.0,0.6320624359963093,0.08908990417302885,0.16239717699438302,0.11645048283627879,0.27884765983066184
185.33333333333334,0.6106412673475957,0.08548708119626257,0.19168500399184096,0.11218664746430075,0.3038716514561417
186.66666666666666,0.6112428783780953,0.07867585910938878,0.20720736406539197,0.10287389844712413,0.3100812625125161
188.0,0.6148087800362797,0.0724885507261545,0.21863650912667346,0.09406616011089221,0.3127026692375657
188.0,0.6148087800362797,0.0724885507261545,0.21863650912667346,0.09406616011089221,0.3127026692375657
189.33333333333334,0.6364894941960071,0.07541179353177767,0.19065967855313962,0.09743903371907563,0.2880987122722153
190.66666666666666,0.6374897553652242,0.08178484816886007,0.17473161658834457,0.10599377987757114,0.2807253964659157
192.0,0.6320399175379777,0.08909053422008166,0.16241336529263753,0.11645618294930311,0.27886954824194066
192.0,0.6320399175379777,0.08909053422008166,0.16241336529263753,0.11645618294930311,0.27886954824194066
193.33333333333334,0.6106199598732759,0.08548905094214589,0.19169880294346509,0.11219218624111328,0.30389098918457835
194.66666666666666,0.6112220513780913,0.07867908240184097,0.2072193252761955,0.10287954094387233,0.3100988662200678
196.0,0.6147886543815173,0.07249263696962897,0.21864691412200046,0.0940717945268532,0.31271870864885365
196.0,0.6147886543815173,0.07249263696962897,0.21864691412200046,0.0940717945268532,0.31271870864885365
197.33333333333334,0.6364695814238924,0.07541675931318578,0.19066873355286448,0.09744492571005733,0.2881136592629218
198.66666666666666,0.6374703996859058,0.08179056334247313,0.17473922452854915,0.10599981244307195,0.28073903697162106
200.0,0.632021239300814,0.08909688032115955,0.16241963362631587,0.11646224675171062,0.27888188037802647
200.0,0.632021239300814,0.08909688032115955,0.16241963362631587,0.11646224675171062,0.27888188037802647
201.33333333333334,0.6106029878527287,0.08549541024360767,0.19170375114077126,0.11219785076289233,0.3039016019036636
202.66666666666666,0.6112064611616149,0.07868530951060264,0.20722337539066427,0.10288485393711819,0.3101082293277825
204.0,0.6147743330593041,0.0724986556767032,0.2186502554573599,0.0940767558066328,0.31272701126399266
204.0,0.6147743330593041,0.0724986556767032,0.2186502554573599,0.0940767558066328,0.31272701126399266
205.33333333333334,0.6364555101875645,0.07542310443657887,0.1906714069175923,0.09744997845826422,0.2881213853758565
206.66666666666666,0.6374565264517625,0.08179730611111144,0.17474116393144135,0.10600500350568472,0.28074616743712605
208.0,0.6320076283793705,0.08910394213014282,0.16242090457829764,0.11646752491218909,0.2788884294904867
208.0,0.6320076283793705,0.08910394213014282,0.16242090457829764,0.11646752491218909,0.2788884294904867
209.33333333333334,0.6105909428582353,0.08550200481996391,0.19170436447551306,0.11220268784628763,0.30390705232180065
210.66666666666666,0.6111958768345662,0.0786913005952529,0.2072236220435425,0.10288920052663836,0.31011282257018086
212.0,0.6147649913505374,0.07250409647752011,0.21865025289976786,0.09408065927217457,0.31273091217194243
212.0,0.6147649913505374,0.07250409647752011,0.21865025289976786,0.09408065927217457,0.31273091217194243
213.33333333333334,0.6364463858449302,0.07542860382787903,0.19067112461253516,0.09745388571465567,0.28812501032719084
214.66666666666666,0.6374474248139405,0.08180299264020835,0.17474056098203905,0.106009021563812,0.2807495825458511
216.0,0.6319985791409396,0.08910976712465142,0.16242001816447207,0.1164716355699371,0.27889165373440916
216.0,0.6319985791409396,0.08910976712465142,0.16242001816447207,0.1164716355699371,0.27889165373440916
217.33333333333334,0.6105831038673942,0.08550728639937576,0.19170320046293227,0.11220640927029775,0.30390960973323
218.66666666666666,0.6111892479064108,0.07869593454606484,0.20722236496492322,0.10289245258260109,0.3101148175475243
220.0,0.6147593565468398,0.07250817200637517,0.21864897003432834,0.09408350141245667,0.312732471446785
220.0,0.6147593565468398,0.07250817200637517,0.21864897003432834,0.09408350141245667,0.312732471446785
221.33333333333334,0.6364409148075625,0.07543262807022676,0.19066976382147244,0.09745669330073826,0.2881264571222107
222.66666666666666,0.6374419050397043,0.08180708771402559,0.17473909916573938,0.10601190808053067,0.28075100724627006
224.0,0.6319930208477073,0.08911390492170186,0.16241847469282475,0.1164745995377662,0.27889307423059095
224.0,0.6319930208477073,0.08911390492170186,0.16241847469282475,0.1164745995377662,0.27889307423059095
225.33333333333334,0.6105783863668737,0.08551096693959978,0.19170157843127786,0.11220906826224876,0.3039106466935266
226.66666666666666,0.6111854119290934,0.07869908736308052,0.20722077248245319,0.10289472822537304,0.31011550070782623
228.0,0.6147562287112422,0.07251088094399823,0.2186474421416738,0.0940854482030856,0.31273289034475943
228.0,0.6147562287112422,0.07251088094399823,0.2186474421416738,0.0940854482030856,0.31273289034475943
229.33333333333334,0.6364378991622746,0.07543525583975567,0.19066825001316026,0.09745859498480956,0.28812684499796976
230.66666666666666,0.637438822635965,0.08180972826815931,0.17473758780840964,0.10601386128746601,0.2807514490958756
232.0,0.6319898721524353,0.08911654328441992,0.16241697471852287,0.1164766098446217,0.27889358456314456
232.0,0.6319898721524353,0.08911654328441992,0.16241697471852287,0.1164766098446217,0.27889358456314456
233.33333333333334,0.6105757748752455,0.08551327557935304,0.19170009143923186,0.11221085810616956,0.30391094954540143
234.66666666666666,0.6111833866440501,0.07870102317477912,0.20721935637376507,0.10289623380740563,0.3101155901811707
236.0,0.6147546660217547,0.07251250838582526,0.2186461128075908,0.0940867127848292,0.31273282559242005
236.0,0.6147546660217547,0.07251250838582526,0.2186461128075908,0.0940867127848292,0.31273282559242005
237.33333333333334,0.6364364075921487,0.07543680766996515,0.19066696720240967,0.09745981753547656,0.2881267847378862
238.66666666666666,0.6374372701910974,0.08181126822549481,0.1747363466507608,0.10601511493264702,0.2807514615834078
240.0,0.6319882552674229,0.08911806421769566,0.1624157784912814,0.11647790202360009,0.2788936805148815
240.0,0.6319882552674229,0.08911806421769566,0.1624157784912814,0.11647790202360009,0.2788936805148815
241.33333333333334,0.610574475253829,0.08551458310920783,0.19169894095895257,0.11221200067801045,0.30391094163696303
242.66666666666666,0.6111824473195793,0.07870209351726279,0.20721827906066337,0.10289718010249475,0.31011545916315814
244.0,0.6147540063055211,0.07251338543855464,0.21864511411261828,0.094087494143306,0.3127326082559243
244.0,0.6147540063055211,0.07251338543855464,0.21864511411261828,0.094087494143306,0.3127326082559243
245.33333333333334,0.6364357897297199,0.07543762661868533,0.19066601848938794,0.09746056516220687,0.28812658365159477
246.66666666666666,0.6374366053709444,0.08181206813873952,0.17473544666302324,0.10601587982729288,0.28075132649031614
248.0,0.6319875389340419,0.08911884226880637,0.16241492774365676,0.11647869105349509,0.27889361879715185
248.0,0.6319875389340419,0.08911884226880637,0.16241492774365676,0.11647869105349509,0.27889361879715185
249.33333333333334,0.6105739306173534,0.0855152358764646,0.19169813987071702,0.11221269363546506,0.3039108335061821
250.66666666666666,0.611182107032372,0.07870260953817779,0.20721753801580622,0.10289774541364406,0.3101152834294503
252.0,0.6147538217042583,0.07251379183530712,0.21864443347750898,0.09408795298292558,0.3127323864604345
252.0,0.6147538217042583,0.07251379183530712,0.21864443347750898,0.09408795298292558,0.3127323864604345
253.33333333333334,0.6364356277978308,0.075437993303711,0.19066537955333596,0.09746099934512228,0.2881263788984582
254.66666666666666,0.6374364108147275,0.08181241669368017,0.17473484985070362,0.10601632264088881,0.2807511724915924
256.0,0.6319873076125543,0.08911917204042667,0.16241437243130755,0.11647914791571147,0.278893520347019
256.0,0.6319873076125543,0.08911917204042667,0.16241437243130755,0.11647914791571147,0.278893520347019
257.3333333333333,0.6105737819531606,0.0855154997955508,0.19169762628091166,0.11221309197037702,0.3039107182512887
258.6666666666667,0.6111820635332087,0.07870280328563406,0.20721706794515932,0.10289806523599787,0.31011513318115713
260.0,0.6147538563868246,0.07251393060484726,0.21864400524741717,0.09408820776091095,0.31273221300832815
