Generation,xOC,xOB,xMMd,xMMr,total xMM
0.0,0.26666666666666666,0.4,0.26666666666666666,0.06666666666666667,0.3333333333333333
0.5042016806722689,0.4085890786166227,0.31790828171296287,0.21886329705026814,0.05463934262014627,0.2735026396704144
1.0084033613445378,0.4737462698961484,0.27589572265895385,0.20097019534720026,0.04938781209769757,0.25035800744489783
1.5126050420168067,0.5094106689837506,0.2494755287106581,0.19441613649976802,0.04669766580582327,0.2411138023055913
2.0168067226890756,0.5313515932755413,0.2304700867295451,0.19301916765958535,0.045159152335328225,0.23817831999491357
2.5210084033613445,0.5461519658801268,0.21548865435316278,0.19417470213523438,0.04418467763147597,0.23835937976671034
3.0252100840336134,0.5569241926835129,0.20294081613576323,0.19663562408364682,0.04349936709707703,0.24013499118072384
3.5294117647058822,0.565255825453945,0.19201695082339787,0.19976066821930746,0.04296655550334975,0.2427272237226572
4.033613445378151,0.5720000500903253,0.1822766187684569,0.2032070543483246,0.04251627679289323,0.24572333114121783
4.53781512605042,0.5776355891067989,0.17346396895775357,0.20678803648190305,0.04211240545354448,0.24890044193544755
5.042016806722689,0.5824429124633957,0.16541932318087277,0.21040132172855724,0.04173644262717443,0.25213776435573165
5.546218487394958,0.5865945988612253,0.15803500723651093,0.21399122907334292,0.041379164828920685,0.2553703939022636
6.050420168067227,0.5902030702382569,0.15123264927210692,0.21752806294318935,0.04103621754644665,0.258564280489636
6.554621848739496,0.5933463301571869,0.14495124704806656,0.2209966606837142,0.04070576211103245,0.26170242279474665
7.0588235294117645,0.5960820633030279,0.1391407575433623,0.2243899640657938,0.04038721508781577,0.26477717915360954
7.563025210084033,0.5984554699636697,0.13375856343423106,0.22770539015612068,0.04008057644597866,0.2677859666020993
8.067226890756302,0.6005036879462049,0.12876745723743796,0.2309427780229417,0.03978607679341549,0.27072885481635717
8.571428571428571,0.6022583416566025,0.12413443532035587,0.2341032258389129,0.039503997184128656,0.2736072230230416
9.07563025210084,0.6037470433182855,0.11982993397545964,0.2371884398470021,0.03923458285925272,0.2764230227062548
9.579831932773109,0.6049943172132467,0.11582730797657947,0.24020036874103698,0.03897800606913675,0.27917837481017377
10.084033613445378,0.606022187249783,0.11210245055160005,0.2431410068537329,0.03873435534488407,0.281875362198617
10.588235294117647,0.6068505786758649,0.10863349614640874,0.2460122879744912,0.03850363720323513,0.2845159251777264
11.092436974789916,0.6074976021314115,0.1054005778346449,0.24881603578592348,0.038285784248020135,0.28710182003394363
11.596638655462185,0.6079797710011755,0.10238562084150615,0.2515539428346472,0.03808066532267116,0.2896346081573184
12.100840336134453,0.6083121747230734,0.09957216291248777,0.25422756635976357,0.03788809600467516,0.2921156623644387
12.605042016806722,0.6085086243499588,0.09694519516138925,0.25683833223827984,0.03770784825037212,0.294546180488652
13.109243697478991,0.6085817749496754,0.09449102072034236,0.2593875451207371,0.03753965920924529,0.2969272043299824
13.61344537815126,0.6085432256942962,0.09219713155737376,0.2618764027080897,0.03738324004024023,0.29925964274832995
14.117647058823529,0.6084036272192156,0.09005209026181106,0.2643060016471888,0.03723828087178469,0.30154428251897347
14.621848739495798,0.6081727662638542,0.08804542931752955,0.2666773477463291,0.03710445667228728,0.3037818044186164
15.126050420168067,0.6078596297444335,0.08616756158205151,0.2689913757193053,0.03698143295420958,0.3059728086735149
15.630252100840336,0.6074724770744825,0.08440969641172678,0.271248957399737,0.036868869114053834,0.3081178265137908
16.134453781512605,0.6070189098219717,0.08276376458646087,0.2734509043024797,0.036766421289087685,0.3102173255915674
16.63865546218487,0.6065059239635064,0.08122235113116597,0.2755979799896028,0.03667374491572488,0.3122717249053276
17.142857142857142,0.605939954795089,0.07977863630254256,0.27769091144577623,0.036590497456592194,0.31428140890236844
17.647058823529413,0.6053269302138929,0.0784263398815824,0.2797303903776294,0.03651633952689529,0.31624672990452474
18.15126050420168,0.6046723082626819,0.0771596725884524,0.28171708267417217,0.03645093647469351,0.3181680191488657
18.655462184873947,0.6039811166662149,0.07597329146000056,0.28365163260243964,0.03639395927134499,0.3200455918737847
19.159663865546218,0.6032579861872471,0.07486226017008578,0.285534668141918,0.03634508550074903,0.3218797536426671
19.66386554621849,0.6025071823369798,0.07382201273173367,0.2873668050569168,0.036303999874369726,0.3236708049312866
20.168067226890756,0.6017326339786154,0.07284832086503014,0.2891486504610505,0.036270394695303874,0.32541904515635434
20.672268907563023,0.6009379584589098,0.07193726442870754,0.2908808070212485,0.036243970091134024,0.3271247771123826
21.176470588235293,0.6001264860954189,0.07108520444565841,0.292563875418553,0.03622443404036965,0.3287883094589227
21.680672268907564,0.5993012827720089,0.07028876019697279,0.2941984535429396,0.03621150348807864,0.3304099570310182
22.18487394957983,0.5984651679379482,0.06954478527844785,0.29578514398780337,0.03620490279580065,0.331990046783604
22.6890756302521,0.597620732451396,0.06885034921091124,0.2973245535302492,0.03620436480744344,0.3335289183376927
23.19327731092437,0.5967703556407784,0.06820271905660398,0.29881729478496577,0.03620963051765183,0.33502692530261763
23.69747899159664,0.595916223091187,0.06759934263333736,0.3002639855407932,0.03622044873468255,0.33648443427547575
24.201680672268907,0.5950603385847337,0.06703783391000662,0.30166525144954276,0.036236576055716826,0.33790182750525954
24.705882352941174,0.5942045363691962,0.06651595973846104,0.3030217269790753,0.03625777691326741,0.3392795038923427
25.210084033613445,0.5933504929012045,0.06603162733566403,0.3043340565528594,0.0362838232102723,0.3406178797631317
25.714285714285715,0.5924997404919392,0.06558287283401441,0.30560289269136387,0.03631449398268249,0.34191738667404636
26.218487394957982,0.5916536757633939,0.0651678513157339,0.306828897548347,0.036349575372525166,0.34317847292087217
26.72268907563025,0.5908135688304313,0.06478482752609016,0.308012743229538,0.03638886041394039,0.3444016036434784
27.22689075630252,0.5899805730574066,0.06443216724273378,0.30915511096308296,0.036432148736776665,0.34558725969985965
27.73109243697479,0.589155732153809,0.06410832967792135,0.31025669168721803,0.036479246481051615,0.34673593816826964
28.235294117647058,0.5883399885001644,0.06381186027904821,0.31131818525375105,0.03652996596703617,0.3478481512207872
28.739495798319325,0.5875341899149392,0.06354138431016883,0.31234030024626985,0.03658412552862205,0.34892442577489186
29.243697478991596,0.5867390963161433,0.06329560092795435,0.31332375344214697,0.03664154931375529,0.34996530275590226
29.747899159663866,0.5859553857097626,0.06307327779679824,0.3142692694087691,0.03670206708467006,0.35097133649343915
30.252100840336134,0.585183660045733,0.06287324612248517,0.31517757980545946,0.03676551402632251,0.35194309383178196
30.7563025210084,0.5844244503067983,0.0626943961707561,0.3160494229584673,0.03683173056397819,0.3528811535224455
31.26050420168067,0.5836782218421503,0.06253567307144618,0.3168855429141381,0.03690056217226529,0.3537861050864034
31.764705882352942,0.5829453787739589,0.06239607306729379,0.3176866889435368,0.036971859215210456,0.35465854815874726
32.26890756302521,0.5822262684391374,0.0622746400265773,0.31845361475555584,0.0370454767787295,0.3554990915342853
32.773109243697476,0.581521185330769,0.06217046229695694,0.3191870778573504,0.03712127451492366,0.35630835237227404
33.27731092436974,0.5808303752762901,0.06208266972947034,0.31988783852150404,0.03719911647273547,0.3570869549942395
33.78151260504202,0.5801540387763701,0.06201043104587568,0.32055665920875986,0.03727887096899438,0.35783553017775427
34.285714285714285,0.5794923343268877,0.06195295139701374,0.3211943038229212,0.03736041045317748,0.35855471427609864
34.78991596638655,0.5788453816886725,0.06190947009673315,0.3218015368465442,0.037443611368050106,0.35924514821459436
35.294117647058826,0.5782132647037826,0.061879258615903286,0.3223791226524675,0.037528354027846635,0.3599074766803141
35.79831932773109,0.5775960344264933,0.06186161860931762,0.322927824483946,0.037614522480243225,0.3605423469641892
36.30252100840336,0.5769937113333867,0.061855880255300706,0.32344840399200225,0.03770200441931032,0.3611504084113126
36.80672268907563,0.5764062878193374,0.061861400657798826,0.3239416204491059,0.03779069107375777,0.3617323115228636
37.310924369747895,0.5758337307000964,0.061877562335727,0.32440822987665674,0.037880477087519814,0.36228870696417653
37.81512605042017,0.5752759829181482,0.06190377204023887,0.32484898458797445,0.03797126045363832,0.3628202450416128
38.319327731092436,0.5747329662272577,0.06193945933585071,0.32526463206391587,0.03806294237297588,0.3633275744368918
38.8235294117647,0.5742045826696963,0.06198407556188676,0.32565591457276916,0.03815542719564779,0.36381134176841695
39.32773109243698,0.5736907161113506,0.06203709283084967,0.32602356870137505,0.038248622356424795,0.3642721910577999
39.831932773109244,0.5731912341962375,0.06209800303374722,0.32636832450011743,0.03834243826989785,0.3647107627700153
40.33613445378151,0.5727059898957366,0.06216631693198966,0.32669090492033903,0.03843678825193476,0.3651276931722738
40.84033613445378,0.5722348225636699,0.06224156356409328,0.3269920253811796,0.038531588491057166,0.3655236138722368
41.344537815126046,0.5717775600022065,0.06232328922270865,0.3272723928648063,0.038626757910278704,0.36589915077508506
41.84873949579832,0.5713340193703339,0.06241105684782941,0.32753270565349446,0.03872221812834221,0.3662549237818366
42.35294117647059,0.5709040079783003,0.06250444550100458,0.3277736530858344,0.038817893434860765,0.3665915465206952
42.857142857142854,0.5704873244830958,0.06260304979273905,0.3279959149969561,0.03891371072720905,0.3669096257241651
43.36134453781513,0.5700837603306718,0.0627064791972217,0.3282001610647212,0.03900959940738523,0.36720976047210646
43.865546218487395,0.5696931004395284,0.06281435760754775,0.32838705060195306,0.039105491350970946,0.367492541952924
44.36974789915966,0.5693151239648919,0.0629263230448043,0.32855723210371174,0.03920132088659197,0.3677585529903037
44.87394957983193,0.5689496054949255,0.06304202703250929,0.32871134277306047,0.03929702469950483,0.36800836747256527
45.3781512605042,0.568596315775903,0.06316113401859137,0.32885000845327966,0.039392541752225896,0.36824255020550556
45.88235294117647,0.5682550217390279,0.06328332151377278,0.32897384338210645,0.03948781336509279,0.3684616567471993
46.38655462184874,0.5679254874096021,0.06340827935835901,0.32908345013576407,0.039582783096274894,0.36866623323203895
46.890756302521005,0.5676074748965036,0.06353570935217173,0.3291794190871433,0.03967739666418139,0.36885681575132473
47.39495798319328,0.567300744666294,0.06366532523000326,0.32926232812786715,0.03977160197583569,0.36903393010370283
47.89915966386555,0.5670050563494213,0.06379685202294824,0.3293327426195876,0.03986534900804296,0.36919809162763056
48.403361344537814,0.5667201688009883,0.06393002615717677,0.32939121518029674,0.03995858986153819,0.36934980504183496
48.90756302521008,0.5664458408658029,0.06406459481703523,0.3294382856781718,0.04005127863899024,0.369489564317162
49.41176470588235,0.5661818315295553,0.06420031571831004,0.3294744813289719,0.04014337142316271,0.3696178527521346
49.91596638655462,0.5659279001991808,0.06433695731287654,0.32950031615173,0.04023482633621272,0.3697351424879427
50.42016806722689,0.5656838072477784,0.06447429773446434,0.3295162916865334,0.040325603331223876,0.3698418950177573
50.924369747899156,0.5654493141082861,0.0646121255755107,0.3295228959471972,0.04041566436900595,0.36993856031620315
51.42857142857143,0.5652241839708555,0.06475023850594532,0.3295206043939247,0.040504973129274466,0.3700255775231992
51.9327731092437,0.5650081816584497,0.06488844428348758,0.32950987881340094,0.040593495244661874,0.3701033740580628
52.436974789915965,0.5648010740404719,0.06502655934488903,0.3294911685978193,0.04068119801681995,0.37017236661463926
52.94117647058823,0.5646026301850406,0.06516440939955426,0.329464909866495,0.04076805054891009,0.37023296041540515
53.4453781512605,0.5644126212793908,0.06530182895205841,0.3294315260958139,0.0408540236727368,0.3702855497685507
53.94957983193277,0.5642308211768833,0.06543866063347581,0.32939142838911895,0.04093908980052197,0.3703305181896409
54.45378151260504,0.5640570060704841,0.06557475612620142,0.3293450146571159,0.041023223146198516,0.3703682378033144
54.95798319327731,0.5638909550486804,0.06570997498506398,0.32929267049492655,0.04110639947132924,0.37039906996625577
55.46218487394958,0.5637324503692868,0.0658441847612079,0.32923476875864705,0.0411885961108584,0.3704233648695054
55.96638655462185,0.5635812775225713,0.06597726065928756,0.3291716699069539,0.041269791911187216,0.37044146181814114
56.470588235294116,0.563437225075721,0.0661090854906079,0.3291037221896512,0.0413499672440198,0.3704536894336711
56.97478991596638,0.5633000848857045,0.06623954931297042,0.32903126187015047,0.04142910393117474,0.3704603658013252
57.47899159663865,0.5631696515498723,0.06636854956926279,0.3289546135619866,0.0415071853188784,0.370461798880865
57.983193277310924,0.5630457224307357,0.0664959904774718,0.3288740909312022,0.041584196160590246,0.3704582870917924
58.48739495798319,0.5629280987383071,0.0666217830825068,0.3287899956050476,0.04166012257413853,0.37045011817918616
58.99159663865546,0.5628165859789543,0.066745844819545,0.32870261726828065,0.04173495193322002,0.3704375692015007
59.49579831932773,0.5627109932242222,0.06686809945392566,0.32861223441439547,0.04180867290745658,0.370420907321852
60.0,0.5626111318681839,0.06698847703964247,0.3285191155536842,0.04188127553848943,0.3704003910921736
60.0,0.5626111318681839,0.06698847703964247,0.3285191155536842,0.04188127553848943,0.3704003910921736
61.111111111111114,0.6387633166027451,0.09000154933126224,0.21400325890887206,0.05723187515712057,0.27123513406599264
62.22222222222222,0.6394276269608935,0.12164587396028788,0.15781016634123585,0.0811163327375826,0.23892649907881847
63.333333333333336,0.6070318230965348,0.15673361388636453,0.12413917489222866,0.11209538812487202,0.2362345630171007
64.44444444444444,0.5625819626261711,0.18905843241387524,0.10121836866738351,0.14714123629257025,0.24835960495995377
65.55555555555556,0.5186728905226152,0.2139292412590222,0.08471910028091229,0.18267876793745041,0.2673978682183627
66.66666666666667,0.48174354577336626,0.22959707840444957,0.07274768388872839,0.21591169193345586,0.28865937582218426
67.77777777777777,0.45385561759677356,0.2367117051444189,0.0641581565018323,0.24527452075697517,0.30943267725880746
68.88888888888889,0.4346513901860707,0.23706428714192931,0.058086164272658336,0.27019815839934164,0.328284322672
70.0,0.42278331875947367,0.23263707566291925,0.05385548136161574,0.2907241242159912,0.344579605577607
70.0,0.42278331875947367,0.23263707566291925,0.05385548136161574,0.2907241242159912,0.344579605577607
71.11111111111111,0.44275998954784346,0.20324806023452566,0.08334731151137309,0.27064463870625777,0.35399195021763086
72.22222222222223,0.49096399284603065,0.16946855499672267,0.10506087348897412,0.23450657866827254,0.3395674521572467
73.33333333333333,0.5333031937470106,0.1418306591989501,0.123312356113523,0.20155379094051637,0.3248661470540394
74.44444444444444,0.5655807118278321,0.1205176466459683,0.13945724742707766,0.17444439409912196,0.31390164152619965
75.55555555555556,0.5891994739165471,0.10418090414903478,0.15400551348184519,0.15261410845257287,0.30661962193441805
76.66666666666667,0.6061392919650858,0.09156899126134506,0.16724301876811867,0.13504869800545058,0.30229171677356925
77.77777777777777,0.6180630987189752,0.08173065168602169,0.17937450332307775,0.12083174627192524,0.300206249595003
78.88888888888889,0.6262381305932191,0.07397358661941017,0.19055841208689459,0.10922987070047611,0.2997882827873707
80.0,0.6316060191146378,0.0677973953112729,0.2009193874610741,0.09967719811301518,0.3005965855740893
80.0,0.6316060191146378,0.0677973953112729,0.2009193874610741,0.09967719811301518,0.3005965855740893
81.11111111111111,0.6723795923718625,0.07867893033737297,0.1325209748203317,0.1164205024704329,0.2489414772907646
82.22222222222223,0.6556442164425548,0.09527946435243209,0.104473398627332,0.14460292057768104,0.24907631920501302
83.33333333333333,0.6215330851810472,0.11250037919457315,0.08877779232933544,0.1771887432950441,0.26596653562437955
84.44444444444444,0.5848487442699651,0.12739312481141593,0.0780882248174168,0.20966990610120229,0.28775813091861907
85.55555555555556,0.5519545209114062,0.13859315076820902,0.07013814537333704,0.23931418294704784,0.3094523283203849
86.66666666666667,0.525101784006587,0.14591426707357794,0.06409219900003865,0.2648917499197964,0.3289839489198351
87.77777777777777,0.5045167613630107,0.14981725551972613,0.059508192724125164,0.28615779039313793,0.34566598311726315
88.88888888888889,0.48954792169695965,0.1510000775882501,0.056064891531966025,0.3033871091828242,0.35945200071479017
90.0,0.4792539347576233,0.15016726150922377,0.053503364731617015,0.317075439001536,0.37057880373315305
90.0,0.4792539347576233,0.15016726150922377,0.053503364731617015,0.317075439001536,0.37057880373315305
91.11111111111111,0.4966173753108024,0.13218928276891978,0.08359731326010227,0.2875960286601754,0.3711933419202777
92.22222222222223,0.5409367546786913,0.11053198476650959,0.10516744726027655,0.24336381329452256,0.3485312605547991
93.33333333333333,0.578637942388939,0.09295429223794048,0.12304740654702151,0.20536035882609915,0.3284077653731206
94.44444444444444,0.6062245898546637,0.07957353404759948,0.13884771714995806,0.1753541589477787,0.3142018760977367
95.55555555555556,0.6254904878918078,0.069434996432219,0.15315823467563688,0.15191628100033625,0.30507451567597316
96.66666666666667,0.6385534024115552,0.06168511481037159,0.1662765308397873,0.13348495193828602,0.29976148277807335
97.77777777777777,0.6470856017645669,0.05569412687040924,0.17839510211883877,0.11882516924618514,0.29722027136502394
98.88888888888889,0.6523109862685457,0.051014125741883895,0.1896534633349153,0.10702142465465526,0.2966748879895706
100.0,0.6551123524228089,0.047326871527988694,0.20015722974600234,0.09740354630320013,0.29756077604920245
100.0,0.6551123524228089,0.047326871527988694,0.20015722974600234,0.09740354630320013,0.29756077604920245
101.11111111111111,0.6982191432408724,0.055815195060237126,0.13230958586585037,0.11365607583304024,0.24596566169889064
102.22222222222223,0.6844655117269587,0.06913994708320013,0.10486666844305004,0.1415278727467911,0.24639454118984114
103.33333333333333,0.652175431570275,0.08378117890770674,0.08974243448350971,0.1743009550385086,0.26404338952201833
104.44444444444444,0.6156426910958924,0.09741362006229101,0.0794598166876324,0.20748387215418404,0.2869436888418165
105.55555555555556,0.5814774912034599,0.10867479981552156,0.07170783075836659,0.23813987822265195,0.30984770898101854
106.66666666666667,0.5524334758434994,0.11707577482679923,0.06568646087354135,0.26480428845616,0.3304907493297013
107.77777777777777,0.529197533456453,0.12271386840480292,0.06101454559041063,0.28707405254833324,0.3480885981387439
108.88888888888889,0.5114450641348979,0.12597904481691363,0.057423890536949705,0.3051520005112388,0.3625758910481885
110.0,0.4984357960803338,0.12735303184599583,0.05469169780299861,0.31951947427067173,0.37421117207367033
110.0,0.4984357960803338,0.12735303184599583,0.05469169780299861,0.31951947427067173,0.37421117207367033
111.11111111111111,0.5118674752228662,0.11334613726887084,0.08513220150551803,0.28965418600274484,0.3747863875082629
112.22222222222223,0.5531595544679742,0.09550899343486,0.10662178196719779,0.24470967012996805,0.3513314520971659
113.33333333333333,0.5885958279141075,0.08087740413893728,0.12429891737692789,0.20622785057002732,0.3305267679469552
114.44444444444444,0.6144506112700422,0.06969523519246267,0.13989963226171592,0.17595452127577915,0.3158541535374951
115.55555555555556,0.6323804073485944,0.06120374374782237,0.15404574684116015,0.1523701020624232,0.30641584890358337
116.66666666666667,0.644404523299247,0.054704005034874166,0.16703721493518997,0.13385425673068893,0.3008914716658789
117.77777777777777,0.6521208889279401,0.04967674138594472,0.1790612117910989,0.11914115789501624,0.29820236968611513
118.88888888888889,0.656697750861303,0.045751437579362585,0.19025087880202865,0.10729993275730573,0.2975508115593344
120.0,0.658976750617748,0.042664176239933745,0.20070622534609692,0.09765284779622128,0.2983590731423182
120.0,0.658976750617748,0.042664176239933745,0.20070622534609692,0.09765284779622128,0.2983590731423182
121.11111111111111,0.7027509970126579,0.050621585283472895,0.13265010934123345,0.11397730836263568,0.24662741770386917
122.22222222222223,0.6896871663953604,0.06315551418702654,0.10514768922338903,0.142009630194224,0.24715731941761304
123.33333333333333,0.6577797219759827,0.07711785279734325,0.09003576409385113,0.17506666113282293,0.26510242522667404
124.44444444444444,0.6212516469575028,0.09034775902882423,0.0797753554478329,0.20862523856584014,0.2884005940136731
125.55555555555556,0.5867850361765774,0.1015091738488056,0.07202702355820656,0.2396787664164103,0.31170578997461684
126.66666666666667,0.5572504734072489,0.11006195253339468,0.06598757164364798,0.2667000024157084,0.3326875740593564
127.77777777777777,0.5334374187862594,0.1160278462179,0.06128291707543157,0.289251817920409,0.3505347349958406
128.88888888888889,0.5150919394620711,0.11972645553479128,0.057652811896850335,0.3075287931062871,0.3651816050031374
130.0,0.5015156943224134,0.12158485279645533,0.05488013499155868,0.32201931788957255,0.37689945288113125
130.0,0.5015156943224134,0.12158485279645533,0.05488013499155868,0.32201931788957255,0.37689945288113125
131.11111111111111,0.5141817285786178,0.1085861858307627,0.0853714741747958,0.2918606114158237,0.3772320855906195
132.22222222222223,0.5549209576735054,0.09174133315481212,0.10684687287539855,0.246490836296284,0.35333770917168256
133.33333333333334,0.5899815194551535,0.07786800107514559,0.12448950035546358,0.20766097911423737,0.33215047946970094
134.44444444444446,0.6155712047515419,0.0672451630916182,0.14005598053034704,0.1771276516264929,0.3171836321568399
135.55555555555554,0.6333096169254148,0.05916878985573821,0.15417331880128457,0.1533482744175626,0.3075215932188472
136.66666666666666,0.6451934933418195,0.05298196591250541,0.16714173266169868,0.13468280808397642,0.3018245407456751
137.77777777777777,0.6528057363600762,0.04819471279474277,0.17914748670134362,0.11985206414383728,0.2989995508451809
138.88888888888889,0.6573042564034547,0.04445666289115142,0.19032273312088577,0.10791634758450808,0.29823908070539384
140.0,0.6595234890190855,0.04151784778883695,0.20076667425683298,0.09819198893524454,0.29895866319207753
140.0,0.6595234890190855,0.04151784778883695,0.20076667425683298,0.09819198893524454,0.29895866319207753
141.11111111111111,0.7034059415266287,0.04933952100710142,0.13267829592598385,0.11457624154028617,0.24725453746627005
142.22222222222223,0.6904527367811684,0.061665651556419045,0.10516510208157218,0.14271650958084034,0.24788161166241254
143.33333333333334,0.6586041138442253,0.07543893201698655,0.09005575266902532,0.17590120146976276,0.2659569541387881
144.44444444444446,0.6220720428874547,0.08854263080525224,0.07980082196800603,0.20958450433928716,0.2893853263072932
145.55555555555554,0.5875505905539727,0.0996525779568786,0.07205535395989554,0.24074147752925323,0.3127968314891488
146.66666666666666,0.5579296609130387,0.10822021877541556,0.06601505759708756,0.2678350627144582,0.3338501203115458
147.77777777777777,0.5340157699752367,0.11425066652053693,0.06130678629113526,0.2904267772130911,0.3517335635042264
148.88888888888889,0.5155668805158359,0.11804635751291147,0.057671578103188854,0.3087151838680636,0.3663867619712525
150.0,0.5018918478825433,0.12002005785069837,0.05489330955304204,0.3231947847137163,0.3780880942667583
150.0,0.5018918478825433,0.12002005785069837,0.05489330955304204,0.3231947847137163,0.3780880942667583
151.11111111111111,0.5144365353595012,0.10729364993384968,0.08538737869650344,0.2928824360101457,0.3782698147066491
152.22222222222223,0.5550958796394069,0.09072186786626833,0.10686028374814047,0.24732196874618437,0.3541822524943249
153.33333333333334,0.5901105350836506,0.07705660600992628,0.12449822997150659,0.20833462893491647,0.33283285890642306
154.44444444444446,0.6156731382530162,0.06658638993164334,0.14006013968051684,0.17768033213482373,0.3177404718153406
155.55555555555554,0.6333954212815396,0.058622734315025765,0.15417358169766046,0.1538082627057742,0.3079818444034347
156.66666666666666,0.6452698949579802,0.05252055964673695,0.16713874579002172,0.13507079960526122,0.30220954539528294
157.77777777777777,0.6528769799485021,0.047798054068211124,0.1791417572677606,0.12018320871552603,0.2993249659832866
158.88888888888889,0.6573730461970086,0.044110414675378455,0.19031465020503494,0.10820188892257811,0.29851653912761306
160.0,0.6595915413325157,0.04121149837300306,0.20075655078351876,0.09844040951096236,0.2991969602944811
160.0,0.6595915413325157,0.04121149837300306,0.20075655078351876,0.09844040951096236,0.2991969602944811
161.11111111111111,0.703487746517998,0.048995878528781615,0.13266796613950585,0.11484840881371448,0.24751637495322032
162.22222222222223,0.6905498202443819,0.06126413973547177,0.10515512056521817,0.14303091945492813,0.2481860400201463
163.33333333333334,0.6587088679597531,0.07498298470219235,0.09004774215771834,0.17626040518033625,0.2663081473380546
164.44444444444446,0.6221748926463191,0.0880480628821024,0.07979512267500963,0.2099819217965689,0.28977704447157854
165.55555555555554,0.5876435854090721,0.09913934542510121,0.07205139509280796,0.24116567407301878,0.3132170691658267
166.66666666666666,0.5580077060245635,0.10770681369694297,0.06601202911748505,0.26827345116100837,0.3342854802784935
167.77777777777777,0.5340763937632222,0.11375152024262464,0.061304014001375244,0.2908680719927778,0.35217208599415306
168.88888888888889,0.5156095245735396,0.11757136220026904,0.05766861985819186,0.3091504933679996,0.3668191132261915
170.0,0.5019171826479959,0.11957513563734506,0.05488992500415632,0.3236177567105028,0.3785076817146591
170.0,0.5019171826479959,0.11957513563734506,0.05488992500415632,0.3236177567105028,0.3785076817146591
171.11111111111111,0.5144437457778827,0.10692589382499164,0.08538273891302042,0.29324762148410516,0.3786303603971256
172.22222222222223,0.5550933691086873,0.09043237475464173,0.10685516542832577,0.24761909070834529,0.35447425613667105
173.33333333333334,0.5901050951622742,0.07682666699401329,0.12449262988891115,0.20857560795480146,0.3330682378437126
174.44444444444446,0.6156679584396861,0.06640000179952689,0.14005410527866968,0.17787793448211747,0.31793203976078716
175.55555555555554,0.6333919299561073,0.05846842297424615,0.15416716535117747,0.15397248171846928,0.30813964706964675
176.66666666666666,0.6452687012662516,0.05239028688110038,0.1671319729586918,0.13520903889395625,0.30234101185264806
177.77777777777777,0.6528782927652119,0.0476861392500857,0.17913463235590657,0.12030093562879565,0.2994355679847022
178.88888888888889,0.6573768716288593,0.0440127757959551,0.19030717015158924,0.10830318242359625,0.2986103525751855
180.0,0.6595977815886608,0.04112514808259362,0.20074871562283514,0.0985283547059104,0.29927707032874556
180.0,0.6595977815886608,0.04112514808259362,0.20074871562283514,0.0985283547059104,0.29927707032874556
181.11111111111111,0.7034951223140014,0.048898845022591,0.13266172101617962,0.11494431164722788,0.24760603266340753
182.22222222222223,0.6905589932024847,0.061150413626275955,0.10514964099279386,0.14314095217844555,0.2482905931712394
183.33333333333334,0.6587188185676158,0.07485327627888498,0.09004310447700271,0.17638480067649648,0.2664279051534992
184.44444444444446,0.6221841886859079,0.08790666754530878,0.07979132280306189,0.2101178209657214,0.2899091437687833
185.55555555555554,0.5876509625774408,0.09899188404929189,0.07204827967571587,0.24130887369755152,0.3133571533732674
186.66666666666666,0.5580122965325711,0.10755862395794817,0.0660093919761539,0.2684196875333269,0.33442907950948075
187.77777777777777,0.5340777314222661,0.11360685920726024,0.06130167058929707,0.2910137387811767,0.35231540937047373
188.88888888888889,0.5156074638673045,0.11743321559577657,0.057666433688921576,0.30929288684799733,0.3669593205369189
190.0,0.5019118061857449,0.1194453460093614,0.05488780657736953,0.323755041227524,0.37864284780489355
190.0,0.5019118061857449,0.1194453460093614,0.05488780657736953,0.323755041227524,0.37864284780489355
191.11111111111111,0.5144356897852957,0.10681857823241102,0.08537993474390683,0.29336579723838635,0.37874573198229317
192.22222222222223,0.555084531838752,0.09034798577031883,0.10685225796790923,0.24771522442302,0.3545674823909292
193.33333333333334,0.5900969923697739,0.07675971205519083,0.12448971614105353,0.20865357943398172,0.33314329557503525
194.44444444444446,0.6156611747200992,0.06634577586200385,0.1400512019306295,0.17794184748726752,0.31799304941789697
195.55555555555554,0.6333866151072294,0.058423559006674675,0.1541642659777324,0.15402555990836356,0.308189825886096
196.66666666666666,0.6452648279186297,0.05235243103144416,0.16712906023495244,0.13525368081497363,0.3023827410499261
197.77777777777777,0.6528757654768246,0.047653630920295065,0.17913168568921561,0.12033891791366484,0.29947060360288047
198.88888888888889,0.657375573042166,0.04398442328324443,0.19030417083675455,0.10833583283783499,0.29864000367458954
200.0,0.6595975919238761,0.041100080112467685,0.20074564970771527,0.098556678255941,0.2993023279636563
200.0,0.6595975919238761,0.041100080112467685,0.20074564970771527,0.098556678255941,0.2993023279636563
201.11111111111111,0.7034948294471971,0.048870649760645465,0.13265938084930626,0.114975139942851,0.24763452079215725
202.22222222222223,0.6905588278257055,0.06111731473749736,0.10514763118674743,0.14317622625004964,0.24832385743679708
203.33333333333334,0.6587186620340634,0.0748154404980579,0.09004138594671172,0.17642451152116695,0.2664658974678787
204.44444444444446,0.6221838237951491,0.08786531685730924,0.07978987776743518,0.21016098158010632,0.2899508593475415
205.55555555555554,0.5876501749868244,0.09894864947379797,0.07204706423985562,0.2413541112995221,0.31340117553937774
206.66666666666666,0.5580109229142688,0.10751507417607978,0.066008349430531,0.2684656534791205,0.33447400290965146
207.77777777777777,0.5340756721837591,0.11356425902778987,0.06130074803518432,0.29105932075326674,0.35236006878845105
208.88888888888889,0.5156046783911059,0.11739246200344239,0.057665589545562036,0.30933727005988965,0.3670028596054517
210.0,0.5019083016742133,0.11940700041258036,0.05488701140381449,0.32379768650939184,0.3786846979132063
210.0,0.5019083016742133,0.11940700041258036,0.05488701140381449,0.32379768650939184,0.3786846979132063
211.11111111111111,0.514431785420734,0.10678686784774147,0.08537888923542036,0.2934024574961043,0.37878134673152464
212.22222222222223,0.5550807050131228,0.09032306377272971,0.10685118750501683,0.24774504370913075,0.3545962312141476
213.33333333333334,0.5900936207066214,0.07673995025534879,0.12448866407343714,0.2086777649645926,0.33316642903802973
214.44444444444446,0.6156583789483671,0.06632977856839506,0.14005017360510372,0.17796166887813403,0.3180118424832377
215.55555555555554,0.633384399447762,0.0584103284052267,0.15416325622374483,0.1540420159232664,0.30820527214701127
216.66666666666666,0.6452631535572428,0.052341270306534196,0.1671280602033599,0.13526751593286304,0.302395576136223
217.77777777777777,0.6528745808008185,0.047644048917144466,0.179130685997249,0.12035068428478793,0.2994813702820369
218.88888888888889,0.657374825549113,0.04397606777223425,0.19030316327011867,0.10834594340853415,0.2986491066786528
220.0,0.65959723257528,0.04109269370323344,0.2007446280349717,0.09856544568651486,0.29931007372148655
220.0,0.65959723257528,0.04109269370323344,0.2007446280349717,0.09856544568651486,0.29931007372148655
221.11111111111111,0.7034943743350336,0.048862338178214136,0.132658612554124,0.11498467493262815,0.24764328748675216
222.22222222222223,0.6905583504947771,0.06110754985061566,0.10514697637199345,0.14318712328261357,0.24833409965460707
223.33333333333334,0.6587181542230636,0.07480426553357561,0.09004082388623008,0.17643675635713083,0.26647758024336093
224.44444444444446,0.6221832515140621,0.08785308811285014,0.07978940073401249,0.21017425963907516,0.28996366037308763
225.55555555555554,0.5876494982086502,0.09893584738431148,0.07204665941480025,0.24136799499223807,0.3134146544070383
226.66666666666666,0.5580101069789644,0.10750216378144133,0.0660080006025099,0.2684797286370843,0.3344877292395942
227.77777777777777,0.5340746932237151,0.11355161730753612,0.0613004397413869,0.29107324972736187,0.3523736894687488
228.88888888888889,0.515603524749203,0.11738035775041307,0.05766530925653444,0.30935080824384953,0.36701611750038393
230.0,0.5019069729882355,0.11939560299246389,0.05488674993640073,0.3238106740828999,0.37869742401930057
230.0,0.5019069729882355,0.11939560299246389,0.05488674993640073,0.3238106740828999,0.37869742401930057
231.11111111111111,0.5144303962590836,0.10677744207784808,0.0853785462710371,0.2934136153920312,0.3787921616630683
232.22222222222223,0.5550793849036701,0.09031565802158835,0.10685083797566258,0.24775411909907893,0.35460495707474154
233.33333333333334,0.5900924714525057,0.07673407971571772,0.12448832305258496,0.2086851257791918,0.33317344883177674
234.44444444444446,0.6156574286955286,0.0663250275344658,0.14004984273931895,0.17796770103068657,0.3180175437700055
235.55555555555554,0.6333836434847516,0.05840639982869659,0.154162933482377,0.15404702320417477,0.30820995668655177
236.66666666666666,0.645262575764282,0.05233795685972233,0.16712774239416336,0.13527172498183218,0.30239946737599555
237.77777777777777,0.6528741623423541,0.04764120453049016,0.17913036983437114,0.12035426329278469,0.29948463312715584
238.88888888888889,0.6573745481572469,0.04397358772948175,0.19030284590683602,0.1083490182064354,0.2986518641132714
240.0,0.6595970796349084,0.04109050150365833,0.2007443073009297,0.09856811156050349,0.2993124188614332
240.0,0.6595970796349084,0.04109050150365833,0.2007443073009297,0.09856811156050349,0.2993124188614332
241.11111111111111,0.7034941831424605,0.04885987087541473,0.13265837286147003,0.11498757312065475,0.24764594598212478
242.22222222222223,0.690558143644176,0.06110464999510634,0.105146772725072,0.14319043363564557,0.24833720636071757
243.33333333333334,0.6587179332665336,0.07480094506850356,0.09004064876548676,0.17644047289947598,0.26648112166496274
244.44444444444446,0.6221830108966044,0.08784945221255261,0.07978925148256989,0.21017828540827294,0.2899675368908428
245.55555555555554,0.5876492295598259,0.09893203860521314,0.07204653225477996,0.24137219958018102,0.313418731834961
246.66666666666666,0.5580098020662072,0.10749832055705563,0.06600789080545075,0.26848398657128636,0.3344918773767371
247.77777777777777,0.534074345809799,0.1135478521590891,0.0613003427429242,0.29107745928818785,0.3523778020311121
248.88888888888889,0.5156031314366709,0.11737675112140364,0.05766522130075948,0.3093548961411659,0.3670201174419254
250.0,0.501906533305466,0.11939220573680838,0.054886668224419864,0.3238145927333057,0.3787012609577256
250.0,0.501906533305466,0.11939220573680838,0.054886668224419864,0.3238145927333057,0.3787012609577256
251.11111111111111,0.514429947358147,0.10677463246142549,0.08537843919889246,0.2934169809815352,0.37879542018042767
252.22222222222223,0.555078963542532,0.09031345088221152,0.10685072907879056,0.24775685649646598,0.35460758557525657
253.33333333333334,0.5900921064073151,0.07673233040734087,0.12448821715448671,0.20868734603085723,0.3331755631853439
254.44444444444446,0.6156571271897386,0.06632361201115916,0.1400497403386369,0.17796952046046532,0.3180192607991022
255.55555555555554,0.633383403212967,0.05840522947526366,0.1541628338982118,0.15404853341355754,0.30821136731176935
256.6666666666667,0.6452623912283493,0.052336969844001484,0.1671276445890975,0.13527299433855175,0.30240063892764923
257.77777777777777,0.6528740273986267,0.04764035729993697,0.1791302727530213,0.12035534254841522,0.2994856153014365
258.8888888888889,0.6573744569569298,0.04397284906734656,0.19030274863872498,0.10834994533699865,0.29865269397572364
260.0,0.6595970269160908,0.04108984860764971,0.20074420915046845,0.0985689153257911,0.2993131244762596
