Generation,nOC,nOB,nMMd,nMMr,total nMM
0.0,0.26666666666666666,0.4,0.26666666666666666,0.06666666666666667,0.3333333333333333
0.5042016806722689,0.3537467046413543,0.3486769876546563,0.23753220339512673,0.06004410430886275,0.2975763077039895
1.0084033613445378,0.39941807671155233,0.31848641148309215,0.22503337686985214,0.057062134935503335,0.28209551180535547
1.5126050420168067,0.4260349252465623,0.29811990618651707,0.22010718587148606,0.05573798269543461,0.27584516856692065
2.0168067226890756,0.44285444386775946,0.2828937574990216,0.21900753145692722,0.05524426717629167,0.27425179863321886
2.5210084033613445,0.45427403579179804,0.2705979501464101,0.21994315761764996,0.05518485644414181,0.27512801406179177
3.0252100840336134,0.4625595110507118,0.2601041479065393,0.22198161522721252,0.05535472581553642,0.27733634104274896
3.5294117647058822,0.46893876499975923,0.2508054028941868,0.22461271507352604,0.055643117032527965,0.280255832106054
4.033613445378151,0.47410006284421885,0.24236181681038466,0.2275491655975611,0.055988954747835315,0.28353812034539644
4.53781512605042,0.47843931778373416,0.23457564425336658,0.23062662704502554,0.056358410917873775,0.2869850379628993
5.042016806722689,0.4821898364877421,0.22732679303834594,0.2337504270113393,0.05673294346257262,0.29048337047391193
5.546218487394958,0.4854928770793122,0.22053843121775082,0.23686600890380818,0.05710268279912873,0.29396869170293694
6.050420168067227,0.48843689209378177,0.2141582735254511,0.23994213966030728,0.05746269472045984,0.2974048343807671
6.554621848739496,0.4910796790170138,0.20814825944660292,0.24296122049683624,0.05781084103954696,0.3007720615363832
7.0588235294117645,0.49346100752029914,0.20247880312792393,0.24591364293841142,0.0581465464133655,0.3040601893517769
7.563025210084033,0.4956098679177166,0.19712556325201225,0.24879448288047623,0.058470085949794824,0.30726456883027103
8.067226890756302,0.4975486572081589,0.192067611539035,0.25160155705685266,0.058782174195953434,0.3103837312528061
8.571428571428571,0.4992956153457525,0.18728638017203916,0.2543342756557941,0.05908372882641416,0.31341800448220825
9.07563025210084,0.5008662459342963,0.18276504849364095,0.2569929684135408,0.05937573715852192,0.31636870557206276
9.579831932773109,0.5022741610543725,0.17848817323412577,0.25957848430199826,0.05965918140950364,0.31923766571150186
10.084033613445378,0.503531586003104,0.17444145838517777,0.26209195672287733,0.059934998888840775,0.3220269556117181
10.588235294117647,0.5046496678995467,0.1706116038695843,0.26453466593554276,0.06020406229532626,0.324738728230869
11.092436974789916,0.5056386722870951,0.16698619866936062,0.26690795777108894,0.06046717127245526,0.32737512904354416
11.596638655462185,0.5065081108562527,0.163553640867631,0.26921319754365686,0.06072505073245956,0.3299382482761164
12.100840336134453,0.5072668302705053,0.16030307299231733,0.27145174407300937,0.060978352664168047,0.3324300967371774
12.605042016806722,0.507923077101872,0.15722432730008473,0.2736249357123301,0.061227659885713166,0.33485259559804326
13.109243697478991,0.508484550057941,0.1543078771996332,0.2757340822407465,0.061473490501679086,0.3372075727424256
13.61344537815126,0.5089584396230259,0.15154479408012123,0.27778046318929017,0.061716303107562695,0.3394967662968529
14.117647058823529,0.50935146493845,0.14892670654344842,0.2797653269687422,0.06195650154935929,0.34172182851810146
14.621848739495798,0.5096699053961453,0.14644576326840905,0.28168989157457347,0.062194439760872244,0.34388433133544566
15.126050420168067,0.5099196289449235,0.1440945981903543,0.28355534656359777,0.062430426301124275,0.34598577286472204
15.630252100840336,0.5101061186504459,0.14186629795378436,0.28536285482696866,0.06266472856880102,0.34802758339576967
16.134453781512605,0.5102344969267917,0.1397543715522085,0.28711355476743156,0.06289757675356819,0.3500111315209998
16.63865546218487,0.5103095482879584,0.13775272075038866,0.28880856412087585,0.06312916684077702,0.3519377309616529
17.142857142857142,0.5103357408881137,0.1358556161134936,0.2904489778211335,0.0633596651772593,0.3538086429983928
17.647058823529413,0.5103172461799074,0.1340576699502406,0.2920358734208519,0.0635892104490002,0.35562508386985214
18.15126050420168,0.510257956915519,0.1323538136098364,0.29357031287076607,0.06381791660387848,0.3573882294746445
18.655462184873947,0.5101615040397719,0.13073927637127652,0.2950533439370603,0.06404587565189136,0.35909921958895163
19.159663865546218,0.5100312744775317,0.1292095650266903,0.2964860007549328,0.06427315974084512,0.36075916049577794
19.66386554621849,0.5098704272175252,0.1277604449801573,0.2978693046524329,0.06449982314988462,0.36236912780231745
20.168067226890756,0.5096819061695161,0.1263879230015169,0.2992042665357854,0.06472590429318155,0.36393017082896695
20.672268907563023,0.5094684521032709,0.1250882316574909,0.30049188846201363,0.06495142777722461,0.36544331623923826
21.176470588235293,0.5092326170217469,0.12385781352387873,0.3017331638645714,0.06517640558980312,0.3669095694543745
21.680672268907564,0.5089767766551387,0.12269330731879352,0.30292907746625425,0.06540083855981357,0.36832991602606785
22.18487394957983,0.5087031402325722,0.12159153512510833,0.3040806068372439,0.06562471780507548,0.3697053246423194
22.6890756302521,0.5084137613733262,0.12054949022232142,0.305188722563371,0.06584802584098151,0.37103674840435247
23.19327731092437,0.5081105476353175,0.11956432594129895,0.3062543887160068,0.06607073770737679,0.3723251264233836
23.69747899159664,0.5077952696636461,0.11863334526371475,0.30727856314116314,0.06629282193147597,0.3735713850726391
24.201680672268907,0.5074695697485356,0.11775399118210654,0.30826219764681345,0.06651424142254451,0.374776439069358
24.705882352941174,0.5071349699356078,0.11692383773444688,0.3092062380345932,0.06673495429535228,0.37594119232994544
25.210084033613445,0.5067928794738226,0.11614058171544732,0.3101116242023138,0.06695491460841639,0.3770665388107302
25.714285714285715,0.5064446019254482,0.11540203496286093,0.31097929008048736,0.06717407303120346,0.3781533631116908
26.218487394957982,0.5060913418316003,0.11470611719770861,0.3118101635132951,0.06739237745739592,0.37920254097069106
26.72268907563025,0.5057342110042965,0.11405084936946315,0.31260516606939426,0.06760977355684607,0.3802149396262403
27.22689075630252,0.5053742343322407,0.11343434751054997,0.3133652128819853,0.06782620527522408,0.3811914181572094
27.73109243697479,0.5050123553166874,0.11285481701135859,0.3140912123849432,0.0680416152870109,0.3821328276719541
28.235294117647058,0.5046494413704966,0.11231054726722989,0.3147840659567674,0.06825594540550611,0.38304001136227356
28.739495798319325,0.5042862885346782,0.11179990679436795,0.31544466771321067,0.06846913695774312,0.3839138046709538
29.243697478991596,0.5039236261980847,0.11132133861435364,0.31607390407995434,0.06868113110760732,0.3847550351875617
29.747899159663866,0.5035621213993029,0.11087335598932656,0.3166726534487642,0.06889186916260635,0.38556452261137053
30.252100840336134,0.5032023828393487,0.1104545384993112,0.3172417858239999,0.06910129283734018,0.3863430786613401
30.7563025210084,0.5028449647864747,0.11006352833073607,0.3177821623892751,0.06930934449351418,0.38709150688278926
31.26050420168067,0.5024903706242918,0.10969902686437681,0.3182946351508543,0.06951596736047697,0.3878106025113313
31.764705882352942,0.5021390562514275,0.10935979149437168,0.31878004653130954,0.0697211057228912,0.38850115225420073
32.26890756302521,0.5017914332152742,0.10904463271005316,0.31923922898693563,0.06992470508773707,0.38916393407467265
32.773109243697476,0.5014478718663955,0.10875241127520978,0.31967300453464026,0.07012671232375446,0.3897997168583947
33.27731092436974,0.5011087039898714,0.10848203571796929,0.3200821844816992,0.07032707581046027,0.3904092602921594
33.78151260504202,0.5007742255609265,0.10823245990941202,0.3204675689896871,0.0705257455399744,0.3909933145296615
34.285714285714285,0.5004446991256197,0.10800268089452711,0.3208299467565564,0.07072267322329684,0.39155261997985324
34.78991596638655,0.500120356327906,0.10779173675471954,0.321170094563458,0.07091781235391637,0.3920879069173744
35.294117647058826,0.4998014000361344,0.10759870468839768,0.32148877698840606,0.07111111828706199,0.39259989527546807
35.79831932773109,0.4994880062806378,0.10742269923363094,0.3217867461719749,0.07130254831375636,0.39308929448573127
36.30252100840336,0.4991803263224995,0.1072628705438257,0.3220647414417757,0.07149206169189909,0.3935568031336748
36.80672268907563,0.4988784884048424,0.10711840283853165,0.32232348906545705,0.07167961969116882,0.39400310875662586
37.310924369747895,0.4985825995213338,0.10698851292849455,0.32256370193852973,0.07186518561164174,0.39442888755017147
37.81512605042017,0.49829274710193544,0.10687244877431046,0.3227860793283276,0.07204872479542661,0.3948348041237542
38.319327731092436,0.4980090003328414,0.10676948825159911,0.32299130675536303,0.07223020466019653,0.39522151141555956
38.8235294117647,0.4977314115355944,0.1066789379321722,0.3231800558238979,0.07240959470833555,0.3955896505322335
39.32773109243698,0.49746001770626397,0.10660013185047998,0.3233529839471354,0.0725868664961206,0.395939850443256
39.831932773109244,0.497194841520708,0.10653243055481904,0.32351073426930577,0.07276199365516724,0.396272727924473
40.33613445378151,0.49693589270415905,0.10647521998411348,0.32365393546054083,0.07293495185118669,0.39658888731172753
40.84033613445378,0.4966831690477011,0.10642791055252276,0.3237832016244459,0.0731057187753302,0.39688892039977614
41.344537815126046,0.49643665731470776,0.10638993627653962,0.32389913227234285,0.07327427413640976,0.39717340640875265
41.84873949579832,0.4961963341628374,0.10636075382244195,0.32400231237858235,0.07344059963613839,0.3974429120147207
42.35294117647059,0.495962167131214,0.10633984175257562,0.324093312190621,0.0736046789255894,0.3976979911162104
42.857142857142854,0.49573411549614366,0.10632669966776259,0.32417268726998466,0.0737664975661092,0.39793918483609386
43.36134453781513,0.49551213070295497,0.10632084787774435,0.3242409783691219,0.07392604305017883,0.3981670214193007
43.865546218487395,0.49529615774670943,0.10632182597092384,0.3242987116280154,0.07408330465435133,0.3983820162823667
44.36974789915966,0.49508613529933926,0.10632919274377106,0.32434639846944135,0.07423827348744831,0.3985846719568896
44.87394957983193,0.4948819964387717,0.10634252540147704,0.3243845357289608,0.07439094243079047,0.39877547815975123
45.3781512605042,0.4946836691931929,0.10636141873702191,0.32441360598151564,0.07454130608826957,0.39895491206978523
45.88235294117647,0.49449107699390266,0.10638548490906538,0.3244340773287307,0.07468936076830113,0.39912343809703177
46.38655462184874,0.49430413941807316,0.10641435261430174,0.32444640357267474,0.07483510439495039,0.3992815079676251
46.890756302521005,0.4941227726676676,0.10644766633818839,0.32445102454787805,0.0749785364462661,0.3994295609941441
47.39495798319328,0.49394688947431953,0.10648508689720854,0.3244483655986621,0.07511965802980988,0.399568023628472
47.89915966386555,0.49377640042612986,0.10652628921995685,0.3244388387289704,0.07525847162494281,0.39969731035391315
48.403361344537814,0.49361121346914005,0.106570963460789,0.32442284184022774,0.07539498122984309,0.39981782307007085
48.90756302521008,0.49345123476670166,0.10661881341205814,0.32440075963656256,0.07552919218467759,0.39992995182124014
49.41176470588235,0.49329636858676024,0.10666955672452323,0.32437296347431904,0.07566111121439742,0.4000340746887165
49.91596638655462,0.49314651768511913,0.1067229242883967,0.32433981166834114,0.07579074635814305,0.40013055802648423
50.42016806722689,0.49300158384767606,0.10677865949285217,0.3243016497933735,0.07591810686609819,0.4002197566594717
50.924369747899156,0.4928614679318718,0.10683651841116995,0.3242588104445581,0.07604320321240007,0.4003020136569582
51.42857142857143,0.49272607040503186,0.10689626837454345,0.32421161427535716,0.07616604694506751,0.4003776612204247
51.9327731092437,0.492595291055474,0.10695768937605844,0.3241603687590402,0.07628665080942729,0.40044701956846745
52.436974789915965,0.49246902965820866,0.1070205714119908,0.3241053704262128,0.07640502850358778,0.40051039892980056
52.94117647058823,0.4923471857786276,0.10708471607288131,0.324046903353108,0.07652119479538308,0.40056809814849104
53.4453781512605,0.49222965907775934,0.10714993473689569,0.32398524081336905,0.07663516537197596,0.400620406185345
53.94957983193277,0.49211634934474857,0.10721604932213143,0.3239206444602459,0.07674695687287417,0.40066760133312007
54.45378151260504,0.4920071567959517,0.10728289114169044,0.3238533652844981,0.07685658677785986,0.400709952062358
54.95798319327731,0.49190198214320335,0.10735030113608998,0.32378364332031745,0.07696407340038915,0.4007477167207066
55.46218487394958,0.4918007268615218,0.10741812870606843,0.32371170865439275,0.07706943577801702,0.40078114443240975
55.96638655462185,0.4917032931724259,0.10748623260396163,0.323637780512406,0.07717269371120644,0.40081047422361243
56.470588235294116,0.491609584134931,0.10755447980118267,0.32356206838712903,0.07727386767675731,0.40083593606388634
56.97478991596638,0.4915195036820732,0.10762274491978548,0.32348477262055664,0.07737297877758471,0.40085775139814134
57.47899159663865,0.4914329568114494,0.10769091094639144,0.3234060835029597,0.07747004873919953,0.40087613224215923
57.983193277310924,0.4913498493757805,0.10775886836564488,0.3233261823759077,0.0775650998826667,0.4008912822585744
58.48739495798319,0.491270088100645,0.10782651459743675,0.3232452422257446,0.07765815507617371,0.4009033973019183
58.99159663865546,0.49119358097953286,0.10789375311937477,0.3231634282947119,0.07774923760638038,0.40091266590109226
59.49579831932773,0.4911202371466324,0.10796049483742916,0.3230808967465681,0.0778383712693703,0.40091926801593836
60.0,0.4910499669520683,0.10802665758606181,0.3229977951459654,0.07792558031590455,0.4009233754618699
60.0,0.4910499669520683,0.10802665758606181,0.3229977951459654,0.07792558031590455,0.4009233754618699
61.111111111111114,0.5262254280846682,0.12728348630414385,0.25902757009789645,0.08746351551329158,0.346491085611188
62.22222222222222,0.5275682354523173,0.15332787162985523,0.21766344505434085,0.10144044786348656,0.3191038929178274
63.333333333333336,0.5129632829756725,0.18287623599948816,0.18624020492841123,0.11792027609642813,0.30416048102483934
64.44444444444444,0.4905243950116938,0.21317225864846337,0.16060055716458882,0.1357027891752541,0.2963033463398429
65.55555555555556,0.4649896763955791,0.24182443955077643,0.13925173555177867,0.15393414850186576,0.29318588405364443
66.66666666666667,0.4394193219659563,0.2670171300176124,0.1215396156360299,0.17202393238040134,0.2935635480164312
67.77777777777777,0.4157398865395676,0.2876478166545855,0.10701774702488216,0.18959454978096477,0.29661229680584694
68.88888888888889,0.3950156067227018,0.30330171901509434,0.09525995511195161,0.20642271915025212,0.30168267426220374
70.0,0.3776724501265151,0.3141072913976409,0.08583670046071773,0.2223835580151261,0.30822025847584383
70.0,0.3776724501265151,0.3141072913976409,0.08583670046071773,0.2223835580151261,0.30822025847584383
71.5,0.37897967166403285,0.28323521983545963,0.11969597072296441,0.21808913777754305,0.33778510850050747
73.0,0.4099787134614161,0.2461273488955729,0.14320341297113293,0.20069052467187806,0.34389393764301096
73.0,0.4099787134614161,0.2461273488955729,0.14320341297113293,0.20069052467187806,0.34389393764301096
74.11111111111111,0.4318924044120081,0.24946087186662363,0.11517672313017577,0.2034700005911925,0.31864672372136826
75.22222222222223,0.4241096792687573,0.26076669037469474,0.09954110605351445,0.2155825243030335,0.31512363035654795
76.33333333333333,0.4087531958392762,0.2721752103932609,0.08883852482089655,0.23023306894656625,0.3190715937674628
77.44444444444444,0.3929987338091888,0.2811796241539426,0.08077451104059076,0.2450471309962778,0.3258216420368686
78.55555555555556,0.3791983755278326,0.287190800147137,0.07445650523830999,0.25915431908672043,0.3336108243250304
79.66666666666667,0.36792816600659445,0.29037153127724424,0.06943481105204342,0.27226549166411784,0.34170030271616125
80.77777777777777,0.3591076626892437,0.2911521516106966,0.06542194534492866,0.284318240355131,0.34974018570005966
81.88888888888889,0.35243481498358376,0.2900217869811768,0.062206130831703906,0.29533726720353554,0.35754339803523943
83.0,0.3475563333967285,0.287440852729495,0.05962216686447268,0.3053806470093038,0.3650028138737765
83.0,0.3475563333967285,0.287440852729495,0.05962216686447268,0.3053806470093038,0.3650028138737765
84.5,0.370608960579005,0.2504734539785157,0.09395008087648266,0.2849675045659966,0.3789175854424793
86.0,0.41607495101706926,0.21193185155929373,0.1205002233135044,0.2514929741101327,0.3719931974236371
86.0,0.41607495101706926,0.21193185155929373,0.1205002233135044,0.2514929741101327,0.3719931974236371
87.11111111111111,0.44163072549231,0.21132986429387476,0.09793609316615433,0.2491033170476609,0.34703941021381524
88.22222222222223,0.43561453701579594,0.21906999186714135,0.08612643577532836,0.2591890353417343,0.3453154711170627
89.33333333333333,0.4215025925872879,0.22775393647216946,0.07831271168118883,0.2724307592593538,0.35074347094054265
90.44444444444444,0.4066350156291661,0.23508559921405162,0.07248374380150584,0.2857956413552765,0.35827938515678237
91.55555555555556,0.39337002338330956,0.24046119153678244,0.06789977209015644,0.29826901298975156,0.366168785079908
92.66666666666667,0.38229632113448564,0.2439080648482028,0.0642191324362893,0.30957648158102224,0.3737956140173116
93.77777777777777,0.37337024232845983,0.24567542719967228,0.06124004316459379,0.3197142873072741,0.38095433047186783
94.88888888888889,0.36634141425821903,0.24606862683726788,0.05881989083024618,0.32877006807426695,0.38758995890451314
96.0,0.36091269980919866,0.24538293456104004,0.0568485635230672,0.3368558021066939,0.39370436562976113
96.0,0.36091269980919866,0.24538293456104004,0.0568485635230672,0.3368558021066939,0.39370436562976113
97.5,0.3841752972972992,0.2143856137337165,0.09183735317479162,0.3096017357941927,0.4014390889689843
99.0,0.43031046841243514,0.18147957363171474,0.11886533422692697,0.2693446237289232,0.38820995795585017
99.0,0.43031046841243514,0.18147957363171474,0.11886533422692697,0.2693446237289232,0.38820995795585017
100.11111111111111,0.4564513148725431,0.18171588199457664,0.0964356560808017,0.2653971470520786,0.36183280313288035
101.22222222222223,0.45012740277478036,0.18974702428887164,0.08487833880558585,0.2752472341307621,0.3601255729363479
102.33333333333333,0.43522371182374275,0.19891810805330207,0.07730500204050725,0.2885531780824479,0.3658581801229551
103.44444444444444,0.4193061567950329,0.20706924093732224,0.0716719146812402,0.3019526875864046,0.37362460226764477
104.55555555555556,0.40488780647711103,0.21355261569866918,0.06723547992764184,0.31432409789657784,0.3815595778242197
105.66666666666667,0.3926523534581062,0.21830973521261,0.06366109552943418,0.32537681579984973,0.3890379113292839
106.77777777777777,0.3826089596059707,0.22150735919306844,0.06075668375942875,0.33512699744153207,0.39588368120096085
107.88888888888889,0.37453427443307713,0.22338402409119912,0.058388496926224366,0.3436932045494995,0.40208170147572386
109.0,0.3681432782944353,0.22418497206979845,0.05645343335921838,0.35121831627654787,0.4076717496357663
109.0,0.3681432782944353,0.22418497206979845,0.05645343335921838,0.35121831627654787,0.4076717496357663
110.5,0.39038467314371783,0.19679175261516785,0.0917165885004648,0.32110698574064944,0.4128235742411142
112.0,0.43611410060542355,0.16710371482549263,0.11884684861275521,0.27793533595632863,0.3967821845690838
112.0,0.43611410060542355,0.16710371482549263,0.11884684861275521,0.27793533595632863,0.3967821845690838
113.11111111111111,0.4623480956795317,0.16792598764411704,0.09630252833675033,0.2734233883396009,0.36972591667635124
114.22222222222223,0.4558488943577751,0.17616089269104943,0.08472708664237288,0.2832631263088026,0.3679902129511755
115.33333333333333,0.4405799685169062,0.18558203493310965,0.07716211558957589,0.2966758809604083,0.37383799654998423
116.44444444444444,0.424188918310883,0.19411891441451842,0.07154112460863163,0.31015104266596705,0.38169216727459865
117.55555555555556,0.4092558883370354,0.20111363625914716,0.06711319371167035,0.32251728169214716,0.3896304754038175
118.66666666666667,0.39650801708179556,0.20647226802391258,0.06354268163643738,0.33347703325785455,0.3970197148942919
119.77777777777777,0.38597871176831894,0.21032535599811053,0.060638611799124435,0.34305732043444603,0.4036959322335705
120.88888888888889,0.37745645485645135,0.21288153353721104,0.058268694060793685,0.3513933175455441,0.40966201160633775
122.0,0.37066076979083823,0.21436351186371755,0.056331028275603184,0.358644690069841,0.41497571834544417
122.0,0.37066076979083823,0.21436351186371755,0.056331028275603184,0.358644690069841,0.41497571834544417
123.5,0.39243956867130925,0.18872453779886716,0.0916786414219807,0.3271572521078429,0.41883589352982364
125.0,0.43797442200266207,0.16060401129907886,0.11883612593685063,0.28258544076140835,0.401421566698259
125.0,0.43797442200266207,0.16060401129907886,0.11883612593685063,0.28258544076140835,0.401421566698259
126.11111111111111,0.4642368168366839,0.16171312866641094,0.09625025237346052,0.27779980212344474,0.37405005449690526
127.22222222222223,0.45768842985780295,0.17003080990910238,0.08466287388534606,0.2876178863477485,0.37228076023309453
128.33333333333334,0.4423028500334277,0.1795445400812592,0.07709631144143678,0.3010562984438764,0.37815260988531313
129.44444444444446,0.42575374483500594,0.18823280981311707,0.07147658404049384,0.3145368613113831,0.3860134453518769
130.55555555555554,0.4106452686743622,0.19543742106219472,0.06704989788023431,0.32686741238320877,0.39391731026344307
131.66666666666666,0.39772082028602324,0.20105026203371673,0.06347988156208864,0.3377490361181714,0.4012289176802601
132.77777777777777,0.38702318550258363,0.20518601532795405,0.06057566154815439,0.3472151376213079,0.40779079916946226
133.88888888888889,0.3783456044590958,0.2080396352069354,0.05820526176251387,0.3554094985714549,0.41361476033396877
135.0,0.37140957491958515,0.20982319202542887,0.05626706999672343,0.36250016305826255,0.418767233054986
135.0,0.37140957491958515,0.20982319202542887,0.05626706999672343,0.36250016305826255,0.418767233054986
136.5,0.3930270792164718,0.18501542980468602,0.09163581625155469,0.3303216747272876,0.4219574909788423
138.0,0.4384996816490074,0.15764170573350245,0.11880153043614256,0.2850570821813476,0.40385861261749023
138.0,0.4384996816490074,0.15764170573350245,0.11880153043614256,0.2850570821813476,0.40385861261749023
139.11111111111111,0.4647760306171578,0.15888703392474235,0.0962083566655069,0.28012857879259284,0.37633693545809976
140.22222222222223,0.4582198680075071,0.16723867729546993,0.08461915134510001,0.289922303351923,0.374541454697023
141.33333333333334,0.4428029696396621,0.17678730946763366,0.0770534578248744,0.30335626306782976,0.38040972089270414
142.44444444444446,0.4262069761601704,0.18553642561884198,0.07143547063877696,0.3168211275822107,0.3882565982209876
143.55555555555554,0.4110442306095023,0.19282913473082725,0.06701051266742554,0.3291161219922449,0.3961266346596704
144.66666666666666,0.3980639200668175,0.19855153610134538,0.06344193275642669,0.3399426110754104,0.4033845438318371
145.77777777777777,0.38731230508342673,0.20281129214630506,0.06053885603990256,0.3493375467303657,0.4098764027702682
146.88888888888889,0.3785844926343604,0.20579708309113032,0.05816939370660294,0.35744903056790633,0.41561842427450923
148.0,0.3716028519672376,0.20771597179416354,0.05623202647306374,0.3644491497655351,0.4206811762385989
148.0,0.3716028519672376,0.20771597179416354,0.05623202647306374,0.3644491497655351,0.4206811762385989
149.5,0.3931689162199857,0.18330029427492966,0.09160423104359457,0.33192655846149016,0.42353078950508477
151.0,0.4386253095654503,0.15628034294869358,0.11877259010491867,0.28632175738093735,0.40509434748585604
151.0,0.4386253095654503,0.15628034294869358,0.11877259010491867,0.28632175738093735,0.40509434748585604
152.11111111111111,0.4649090272124226,0.1575902237519338,0.09618089264692878,0.28131985638871493,0.3775007490356437
153.22222222222223,0.4583546585888527,0.1659565175064275,0.08459262626915794,0.2910961976355618,0.3756888239047197
154.33333333333334,0.44293129452943647,0.1755190582560661,0.07702826028179499,0.3045213869327025,0.38154964721449747
155.44444444444446,0.426322902750216,0.18429367251854709,0.07141175681516986,0.317971667916067,0.3893834247312369
156.55555555555554,0.41114458408101645,0.19162454058783138,0.0669882096622556,0.3302426656688966,0.3972308753311522
157.66666666666666,0.39814757648416266,0.19739533112771457,0.06342087462301113,0.3410362177651116,0.4044570923881227
158.77777777777777,0.38737943193583446,0.20171056027137316,0.0605188707607954,0.3503911370319969,0.4109100077927923
159.88888888888889,0.37863599864781733,0.20475602162252968,0.058150338152115684,0.35845764157753723,0.4166079797296529
161.0,0.3716400347732144,0.20673643245750273,0.056213793205752274,0.36540973956353057,0.4216235327692828
161.0,0.3716400347732144,0.20673643245750273,0.056213793205752274,0.36540973956353057,0.4216235327692828
162.5,0.3931905230631296,0.18250516268338005,0.09158548151564118,0.3327188327378492,0.4243043142534904
164.0,0.4386438713440372,0.15565207006846443,0.11875470943835409,0.28694934914914416,0.40570405858749825
164.0,0.4386438713440372,0.15565207006846443,0.11875470943835409,0.28694934914914416,0.40570405858749825
165.11111111111111,0.46493134628709004,0.1569924854414928,0.09616538215352002,0.28191078611789705,0.37807616827141705
166.22222222222223,0.45837962146410166,0.16536533367329775,0.08457819095563822,0.29167685390696246,0.3762550448626007
167.33333333333334,0.44295596714296454,0.17493369157260963,0.07701477928784292,0.305095561996583,0.3821103412844259
168.44444444444446,0.4263449743761854,0.1837193457139075,0.07139921068290128,0.3185364692270059,0.3899356799099072
169.55555555555554,0.4111626701773239,0.19106712379369684,0.06697653579465332,0.33079367023432593,0.3977702060289793
170.66666666666666,0.3981610269778579,0.19685964934942443,0.06340998134030419,0.3415693423324134,0.40497932367271755
171.77777777777777,0.38738808574613853,0.20120001502017945,0.06050866294933279,0.3509032362843492,0.411411899233682
172.88888888888889,0.37863999553425,0.20427268364125084,0.058140731067809544,0.35894658975668964,0.4170873208244992
174.0,0.37163968952153353,0.20628127777634472,0.05620471680199428,0.3658743159001275,0.42207903270212177
174.0,0.37163968952153353,0.20628127777634472,0.05620471680199428,0.3658743159001275,0.42207903270212177
175.5,0.3931857326666563,0.18213644775102955,0.09157546245422118,0.33310235712809305,0.4246778195823142
177.0,0.4386391503023404,0.15536171216267897,0.1187449749897865,0.28725416254519415,0.4059991375349807
177.0,0.4386391503023404,0.15536171216267897,0.1187449749897865,0.28725416254519415,0.4059991375349807
178.11111111111111,0.4649284726432412,0.15671652011870651,0.09615730623838883,0.28219770099966346,0.37835500723805227
179.22222222222223,0.4583785725882466,0.16509236045637665,0.08457082520523146,0.29195824175014545,0.37652906695537686
180.33333333333334,0.44295568670360635,0.17466323507718043,0.07700796688058993,0.30537311133862327,0.3823810782192132
181.44444444444446,0.4263445417913512,0.18345377332229823,0.07139291167621328,0.31880877321013734,0.39020168488635065
182.55555555555554,0.4111614749199533,0.1908091525480837,0.06697071151524711,0.3310586610167158,0.3980293725319629
183.66666666666666,0.3981587255144021,0.19661153893741976,0.06340458446080059,0.34182515108737754,0.40522973554817815
184.77777777777777,0.3873845238371647,0.20096337723307903,0.06050364440127696,0.35114845452847926,0.4116520989297562
185.88888888888889,0.3786351437185565,0.20404851633407023,0.05813604559411219,0.35918029435326115,0.4173163399473733
187.0,0.3716335975414949,0.2060700694367619,0.056200325335800314,0.36609600768594275,0.4222963330217431
187.0,0.3716335975414949,0.2060700694367619,0.056200325335800314,0.36609600768594275,0.4222963330217431
188.5,0.39317850575349234,0.18196561751413912,0.09157039864123122,0.33328547809113723,0.42485587673236846
190.0,0.43863244153227315,0.15522752873586051,0.11874000226716175,0.2874000274647046,0.40614002973186636
190.0,0.43863244153227315,0.15522752873586051,0.11874000226716175,0.2874000274647046,0.40614002973186636
191.11111111111111,0.46492265028959784,0.15658909275111524,0.09615328710443984,0.2823349698548472,0.378488256959287
192.22222222222223,0.45837379509531334,0.16496631185527527,0.0845672040042053,0.29209268904520613,0.37665989304941144
193.33333333333334,0.4429515690720438,0.17453829900899498,0.07700463734166334,0.3055054945772978,0.38251013191896116
194.44444444444446,0.4263407096412164,0.18333102697913392,0.07138984512034388,0.31893841825930574,0.39032826337964965
195.55555555555554,0.41115765673946314,0.19068985169568126,0.06696788700971137,0.33118460455514415,0.3981524915648555
196.66666666666666,0.39815474832469144,0.19649673669838622,0.06340197867739032,0.341946536299532,0.40534851497692237
197.77777777777777,0.38738028951705167,0.20085383080550967,0.06050123312930809,0.35126464654813055,0.41176587967743866
198.88888888888889,0.3786306068716236,0.20394469971287316,0.05813380602289769,0.35929088739260556,0.4174246934155032
200.0,0.3716287487401905,0.2059722202154918,0.05619823728364337,0.3662007937606744,0.42239903104431775
200.0,0.3716287487401905,0.2059722202154918,0.05619823728364337,0.3662007937606744,0.42239903104431775
201.5,0.3931734430321639,0.1818865701259573,0.09156791919972906,0.33337206764214977,0.4249399868418788
203.0,0.43862778004731945,0.15516555986109243,0.1187375506047738,0.2874691094868144,0.4062066600915882
203.0,0.43862778004731945,0.15516555986109243,0.1187375506047738,0.2874691094868144,0.4062066600915882
204.11111111111111,0.4649184077653381,0.15653028266696828,0.09615133885113739,0.2823999707165563,0.3785513095676937
205.22222222222223,0.4583701036158084,0.16490813934234233,0.08456546257531723,0.2921562944665322,0.37672175704184946
206.33333333333334,0.4429482867906541,0.17448062480867044,0.07700304220816746,0.30556804619250794,0.3825710884006754
207.44444444444446,0.42633768152909507,0.1832743424581522,0.0713883796401898,0.31899959637256287,0.39038797601275266
208.55555555555554,0.41115476125722344,0.19063473652248925,0.06696654056290172,0.3312439616573856,0.39821050222028737
209.66666666666666,0.3981519008129549,0.1964436799662787,0.06340074007649724,0.3420036791442692,0.4054044192207664
210.77777777777777,0.3873774354991924,0.20080318617192822,0.060500090739608395,0.35131928758927095,0.4118193783288793
211.88888888888889,0.3786277144926647,0.20389669026001153,0.05813274871940108,0.35934284652792264,0.4174755952473237
213.0,0.3716258025199318,0.20592695954264734,0.05619725506463678,0.36624998287278404,0.4224472379374208
213.0,0.3716258025199318,0.20592695954264734,0.05619725506463678,0.36624998287278404,0.4224472379374208
214.5,0.39317050454634417,0.18185004056280574,0.09156672828570413,0.333412726605146,0.4249794548908501
216.0,0.4386250817034252,0.1551369657910076,0.11873636740032835,0.28750158510523893,0.40623795250556727
216.0,0.4386250817034252,0.1551369657910076,0.11873636740032835,0.28750158510523893,0.40623795250556727
217.11111111111111,0.46491590562599766,0.15650316033570927,0.09615040954114924,0.282430524497144,0.37858093403829324
218.22222222222223,0.4583678794347265,0.1648813120329611,0.08456463646934835,0.29218617206296404,0.3767508085323124
219.33333333333334,0.44294628779261797,0.17445402248857814,0.0770022874326558,0.30559740228614807,0.38259968971880387
220.44444444444446,0.42633584249738654,0.18324818964737521,0.07138768736684524,0.31902828048839293,0.3904159678552382
221.55555555555554,0.41115302750556354,0.19060930052252015,0.06696590558941062,0.3312717663825057,0.39823767197191634
222.66666666666666,0.3981502316428894,0.196419187339791,0.06340015712239809,0.34203042389492144,0.40543058101731955
223.77777777777777,0.38737580259580334,0.2007798014241325,0.060499554299956716,0.3513448416801074,0.41184439598006406
224.88888888888889,0.3786260993686367,0.2038745177289662,0.058132253472789254,0.3593671294296079,0.4174993829023972
226.0,0.37162419415613845,0.20590605295003928,0.05619679617285251,0.36627295672096977,0.42246975289382227
226.0,0.37162419415613845,0.20590605295003928,0.05619679617285251,0.36627295672096977,0.42246975289382227
227.5,0.3931689368647036,0.1818331793277815,0.09156616328189959,0.3334317205256152,0.4249978838075148
229.0,0.4386236437706889,0.15512378285664458,0.11873580411257871,0.2875167692600878,0.4062525733726665
229.0,0.4386236437706889,0.15512378285664458,0.11873580411257871,0.2875167692600878,0.4062525733726665
230.11111111111111,0.4649145590507609,0.15649066110986593,0.09614997084158958,0.28244480899778374,0.3785947798393733
231.22222222222223,0.45836666932544323,0.16486894924559042,0.08456424802329283,0.2922001334056736,0.37676438142896646
232.33333333333334,0.4429451943290998,0.1744417617899731,0.07700193316586283,0.30561111071506436,0.38261304388092715
233.44444444444446,0.426334837864669,0.18323613374970904,0.07138736281302895,0.319041665572593,0.390429028385622
234.55555555555554,0.41115208699694944,0.19059757258222382,0.0669656082516691,0.3312847321691576,0.39825034042082663
235.66666666666666,0.3981493359254565,0.19640789210517082,0.06339988453145066,0.342042887437922,0.4054427719693727
236.77777777777777,0.3873749374975851,0.20076901518862114,0.06049930387546626,0.3513567434383275,0.41185604731379377
237.88888888888889,0.37862525503092775,0.20386428907837872,0.058132022699713376,0.35937843319098006,0.4175104558906934
239.0,0.3716233641311253,0.20589640710166335,0.05619658274559473,0.3662836460216166,0.42248022876721136
239.0,0.3716233641311253,0.20589640710166335,0.05619658274559473,0.3662836460216166,0.42248022876721136
240.5,0.39316813869383443,0.1818254043695354,0.09156589744818733,0.33344055948844287,0.42500645693663014
242.0,0.43862291206361,0.15511770957705465,0.11873553840541631,0.28752383995391906,0.40625937835933534
242.0,0.43862291206361,0.15511770957705465,0.11873553840541631,0.28752383995391906,0.40625937835933534
243.11111111111111,0.46491386972315485,0.1564849046974259,0.09614976519266423,0.282451460386755,0.3786012255794192
244.22222222222223,0.4583660458195773,0.16486325586995923,0.08456406646081954,0.29220663184964385,0.37677069831046345
245.33333333333334,0.4429446291303755,0.17443611488590147,0.07700176779622415,0.30561748818749895,0.3826192559837231
246.44444444444446,0.4263343189669388,0.18323058034613013,0.07138721143988876,0.31904788924704236,0.3904351006869311
247.55555555555554,0.4111516032014133,0.19059216938374005,0.06696546969169112,0.3312907577231556,0.39825622741484673
248.66666666666666,0.3981488781244767,0.19640268746958714,0.06339975763639824,0.34204867676953793,0.40544843440593614
249.77777777777777,0.38737449876491764,0.20076404442082976,0.06049918744294466,0.3513622693713078,0.41186145681425246
250.88888888888889,0.37862483034936223,0.20385957473036623,0.058131915550249366,0.35938367937002225,0.4175155949202716
252.0,0.37162295004301904,0.20589196094862136,0.05619648379122276,0.3662886052171369,0.4224850890083597
252.0,0.37162295004301904,0.20589196094862136,0.05619648379122276,0.3662886052171369,0.4224850890083597
253.5,0.3931677439482164,0.18182182219319343,0.09156577310352594,0.3334446607550641,0.4250104338585901
255.0,0.43862255029582903,0.15511491342700176,0.1187354138786426,0.2875271223985265,0.40626253627716913
255.0,0.43862255029582903,0.15511491342700176,0.1187354138786426,0.2875271223985265,0.40626253627716913
256.1111111111111,0.46491352756484267,0.15648225512037292,0.09614966926614646,0.282454548048638,0.3786042173147845
257.22222222222223,0.45836573502262706,0.16486063538682724,0.08456398195508325,0.2922096476354624,0.3767736295905457
258.3333333333333,0.4429443468170224,0.17443351560296355,0.07700169090260216,0.305620446677412,0.3826221375800142
259.44444444444446,0.42633405990064943,0.18322802381054246,0.07138714109798318,0.319050775190825,0.39043791628880814
260.55555555555554,0.41115136229276805,0.19058968168972548,0.06696540534533182,0.33129355067217464,0.3982589560175065
261.6666666666667,0.3981486511085741,0.19640029091654868,0.06339969875352712,0.34205135922135016,0.4054510579748773
262.77777777777777,0.38737428231058896,0.20076175531879392,0.06049913346542218,0.35136482890519505,0.4118639623706172
263.8888888888889,0.37862462197623836,0.20385740352223897,0.05813186592785365,0.35938610857366904,0.4175179745015227
265.0,0.37162274798445233,0.20588991311178184,0.05619643801401938,0.3662909008897466,0.422487338903766
265.0,0.37162274798445233,0.20588991311178184,0.05619643801401938,0.3662909008897466,0.422487338903766
266.5,0.39316755246956053,0.18182017287498853,0.09156571518794823,0.3334465594675027,0.4250122746554509
268.0,0.43862237484425004,0.15511362674002893,0.11873535579212735,0.28752864262359373,0.4062639984157211
268.0,0.43862237484425004,0.15511362674002893,0.11873535579212735,0.28752864262359373,0.4062639984157211
269.1111111111111,0.4649133611705506,0.15648103613063208,0.09614962468131392,0.2824559780175035,0.3786056026988174
270.22222222222223,0.4583655834400514,0.16485942981241117,0.0845639427441417,0.29221104400339576,0.37677498674753745
271.3333333333333,0.44294420893213965,0.17443231971490478,0.07700165525025447,0.3056218161027011,0.3826234713529556
272.44444444444446,0.4263339334089994,0.1832268474859528,0.07138710849867434,0.31905211060637345,0.3904392191050478
273.55555555555554,0.4111512448765296,0.19058853693142938,0.06696537553915233,0.3312948426528886,0.398260218192041
274.6666666666667,0.39814854077943956,0.19639918799847722,0.06339967149451127,0.34205259972757207,0.4054522712220833
275.77777777777777,0.387374177484437,0.2007607017660929,0.06049910849517183,0.35136601225429825,0.41186512074947007
276.8888888888889,0.37862452145029524,0.20385640416180714,0.058131842990649725,0.35938723139724793,0.4175190743878976
278.0,0.37162265088280105,0.20588897048419344,0.056196416872003795,0.3662919617610017,0.4224883786330055
278.0,0.37162265088280105,0.20588897048419344,0.056196416872003795,0.3662919617610017,0.4224883786330055
279.5,0.39316746083996096,0.18181941389844034,0.09156568829830607,0.3334474369632926,0.4250131252615986
281.0,0.43862229089345584,0.15511303490076325,0.1187353287922469,0.287529345413534,0.40626467420578083
281.0,0.43862229089345584,0.15511303490076325,0.1187353287922469,0.287529345413534,0.40626467420578083
282.1111111111111,0.4649132813976922,0.15648047552088679,0.096149604014762,0.28245663906665897,0.378606243081421
283.22222222222223,0.45836551061753017,0.16485887538355976,0.084563924592039,0.2922116894068711,0.3767756139989101
284.3333333333333,0.4429441426236408,0.174431769716752,0.07700163875499227,0.30562244890461493,0.3826240876596072
285.44444444444446,0.42633387259263594,0.1832263064478548,0.07138709342138116,0.31905272753812813,0.39043982095950935
286.55555555555554,0.4111511884949338,0.19058801037256376,0.06696536175886314,0.3312954393736394,0.39826080113250256
287.6666666666667,0.3981484879087563,0.19639868064905475,0.06339965889770109,0.34205317254448797,0.4054528314421891
288.77777777777777,0.3873741273775054,0.20076021709460845,0.060499096962438124,0.3513665585654479,0.411865655527886
289.8888888888889,0.3786244735316847,0.20385594439621935,0.05813183240347013,0.3593877496686258,0.4175195820720959
291.0,0.3716226047268532,0.2058885368003276,0.05619640711982336,0.3662924513529958,0.4224888584728192
291.0,0.3716226047268532,0.2058885368003276,0.05619640711982336,0.3662924513529958,0.4224888584728192
292.5,0.39316741741920885,0.1818190647853473,0.09156567584376293,0.333447841951681,0.42501351779544394
