Generation,xOC,xOB,xMMd,xMMr,total xMM
0.0,0.26666666666666666,0.4,0.26666666666666666,0.06666666666666667,0.3333333333333333
1.0169491525423728,0.47452964281368876,0.2753527226756767,0.20079078709596007,0.0493268474146745,0.25011763451063457
2.0338983050847457,0.5319462882445737,0.22990861229981757,0.19302608861100426,0.04511901084460435,0.2381450994556086
3.0508474576271185,0.5573973260192309,0.2023509902995781,0.19678229837864966,0.04346938530254148,0.24025168368119115
4.067796610169491,0.5724131920302636,0.18165202196103128,0.20344707777662602,0.04248770823207896,0.24593478600870497
5.084745762711864,0.5828182905256036,0.16476917671048266,0.2107070074233806,0.041705525340532935,0.2524125327639135
6.101694915254237,0.5905428773794047,0.15057097861678642,0.2178840858504185,0.041002058153390364,0.2588861440038088
7.11864406779661,0.596381812244984,0.13848056842505707,0.22478741102774916,0.04035020830220973,0.2651376193299589
8.135593220338983,0.6007581621243256,0.12811895444423768,0.23137578863861036,0.03974709479282624,0.2711228834314366
9.152542372881356,0.6039523371613394,0.11920047784839262,0.23765257389975797,0.039194611090509986,0.27684718499026795
10.169491525423728,0.6061761139212326,0.1114970501769764,0.2436324945744411,0.03869434132734999,0.28232683590179114
11.1864406779661,0.6075995296108626,0.10482245165534841,0.2493314378805206,0.03824658085326836,0.28757801873378896
12.203389830508474,0.6083627168202369,0.09902322006168694,0.25476361774285167,0.03785044537522449,0.2926140631180762
13.220338983050848,0.6085824890759058,0.09397223542675784,0.2599410819412183,0.03750419355611801,0.2974452754973363
14.23728813559322,0.6083567569380781,0.08956378288978514,0.2648739294385105,0.03720553073362618,0.30207946017213666
15.254237288135592,0.6077679058097791,0.0857096020887833,0.269570655117192,0.03695183698424554,0.30652249210143756
16.271186440677965,0.6068853879747477,0.08233572124549503,0.2740385533310636,0.036740337448693754,0.31077889077975734
17.28813559322034,0.6057678976303695,0.07937987977320227,0.2782840100411857,0.03656821255524254,0.31485222259642826
18.305084745762713,0.6044650917586001,0.07678945040285157,0.2823127824013498,0.03643267543719852,0.31874545783854835
19.322033898305083,0.6030190272639641,0.07451974808446192,0.28613020536392236,0.03633101928765163,0.322461224651574
20.338983050847457,0.6014653352455018,0.07253265827583585,0.28974135898242814,0.03626064749623413,0.32600200647866234
21.35593220338983,0.5998341924018706,0.07079551732844636,0.29315120129123756,0.03621908897844543,0.329370290269683
22.3728813559322,0.5981511348414488,0.06928020125461067,0.29636465653831856,0.036204007365621904,0.33256866390394046
23.389830508474574,0.5964377210807188,0.06796237635914636,0.29938670156136993,0.03621320099876484,0.3355999025601348
24.406779661016948,0.5947121075424308,0.0668208854387918,0.3022224059646341,0.03624460105414333,0.3384670070187774
25.423728813559322,0.5929895188851573,0.06583724287530496,0.30487697099291416,0.036296267246623576,0.3411732382395377
26.440677966101696,0.5912826541215371,0.0649952167077899,0.3073557477957866,0.03636638137488622,0.34372212917067285
27.457627118644066,0.5896020323688352,0.06428048305969183,0.30966424393006303,0.03645324064141005,0.3461174845714731
28.47457627118644,0.5879562871415166,0.06368033940390859,0.311808122632839,0.0365552508217358,0.3483633734545748
29.491525423728813,0.5863524210484127,0.06318346581702866,0.3137931940705707,0.03667091906398787,0.35046411313455855
30.508474576271183,0.5847960264240151,0.06277972603756612,0.315625400360505,0.03679884717791365,0.35242424753841867
31.525423728813557,0.5832914765613153,0.06246000139750111,0.31731079679841795,0.03693772524276555,0.3542485220411835
32.54237288135593,0.5818420928755111,0.062216051884071887,0.31885552961430064,0.0370863256261163,0.35594185524041694
33.559322033898304,0.580450290578562,0.06204039989812554,0.3202658120425946,0.03724349748071789,0.35750930952331245
34.57627118644068,0.5791177069878651,0.061926232729176446,0.32154789862469124,0.037408161658267186,0.3589560602829584
35.59322033898305,0.5778453130514446,0.06186732092713942,0.3227080598688293,0.037579306152586714,0.360287366021416
36.610169491525426,0.5766335130004135,0.06185794957089697,0.3237525555990708,0.03775598182961867,0.3615085374286895
37.62711864406779,0.5754822296380511,0.06189286078060963,0.3246876108264656,0.03793729875487372,0.36262490958133925
38.644067796610166,0.5743909810133098,0.061967205358332465,0.3255193909084882,0.03812242271986968,0.36364181362835785
39.66101694915254,0.5733589473391902,0.06207650193075238,0.3262539785771785,0.03831057215287892,0.36456455073005745
40.67796610169491,0.5723850279668804,0.06221660285758906,0.32689735371715006,0.03850101545838051,0.3653983691755306
41.69491525423729,0.5714678936532754,0.06238366531455912,0.3274553726035618,0.0386930684286036,0.3661484410321654
42.71186440677966,0.5706060310176433,0.0625741266304693,0.3279337503773003,0.038886091974587055,0.3668198423518874
43.728813559322035,0.569797779428408,0.06278468359830264,0.32833804676813005,0.039079490205159356,0.3674175369732894
44.7457627118644,0.5690413654733476,0.06301227509119588,0.3286736508866371,0.0392727085488195,0.36794635943545656
45.762711864406775,0.5683349337450587,0.06325406582841112,0.32894576863178854,0.0394652317947417,0.36841100042653024
46.77966101694915,0.5676765679809617,0.0635074339648609,0.3291594151705115,0.039656582883665956,0.3688159980541774
47.79661016949152,0.5670643135496342,0.06376995890411191,0.3293194062626085,0.03984632128364552,0.3691657275462541
48.813559322033896,0.5664961969711634,0.06403941121345443,0.3294303502295078,0.04003404158587447,0.36946439181538226
49.83050847457627,0.5659702404002801,0.06431374257544177,0.3294966448821174,0.0402193721421607,0.36971601702427803
50.847457627118644,0.56548447318972,0.06459107766966753,0.3295224751476692,0.04040197399294331,0.3699244491406125
51.86440677966102,0.5650369436954266,0.06486970586125314,0.3295118108867844,0.040581539556535866,0.37009335044332026
52.88135593220339,0.5646257289243684,0.0651480736619423,0.3294684059785772,0.04075779143511218,0.37022619741368934
53.89830508474576,0.56424894086409,0.0654247767478852,0.32939580119435335,0.040930481193671424,0.3703262823880248
54.91525423728813,0.563904731475249,0.06569855308847276,0.3292973271196263,0.04109938831665202,0.37039671543627833
55.932203389830505,0.5635912991638826,0.06596827682023183,0.32917610487073246,0.04126431914515315,0.37044042401588556
56.94915254237288,0.5633068945417014,0.06623295003296673,0.329035050063724,0.04142510536160789,0.37046015542533195
57.96610169491525,0.5630498190579039,0.06649169695322246,0.328876880682972,0.041581603305901625,0.3704584839888736
58.983050847457626,0.5628184261684763,0.0667437569266573,0.32870412406199145,0.0417336928428751,0.37043781690486655
60.0,0.5626111318680406,0.06698847703966468,0.3285191155538566,0.04188127553843815,0.3704003910922948
60.0,0.5626111318680406,0.06698847703966468,0.3285191155538566,0.04188127553843815,0.3704003910922948
61.00502512562814,0.6202392965814365,0.08256398230673184,0.24505313769271994,0.052143583419111794,0.2971967211118317
62.01005025125628,0.6309645059879675,0.10341716672997217,0.19845525403176675,0.06716307325029348,0.2656183272820602
63.015075376884425,0.6197619182483769,0.1268999290151421,0.16741154373283457,0.08592660900364636,0.2533381527364809
64.02010050251256,0.5980978131976755,0.15033038596681805,0.14434322712727063,0.10722857370823582,0.25157180083550645
65.0251256281407,0.5726670254610308,0.17135430384577965,0.12626996678181868,0.1297087039113708,0.25597867069318947
66.03015075376885,0.5476134274556521,0.18839126931531278,0.1118926439585693,0.15210265927046585,0.26399530322903514
67.03517587939699,0.5253210655984616,0.20076021078007153,0.1004954773278794,0.1734232462935875,0.2739187236214669
68.04020100502512,0.506919294904041,0.20851693346348366,0.09155199595041943,0.19301177568205616,0.2845637716324756
69.04522613065326,0.49270521320970645,0.212180319199819,0.08461202866238347,0.21050243892809115,0.2951144675904746
70.0502512562814,0.4824804547472691,0.21248192433479074,0.0792827860188917,0.2257548348990485,0.3050376209179402
71.05527638190955,0.47579169642649194,0.21019122622207972,0.07523010325887702,0.23878697409255123,0.31401707735142825
72.06030150753769,0.47208586745481584,0.20601582444628586,0.07217795415310603,0.24972035394579228,0.3218983080988983
73.06532663316582,0.4708015705809179,0.20055657781855163,0.06990347734890826,0.2587383742516221,0.3286418516005304
74.07035175879398,0.4714178402772145,0.19429664228853008,0.06822950163111335,0.26605601580314214,0.3342855174342555
75.07537688442211,0.4734764630168457,0.18760861108531826,0.06701658028775818,0.2718983456100779,0.3389149258978361
76.08040201005025,0.47658887815084056,0.1807696345606282,0.06615566704830621,0.27648582024022506,0.3426414872885312
77.08542713567839,0.480434592959581,0.17397872556751867,0.06556186809279292,0.2800248133801074,0.3455866814729003
78.09045226130652,0.484755295731458,0.16737327182228542,0.06516932251010767,0.2827021099361489,0.34787143244625657
79.09547738693468,0.48934712641766326,0.16104344773663246,0.06492709681693339,0.28468232902877083,0.3496094258457042
80.10050251256281,0.4940525063854562,0.15504414130796418,0.06479592978527,0.28610742252130955,0.35090335230657954
81.10552763819095,0.4987523037539876,0.1494044748608318,0.06474566745028537,0.28709755393489533,0.35184322138518065
82.1105527638191,0.5033587265794895,0.14413520631975277,0.06475324877068725,0.28775281833007027,0.3525060671007575
83.11557788944724,0.5078091184277801,0.13923436030954653,0.06480112503445612,0.28815539622821723,0.35295652126267335
84.12060301507537,0.5120606762250701,0.13469143704288467,0.06487602374497267,0.2883718629870725,0.35324788673204516
85.12562814070351,0.5160860527447073,0.13049050426545,0.06496798159903044,0.2884554613908123,0.35342344298984274
86.13065326633165,0.519869754846212,0.12661243101701247,0.065069589748628,0.2884482243881475,0.3535178141367755
87.1356783919598,0.5234052363804432,0.12303647271205691,0.06517540479563823,0.2883828861118617,0.3535582909074999
88.14070351758794,0.5266925789836377,0.119741371172106,0.06528149194364959,0.2882845579006067,0.3535660498442563
89.14572864321607,0.5297366721016513,0.11670610084580099,0.06538506362358838,0.2881721634289591,0.35355722705254755
90.15075376884423,0.5325457583210738,0.1139103576301942,0.06548421280824211,0.2880596712404899,0.353543884048732
91.15577889447236,0.53513035284505,0.11133485445823345,0.06557769358325861,0.287957099113458,0.3535347926967166
92.1608040201005,0.5375024477613156,0.10896148194428518,0.06566474323785015,0.28787132705654905,0.3535360702943992
93.16582914572864,0.539674780395519,0.10677340317217528,0.06574497929514067,0.28780683713716515,0.3535518164323058
94.17085427135677,0.5416604297133661,0.10475505474080374,0.06581828380105677,0.28776623174477345,0.35358451554583026
95.17587939698493,0.5434724467311934,0.10289212608682892,0.06588473077266487,0.28775069640931294,0.3536354271819778
96.18090452261306,0.5451236265393545,0.10117149786761162,0.06594453166909192,0.28776034392394195,0.3537048755930339
97.1859296482412,0.546626302375708,0.09958118463905145,0.0659979908333306,0.28779452215190987,0.3537925129852405
98.19095477386935,0.547992261090817,0.09811024992692306,0.0660454692777256,0.28785201970453433,0.3538974889822599
99.19597989949749,0.5492326457343467,0.09674873120245231,0.06608736604895864,0.28793125701424227,0.3540186230632009
100.20100502512562,0.5503579417395186,0.09548755693209479,0.06612409210661091,0.2880304092217758,0.3541545013283867
101.20603015075376,0.5513779390560088,0.09431847314491647,0.0661560639072339,0.2881475238918408,0.35430358779907467
102.2110552763819,0.5523017460849265,0.09323396934845579,0.06618368979787873,0.288280594768739,0.35446428456661777
103.21608040201005,0.553137807295533,0.09222720961228202,0.06620736345267401,0.28842761963951097,0.354634983092185
104.22110552763819,0.5538939144951709,0.09129197228680247,0.06622746191850308,0.2885866512995237,0.35481411321802675
105.22613065326632,0.5545772517247687,0.09042258925416946,0.06624433898984021,0.2887558200312215,0.35500015902106175
106.23115577889448,0.5551944172388863,0.08961389460539293,0.06625832693729164,0.28893336121842916,0.3551916881557208
107.23618090452261,0.5557514665496981,0.08886117621041789,0.06626973322006474,0.2891176240198191,0.35538735723988385
108.24120603015075,0.5562539388527786,0.08816013439816718,0.06627884226868543,0.2893070844803688,0.3555859267490542
109.24623115577889,0.5567068947473935,0.08750684063113967,0.06628591665941956,0.2895003479620472,0.35578626462146673
110.25125628140702,0.5571149613004043,0.08689770228693597,0.06629119390770405,0.28969614250495557,0.3559873364126596
111.25628140703517,0.5574823561266273,0.08632943048513586,0.0662948915781005,0.28989332181013616,0.35618821338823664
112.26130653266331,0.5578129222068557,0.085799011306975,0.06629720741887601,0.29009085906729315,0.3563880664861691
113.26633165829145,0.5581101541901807,0.08530368255097694,0.06629831974649451,0.29028784351234777,0.3565861632588423
114.2713567839196,0.5583772317690487,0.08484090775920562,0.06629838944291415,0.29048347102883143,0.3567818604717456
115.27638190954774,0.5586170446301577,0.08440835601141493,0.06629756126419735,0.2906770380942301,0.3569745993584275
116.28140703517587,0.5588322173880407,0.08400388334238268,0.0662959648514075,0.29086793441816916,0.35716389926957665
117.28643216080401,0.5590251319501919,0.08362551583291818,0.06629371623036913,0.29105563598652096,0.35734935221689007
118.29145728643215,0.5591979492101105,0.08327143436549234,0.06629091878524886,0.2912396976391483,0.35753061642439715
119.2964824120603,0.55935262891751,0.08293996082088365,0.06628766437082279,0.29141974589078357,0.3577074102616064
120.30150753768844,0.559490946040879,0.0826295459847332,0.06628403474711968,0.29159547322726814,0.35787950797438783
121.30653266331657,0.5596145097305674,0.08233875797694827,0.06628010197733261,0.2917666303151519,0.3580467322924845
122.31155778894473,0.5597247780913777,0.08206627232834333,0.0662759292881782,0.29193302029210083,0.35820894958027905
123.31658291457286,0.5598230692270639,0.08181086328499829,0.06627157266553928,0.2920944948223985,0.3583660674879378
124.321608040201,0.5599105735284988,0.08157139554987346,0.06626708182680321,0.2922509490948246,0.35851803092162776
125.32663316582914,0.5599883677557048,0.08134681651621409,0.06626250014967996,0.29240231557840096,0.35866481572808095
126.33165829145727,0.5600574318511442,0.08113614847677077,0.06625786379295318,0.29254855587913187,0.35880641967208504
127.33668341708542,0.560118656646127,0.08093848285492013,0.06625320268444503,0.29268965781450784,0.35894286049895285
128.34170854271355,0.5601728315388692,0.08075297772170116,0.06624854659005551,0.292825644149374,0.35907419073942953
129.3467336683417,0.5602206714320854,0.08057884987071229,0.06624392062494329,0.292956558072259,0.3592004786972023
130.35175879396985,0.5602628383635664,0.08041536809395396,0.06623934196471741,0.2930824515777622,0.35932179354247956
131.356783919598,0.5602999075177422,0.08026185508341026,0.06623483068966926,0.2932034067091783,0.35943823739884756
132.36180904522612,0.5603324152975026,0.08011767712603103,0.06623039938079782,0.2933195081956686,0.3595499075764664
133.36683417085425,0.5603608392573788,0.07998224450657974,0.06622605994373396,0.29343085629230764,0.3596569162360416
134.3718592964824,0.5603856103441734,0.07985500718563951,0.06622182203316598,0.2935375604370211,0.35975938247018713
135.37688442211055,0.5604071177048816,0.0797354516156136,0.06621769329253893,0.29363973738696586,0.3598574306795048
136.3819095477387,0.5604257108459043,0.07962309903756568,0.06621367970990018,0.29373751040662976,0.35995119011652993
137.38693467336682,0.5604417043726222,0.07951750203399927,0.06620978603966068,0.2938310075537179,0.3600407935933786
138.39195979899498,0.560455382492159,0.07941824226389088,0.06620601553663139,0.29392035970731867,0.36012637524395
139.3969849246231,0.5604670025479851,0.07932492850304694,0.06620236986935267,0.29400569907961527,0.3602080689489679
140.40201005025125,0.5604767953300709,0.07923719497799231,0.06619884997092872,0.294087159721008,0.36028600969193675
141.4070351758794,0.5604849654795725,0.07915469921635973,0.06619545695109616,0.2941648783529717,0.36036033530406786
142.41206030150752,0.5604916938514667,0.07907712381085136,0.06619219095768773,0.29423899137999426,0.360431182337682
143.41708542713567,0.5604971563561768,0.07900416571558645,0.06618904933472804,0.2943096285935088,0.36049867792823675
144.4221105527638,0.560501499428376,0.07893554522634878,0.06618603122888353,0.29437692411639177,0.3605629553452753
145.42713567839195,0.5605048561827303,0.07887099944279978,0.06618313500853647,0.2944410093659335,0.36062414437446993
146.4321608040201,0.5605073477202961,0.07881028180259084,0.06618035816473433,0.29450201231237866,0.360682370477113
147.43718592964825,0.5605090817894329,0.07875316147425424,0.06617769805280743,0.2945600586835053,0.36073775673631275
148.44221105527637,0.5605101549437962,0.07869942155424402,0.06617515187662554,0.2946152716253341,0.36079042350195956
149.4472361809045,0.5605106531489844,0.07864885886902552,0.06617271667767041,0.29466777130431976,0.36084048798199014
150.45226130653265,0.5605106542695485,0.07860128243482835,0.06617038912907817,0.2947176741665448,0.360888063295623
151.4572864321608,0.5605102278580664,0.07855651332951599,0.0661681657162371,0.2947650930961806,0.36093325881241767
152.46231155778895,0.5605094356190502,0.07851438356680365,0.06616604295907695,0.29481013785506915,0.36097618081414606
153.46733668341707,0.5605083308958789,0.07847473637712139,0.06616401757071103,0.2948529151562886,0.36101693272699964
154.47236180904522,0.5605069596224155,0.07843742382147334,0.06616208691780662,0.2948935296383045,0.36105561655611107
155.47738693467335,0.5605053596251406,0.07840230772714059,0.06616024893550525,0.29493208371221347,0.36109233264771873
156.4824120603015,0.5605035807794595,0.0783692558336309,0.06615849718194132,0.29496866620496826,0.3611271633869096
157.48743718592965,0.5605016541426581,0.07833814562937419,0.06615682898362031,0.29500337124434745,0.36116020022796774
158.49246231155777,0.5604996081170562,0.07830886216554055,0.06615524136358286,0.29503628835382034,0.3611915297174032
159.49748743718592,0.560497468478625,0.0782812990034915,0.06615373109945809,0.2950675014184255,0.36122123251788363
160.50251256281405,0.5604952585319746,0.07825535357587626,0.06615229497406838,0.2950970929180809,0.3612493878921492
161.5075376884422,0.5604929991370221,0.07823092847835164,0.06615092976385464,0.2951251426207716,0.3612760723846263
162.51256281407035,0.5604907074773542,0.07820793528227545,0.06614963246580784,0.2951517247745624,0.36130135724037027
163.5175879396985,0.5604883989541171,0.07818628885511861,0.06614840016168831,0.29517691202907603,0.3613253121907643
164.52261306532662,0.5604860865486875,0.07816591006917237,0.06614723004974847,0.29520077333239175,0.36134800338214024
165.52763819095475,0.5604837815690986,0.07814672432381425,0.06614611938461981,0.2952233747224672,0.361369494107087
166.5326633165829,0.5604814936798621,0.07812866150257038,0.06614506550692743,0.29524477931063997,0.3613898448175674
167.53768844221105,0.5604792313350074,0.07811165572916508,0.06614406577362113,0.29526504716220636,0.3614091129358275
168.5427135678392,0.5604770098665345,0.07809564383816733,0.06614311557335859,0.2952842307219397,0.36142734629529827
169.54773869346732,0.56047482371981,0.07808056879599481,0.06614221549702634,0.2953023919871689,0.3614446074841952
170.55276381909547,0.5604726822731602,0.07806637500799651,0.06614136208377185,0.2953195806350715,0.3614609427188433
171.5577889447236,0.5604705892207059,0.07805301067268247,0.06614055319558756,0.29533584691102405,0.36147640010661164
172.56281407035175,0.5604685481118177,0.07804042670240961,0.06613978660612715,0.29535123857964557,0.36149102518577275
173.5678391959799,0.5604665615338834,0.07802857989432865,0.06613906032501278,0.2953657982467751,0.36150485857178793
174.57286432160802,0.5604646316333108,0.07801742419686183,0.06613837226967598,0.2953795719001514,0.36151794416982735
175.57788944723617,0.560462759841561,0.07800691963343195,0.06613772056625529,0.2953925999587516,0.3615303205250069
176.5829145728643,0.5604609471896609,0.0779970284133763,0.06613710339593012,0.2954049210010327,0.3615420243969628
177.58793969849245,0.5604591943489485,0.07798771450929162,0.06613651899464966,0.29541657214711026,0.36155309114175993
178.5929648241206,0.5604575015991304,0.0779789441022743,0.06613596569087914,0.29542758860771623,0.3615635542985954
179.59798994974875,0.5604558690583897,0.07797068520131026,0.06613544185342436,0.2954380038868757,0.3615734457403001
180.60301507537687,0.560454296476942,0.07796290806754184,0.06613494593383562,0.2954478495216805,0.36158279545551614
181.608040201005,0.5604527797794409,0.07795558530905042,0.06613447737186903,0.2954571575396397,0.36159163491150875
182.61306532663315,0.5604513222817252,0.07794868955504261,0.06613403375109277,0.29546595441213946,0.36159998816323224
183.6180904522613,0.5604499214976187,0.07794219607975228,0.0661336141580844,0.2954742682645446,0.361607882422629
184.62311557788945,0.5604485771275444,0.07793608124699086,0.06613321714067093,0.29548212448479394,0.3616153416254649
185.62814070351757,0.5604472873988501,0.07793032302995527,0.06613284165872794,0.2954895479124668,0.36162238957119475
186.63316582914572,0.5604460509919048,0.0779249007407771,0.06613248659381568,0.2954965616735025,0.3616290482673182
187.63819095477385,0.5604448666137738,0.07791979545951881,0.0661321508991146,0.2955031870275928,0.3616353379267074
188.643216080402,0.5604437328592167,0.0779149870682034,0.06613183344203967,0.2955094466305403,0.36164128007257995
189.64824120603015,0.5604426483789978,0.0779104589714527,0.06613153327201803,0.29551535937753143,0.3616468926495494
190.65326633165827,0.5604416116978067,0.07790619484152958,0.06613124945986944,0.2955209440007942,0.36165219346066363
191.65829145728642,0.5604406207296705,0.0779021743522802,0.06613098085871999,0.2955262240593294,0.36165720491804937
192.66331658291455,0.5604396754434843,0.0778983975856928,0.06613072747571543,0.29553119949510753,0.361661926970823
193.6683417085427,0.5604387713071013,0.07789483590433745,0.0661304880179977,0.2955359047705635,0.3616663927885612
194.67336683417085,0.5604379056963211,0.07789148216126715,0.0661302624735455,0.2955403496688662,0.3616706121424117
195.67839195979897,0.5604370809520438,0.07788832377469031,0.06613004914624782,0.2955445461270181,0.36167459527326584
196.68341708542712,0.5604362969135809,0.07788534956012769,0.06612984705689406,0.2955485064693973,0.36167835352629135
197.68844221105527,0.5604355491549106,0.07788254891506548,0.06612965629942338,0.2955522456306006,0.361681901930024
198.6934673366834,0.5604348358068321,0.07787991183978468,0.06612947638204174,0.2955557759713415,0.36168525235338317
199.69849246231155,0.5604341562126047,0.07787742831387529,0.06612930649770193,0.295559108975818,0.36168841547351993
200.7035175879397,0.560433509947719,0.07787508699825417,0.06612914562660584,0.295562257427421,0.3616914030540268
201.70854271356782,0.5604328979514636,0.07787288637186343,0.06612899339345832,0.29556522228321486,0.3616942156766732
202.71356783919597,0.5604323137625958,0.07787081184944292,0.06612884989128764,0.29556802449667374,0.3616968743879614
203.7185929648241,0.5604317566673945,0.07786885841946169,0.06612871476847355,0.2955706701446703,0.36169938491314385
204.72361809045225,0.5604312277177065,0.0778670187863852,0.06612858700515854,0.2955731664907497,0.3617017534959082
205.7286432160804,0.5604307249644935,0.07786528665875328,0.06612846640336349,0.2955755219733897,0.3617039883767532
206.73366834170852,0.5604302470019055,0.07786365529850958,0.0661283525797828,0.2955777451198022,0.361706097699585
207.73869346733667,0.5604297927164146,0.0778621190083442,0.0661282451797238,0.2955798430955174,0.3617080882752412
208.7437185929648,0.5604293611703022,0.07786067225564806,0.06612814381706361,0.29558182275698613,0.3617099665740498
209.74874371859295,0.5604289515159251,0.07785930927189431,0.06612804804967487,0.2955836911625057,0.3617117392121806
210.7537688442211,0.560428563308407,0.07785802656552948,0.06612795758782843,0.29558545253823515,0.3617134101260636
211.75879396984922,0.5604281953526291,0.077856817958486,0.06612787201390567,0.29558711467497917,0.36171498668888485
212.76381909547737,0.5604278455272861,0.07785567981279601,0.06612779141419288,0.29558868324572496,0.36171647465991785
213.76884422110552,0.5604275134767291,0.07785460798369498,0.06612771538817017,0.2955901631514057,0.3617178785395759
214.77386934673365,0.5604271986593128,0.0778535988902371,0.06612764364142984,0.29559155880902044,0.36171920245045025
215.7788944723618,0.5604269003630261,0.07785264883741852,0.06612757590279868,0.2955928748967566,0.3617204507995553
216.78391959798995,0.5604266172752858,0.07785175379247078,0.06612751200499714,0.2955941169272464,0.3617216289322435
217.78894472361807,0.5604263483132309,0.07785091091713164,0.06612745185819074,0.2955952889114466,0.36172274076963734
218.79396984924622,0.5604260938363899,0.07785011713304607,0.0661273949967316,0.2955963940338323,0.3617237890305639
219.79899497487435,0.5604258525820145,0.07784936951352302,0.06612734135964818,0.29559743654481435,0.36172477790446256
220.8040201005025,0.5604256239258557,0.07784866483452395,0.06612729069132835,0.295598420548292,0.3617257112396203
221.80904522613065,0.5604254074883818,0.07784800152919771,0.06612724288424807,0.29559934809817245,0.3617265909824205
222.81407035175877,0.5604252025740055,0.07784737670665277,0.0661271977374941,0.2956002229818475,0.3617274207193416
223.81909547738692,0.5604250087317273,0.0778467884057227,0.06612715510695866,0.2956010477555914,0.36172820286255
224.82412060301505,0.5604248253304469,0.07784623447354745,0.06612711486634039,0.2956018253296652,0.3617289401960056
225.8291457286432,0.5604246500418123,0.07784571338360931,0.06612707737332595,0.2956025592012525,0.36172963657457846
226.83417085427135,0.5604244842374717,0.07784522259919607,0.06612704196794796,0.2956032511953843,0.3617302931633322
227.83919597989947,0.5604243275279848,0.07784476041817862,0.06612700851752021,0.2956039035363163,0.36173091205383656
228.84422110552762,0.5604241801315581,0.07784432505445532,0.06612697673286817,0.2956045180811184,0.36173149481398653
229.84924623115577,0.5604240407531853,0.07784391504343749,0.06612694672677519,0.295605097476602,0.3617320442033772
230.8542713567839,0.5604239088026174,0.07784352896600076,0.06612691844810846,0.2956056437832735,0.361732562231382
231.85929648241205,0.5604237838001657,0.07784316539281469,0.06612689181808395,0.2956061589889358,0.36173305080701973
232.8643216080402,0.5604236654263749,0.07784282302558022,0.06612686673526152,0.2956066448127834,0.36173351154804495
233.86934673366832,0.5604235535077525,0.0778425007638354,0.066126843087721,0.2956071026406912,0.36173394572841217
234.87437185929647,0.5604234475786802,0.07784219723770433,0.06612682080044638,0.2956075343831691,0.36173435518361546
235.8793969849246,0.5604233473871834,0.07784191144825466,0.0661267997932312,0.29560794137133084,0.36173474116456206
236.88442211055275,0.5604232526684467,0.07784164236448238,0.06612677998495549,0.2956083249821154,0.36173510496707084
237.8894472361809,0.5604231630951106,0.07784138884347899,0.06612676129570443,0.29560868676570606,0.3617354480614105
238.89447236180902,0.5604230784391367,0.07784115023748062,0.06612674368416824,0.2956090276392143,0.3617357713233826
239.89949748743717,0.5604229983952989,0.07784092542306119,0.06612672706743851,0.29560934911420134,0.36173607618163983
240.9045226130653,0.5604229227458893,0.07784071375951862,0.06612671140343479,0.29560965209115725,0.36173636349459204
241.90954773869345,0.5604228512341656,0.07784051439998826,0.06612669663289036,0.2956099377329557,0.3617366343658461
242.9145728643216,0.5604227836274717,0.07784032658538242,0.06612668270233299,0.295610207084813,0.36173688978714597
243.91959798994972,0.5604227197587152,0.07784014978633302,0.06612666957293875,0.2956104608820132,0.361737130454952
244.92462311557787,0.5604226593842707,0.0778399832198745,0.06612665719056046,0.29561070020529434,0.36173735739585483
245.92964824120602,0.5604226023105277,0.0778398262996494,0.06612664551483217,0.2956109258749909,0.36173757138982304
246.93467336683415,0.5604225483578859,0.07783967839663972,0.06612663449814879,0.29561113874732564,0.3617377732454744
247.9396984924623,0.560422497364136,0.07783953899058213,0.06612662410241571,0.29561133954286617,0.36173796364528193
248.94472361809045,0.5604224491849586,0.07783940769236808,0.06612661430152665,0.2956115288211466,0.3617381431226733
249.94974874371857,0.5604224036875145,0.07783928412652272,0.06612660506908039,0.29561170711688234,0.36173831218596275
250.95477386934672,0.5604223606613198,0.07783916758119418,0.06612659635505336,0.2956118754024326,0.36173847175748597
251.95979899497485,0.5604223200134438,0.07783905784506896,0.06612658814496783,0.29561203399651936,0.3617386221414872
252.964824120603,0.5604222816267308,0.07783895459949354,0.06612658041691613,0.29561218335685946,0.36173876377377556
253.96984924623115,0.5604222453809797,0.07783885743614295,0.06612657313892109,0.2956123240439563,0.36173889718287744
254.97487437185927,0.5604222111539531,0.07783876586659003,0.0661265662698912,0.29561245670956565,0.36173902297945687
255.97989949748742,0.5604221788582738,0.07783867967218333,0.06612655979454793,0.295612581674995,0.3617391414695429
256.98492462311555,0.5604221484052556,0.07783859856106828,0.0661265536891871,0.2956126993444891,0.3617392530336762
257.9899497487437,0.5604221196312499,0.07783852218621452,0.06612654794065081,0.2956128102418847,0.3617393581825355
258.99497487437185,0.5604220924424063,0.07783845028151525,0.06612654253027446,0.295612914745804,0.3617394572760784
260.0,0.5604220667480504,0.07783838259915109,0.06612653744127443,0.29561301321152406,0.36173955065279845
