Generation,xOC,xOB,xMMd,xMMr,total xMM
0.0,0.26666666666666666,0.4,0.26666666666666666,0.06666666666666667,0.3333333333333333
0.5042016806722689,0.4085890786166227,0.31790828171296287,0.21886329705026814,0.05463934262014627,0.2735026396704144
1.0084033613445378,0.4737462698961484,0.27589572265895385,0.20097019534720026,0.04938781209769757,0.25035800744489783
1.5126050420168067,0.5094106689837506,0.2494755287106581,0.19441613649976802,0.04669766580582327,0.2411138023055913
2.0168067226890756,0.5313515932755413,0.2304700867295451,0.19301916765958535,0.045159152335328225,0.23817831999491357
2.5210084033613445,0.5461519658801268,0.21548865435316278,0.19417470213523438,0.04418467763147597,0.23835937976671034
3.0252100840336134,0.5569241926835129,0.20294081613576323,0.19663562408364682,0.04349936709707703,0.24013499118072384
3.5294117647058822,0.565255825453945,0.19201695082339787,0.19976066821930746,0.04296655550334975,0.2427272237226572
4.033613445378151,0.5720000500903253,0.1822766187684569,0.2032070543483246,0.04251627679289323,0.24572333114121783
4.53781512605042,0.5776355891067989,0.17346396895775357,0.20678803648190305,0.04211240545354448,0.24890044193544755
5.042016806722689,0.5824429124633957,0.16541932318087277,0.21040132172855724,0.04173644262717443,0.25213776435573165
5.546218487394958,0.5865945988612253,0.15803500723651093,0.21399122907334292,0.041379164828920685,0.2553703939022636
6.050420168067227,0.5902030702382569,0.15123264927210692,0.21752806294318935,0.04103621754644665,0.258564280489636
6.554621848739496,0.5933463301571869,0.14495124704806656,0.2209966606837142,0.04070576211103245,0.26170242279474665
7.0588235294117645,0.5960820633030279,0.1391407575433623,0.2243899640657938,0.04038721508781577,0.26477717915360954
7.563025210084033,0.5984554699636697,0.13375856343423106,0.22770539015612068,0.04008057644597866,0.2677859666020993
8.067226890756302,0.6005036879462049,0.12876745723743796,0.2309427780229417,0.03978607679341549,0.27072885481635717
8.571428571428571,0.6022583416566025,0.12413443532035587,0.2341032258389129,0.039503997184128656,0.2736072230230416
9.07563025210084,0.6037470433182855,0.11982993397545964,0.2371884398470021,0.03923458285925272,0.2764230227062548
9.579831932773109,0.6049943172132467,0.11582730797657947,0.24020036874103698,0.03897800606913675,0.27917837481017377
10.084033613445378,0.606022187249783,0.11210245055160005,0.2431410068537329,0.03873435534488407,0.281875362198617
10.588235294117647,0.6068505786758649,0.10863349614640874,0.2460122879744912,0.03850363720323513,0.2845159251777264
11.092436974789916,0.6074976021314115,0.1054005778346449,0.24881603578592348,0.038285784248020135,0.28710182003394363
11.596638655462185,0.6079797710011755,0.10238562084150615,0.2515539428346472,0.03808066532267116,0.2896346081573184
12.100840336134453,0.6083121747230734,0.09957216291248777,0.25422756635976357,0.03788809600467516,0.2921156623644387
12.605042016806722,0.6085086243499588,0.09694519516138925,0.25683833223827984,0.03770784825037212,0.294546180488652
13.109243697478991,0.6085817749496754,0.09449102072034236,0.2593875451207371,0.03753965920924529,0.2969272043299824
13.61344537815126,0.6085432256942962,0.09219713155737376,0.2618764027080897,0.03738324004024023,0.29925964274832995
14.117647058823529,0.6084036272192156,0.09005209026181106,0.2643060016471888,0.03723828087178469,0.30154428251897347
14.621848739495798,0.6081727662638542,0.08804542931752955,0.2666773477463291,0.03710445667228728,0.3037818044186164
15.126050420168067,0.6078596297444335,0.08616756158205151,0.2689913757193053,0.03698143295420958,0.3059728086735149
15.630252100840336,0.6074724770744825,0.08440969641172678,0.271248957399737,0.036868869114053834,0.3081178265137908
16.134453781512605,0.6070189098219717,0.08276376458646087,0.2734509043024797,0.036766421289087685,0.3102173255915674
16.63865546218487,0.6065059239635064,0.08122235113116597,0.2755979799896028,0.03667374491572488,0.3122717249053276
17.142857142857142,0.605939954795089,0.07977863630254256,0.27769091144577623,0.036590497456592194,0.31428140890236844
17.647058823529413,0.6053269302138929,0.0784263398815824,0.2797303903776294,0.03651633952689529,0.31624672990452474
18.15126050420168,0.6046723082626819,0.0771596725884524,0.28171708267417217,0.03645093647469351,0.3181680191488657
18.655462184873947,0.6039811166662149,0.07597329146000056,0.28365163260243964,0.03639395927134499,0.3200455918737847
19.159663865546218,0.6032579861872471,0.07486226017008578,0.285534668141918,0.03634508550074903,0.3218797536426671
19.66386554621849,0.6025071823369798,0.07382201273173367,0.2873668050569168,0.036303999874369726,0.3236708049312866
20.168067226890756,0.6017326339786154,0.07284832086503014,0.2891486504610505,0.036270394695303874,0.32541904515635434
20.672268907563023,0.6009379584589098,0.07193726442870754,0.2908808070212485,0.036243970091134024,0.3271247771123826
21.176470588235293,0.6001264860954189,0.07108520444565841,0.292563875418553,0.03622443404036965,0.3287883094589227
21.680672268907564,0.5993012827720089,0.07028876019697279,0.2941984535429396,0.03621150348807864,0.3304099570310182
22.18487394957983,0.5984651679379482,0.06954478527844785,0.29578514398780337,0.03620490279580065,0.331990046783604
22.6890756302521,0.597620732451396,0.06885034921091124,0.2973245535302492,0.03620436480744344,0.3335289183376927
23.19327731092437,0.5967703556407784,0.06820271905660398,0.29881729478496577,0.03620963051765183,0.33502692530261763
23.69747899159664,0.595916223091187,0.06759934263333736,0.3002639855407932,0.03622044873468255,0.33648443427547575
24.201680672268907,0.5950603385847337,0.06703783391000662,0.30166525144954276,0.036236576055716826,0.33790182750525954
24.705882352941174,0.5942045363691962,0.06651595973846104,0.3030217269790753,0.03625777691326741,0.3392795038923427
25.210084033613445,0.5933504929012045,0.06603162733566403,0.3043340565528594,0.0362838232102723,0.3406178797631317
25.714285714285715,0.5924997404919392,0.06558287283401441,0.30560289269136387,0.03631449398268249,0.34191738667404636
26.218487394957982,0.5916536757633939,0.0651678513157339,0.306828897548347,0.036349575372525166,0.34317847292087217
26.72268907563025,0.5908135688304313,0.06478482752609016,0.308012743229538,0.03638886041394039,0.3444016036434784
27.22689075630252,0.5899805730574066,0.06443216724273378,0.30915511096308296,0.036432148736776665,0.34558725969985965
27.73109243697479,0.589155732153809,0.06410832967792135,0.31025669168721803,0.036479246481051615,0.34673593816826964
28.235294117647058,0.5883399885001644,0.06381186027904821,0.31131818525375105,0.03652996596703617,0.3478481512207872
28.739495798319325,0.5875341899149392,0.06354138431016883,0.31234030024626985,0.03658412552862205,0.34892442577489186
29.243697478991596,0.5867390963161433,0.06329560092795435,0.31332375344214697,0.03664154931375529,0.34996530275590226
29.747899159663866,0.5859553857097626,0.06307327779679824,0.3142692694087691,0.03670206708467006,0.35097133649343915
30.252100840336134,0.585183660045733,0.06287324612248517,0.31517757980545946,0.03676551402632251,0.35194309383178196
30.7563025210084,0.5844244503067983,0.0626943961707561,0.3160494229584673,0.03683173056397819,0.3528811535224455
31.26050420168067,0.5836782218421503,0.06253567307144618,0.3168855429141381,0.03690056217226529,0.3537861050864034
31.764705882352942,0.5829453787739589,0.06239607306729379,0.3176866889435368,0.036971859215210456,0.35465854815874726
32.26890756302521,0.5822262684391374,0.0622746400265773,0.31845361475555584,0.0370454767787295,0.3554990915342853
32.773109243697476,0.581521185330769,0.06217046229695694,0.3191870778573504,0.03712127451492366,0.35630835237227404
33.27731092436974,0.5808303752762901,0.06208266972947034,0.31988783852150404,0.03719911647273547,0.3570869549942395
33.78151260504202,0.5801540387763701,0.06201043104587568,0.32055665920875986,0.03727887096899438,0.35783553017775427
34.285714285714285,0.5794923343268877,0.06195295139701374,0.3211943038229212,0.03736041045317748,0.35855471427609864
34.78991596638655,0.5788453816886725,0.06190947009673315,0.3218015368465442,0.037443611368050106,0.35924514821459436
35.294117647058826,0.5782132647037826,0.061879258615903286,0.3223791226524675,0.037528354027846635,0.3599074766803141
35.79831932773109,0.5775960344264933,0.06186161860931762,0.322927824483946,0.037614522480243225,0.3605423469641892
36.30252100840336,0.5769937113333867,0.061855880255300706,0.32344840399200225,0.03770200441931032,0.3611504084113126
36.80672268907563,0.5764062878193374,0.061861400657798826,0.3239416204491059,0.03779069107375777,0.3617323115228636
37.310924369747895,0.5758337307000964,0.061877562335727,0.32440822987665674,0.037880477087519814,0.36228870696417653
37.81512605042017,0.5752759829181482,0.06190377204023887,0.32484898458797445,0.03797126045363832,0.3628202450416128
38.319327731092436,0.5747329662272577,0.06193945933585071,0.32526463206391587,0.03806294237297588,0.3633275744368918
38.8235294117647,0.5742045826696963,0.06198407556188676,0.32565591457276916,0.03815542719564779,0.36381134176841695
39.32773109243698,0.5736907161113506,0.06203709283084967,0.32602356870137505,0.038248622356424795,0.3642721910577999
39.831932773109244,0.5731912341962375,0.06209800303374722,0.32636832450011743,0.03834243826989785,0.3647107627700153
40.33613445378151,0.5727059898957366,0.06216631693198966,0.32669090492033903,0.03843678825193476,0.3651276931722738
40.84033613445378,0.5722348225636699,0.06224156356409328,0.3269920253811796,0.038531588491057166,0.3655236138722368
41.344537815126046,0.5717775600022065,0.06232328922270865,0.3272723928648063,0.038626757910278704,0.36589915077508506
41.84873949579832,0.5713340193703339,0.06241105684782941,0.32753270565349446,0.03872221812834221,0.3662549237818366
42.35294117647059,0.5709040079783003,0.06250444550100458,0.3277736530858344,0.038817893434860765,0.3665915465206952
42.857142857142854,0.5704873244830958,0.06260304979273905,0.3279959149969561,0.03891371072720905,0.3669096257241651
43.36134453781513,0.5700837603306718,0.0627064791972217,0.3282001610647212,0.03900959940738523,0.36720976047210646
43.865546218487395,0.5696931004395284,0.06281435760754775,0.32838705060195306,0.039105491350970946,0.367492541952924
44.36974789915966,0.5693151239648919,0.0629263230448043,0.32855723210371174,0.03920132088659197,0.3677585529903037
44.87394957983193,0.5689496054949255,0.06304202703250929,0.32871134277306047,0.03929702469950483,0.36800836747256527
45.3781512605042,0.568596315775903,0.06316113401859137,0.32885000845327966,0.039392541752225896,0.36824255020550556
45.88235294117647,0.5682550217390279,0.06328332151377278,0.32897384338210645,0.03948781336509279,0.3684616567471993
46.38655462184874,0.5679254874096021,0.06340827935835901,0.32908345013576407,0.039582783096274894,0.36866623323203895
46.890756302521005,0.5676074748965036,0.06353570935217173,0.3291794190871433,0.03967739666418139,0.36885681575132473
47.39495798319328,0.567300744666294,0.06366532523000326,0.32926232812786715,0.03977160197583569,0.36903393010370283
47.89915966386555,0.5670050563494213,0.06379685202294824,0.3293327426195876,0.03986534900804296,0.36919809162763056
48.403361344537814,0.5667201688009883,0.06393002615717677,0.32939121518029674,0.03995858986153819,0.36934980504183496
48.90756302521008,0.5664458408658029,0.06406459481703523,0.3294382856781718,0.04005127863899024,0.369489564317162
49.41176470588235,0.5661818315295553,0.06420031571831004,0.3294744813289719,0.04014337142316271,0.3696178527521346
49.91596638655462,0.5659279001991808,0.06433695731287654,0.32950031615173,0.04023482633621272,0.3697351424879427
50.42016806722689,0.5656838072477784,0.06447429773446434,0.3295162916865334,0.040325603331223876,0.3698418950177573
50.924369747899156,0.5654493141082861,0.0646121255755107,0.3295228959471972,0.04041566436900595,0.36993856031620315
51.42857142857143,0.5652241839708555,0.06475023850594532,0.3295206043939247,0.040504973129274466,0.3700255775231992
51.9327731092437,0.5650081816584497,0.06488844428348758,0.32950987881340094,0.040593495244661874,0.3701033740580628
52.436974789915965,0.5648010740404719,0.06502655934488903,0.3294911685978193,0.04068119801681995,0.37017236661463926
52.94117647058823,0.5646026301850406,0.06516440939955426,0.329464909866495,0.04076805054891009,0.37023296041540515
53.4453781512605,0.5644126212793908,0.06530182895205841,0.3294315260958139,0.0408540236727368,0.3702855497685507
53.94957983193277,0.5642308211768833,0.06543866063347581,0.32939142838911895,0.04093908980052197,0.3703305181896409
54.45378151260504,0.5640570060704841,0.06557475612620142,0.3293450146571159,0.041023223146198516,0.3703682378033144
54.95798319327731,0.5638909550486804,0.06570997498506398,0.32929267049492655,0.04110639947132924,0.37039906996625577
55.46218487394958,0.5637324503692868,0.0658441847612079,0.32923476875864705,0.0411885961108584,0.3704233648695054
55.96638655462185,0.5635812775225713,0.06597726065928756,0.3291716699069539,0.041269791911187216,0.37044146181814114
56.470588235294116,0.563437225075721,0.0661090854906079,0.3291037221896512,0.0413499672440198,0.3704536894336711
56.97478991596638,0.5633000848857045,0.06623954931297042,0.32903126187015047,0.04142910393117474,0.3704603658013252
57.47899159663865,0.5631696515498723,0.06636854956926279,0.3289546135619866,0.0415071853188784,0.370461798880865
57.983193277310924,0.5630457224307357,0.0664959904774718,0.3288740909312022,0.041584196160590246,0.3704582870917924
58.48739495798319,0.5629280987383071,0.0666217830825068,0.3287899956050476,0.04166012257413853,0.37045011817918616
58.99159663865546,0.5628165859789543,0.066745844819545,0.32870261726828065,0.04173495193322002,0.3704375692015007
59.49579831932773,0.5627109932242222,0.06686809945392566,0.32861223441439547,0.04180867290745658,0.370420907321852
60.0,0.5626111318681839,0.06698847703964247,0.3285191155536842,0.04188127553848943,0.3704003910921736
60.0,0.5626111318681839,0.06698847703964247,0.3285191155536842,0.04188127553848943,0.3704003910921736
61.111111111111114,0.5828967060021858,0.07255125995831596,0.29904299936770895,0.04550903467178945,0.34455203403949836
62.22222222222222,0.5911435303635395,0.08000350826075527,0.27821102568581396,0.05064193568989118,0.32885296137570513
63.333333333333336,0.5943296000070554,0.08836972129104584,0.26057548452092705,0.056725194180971744,0.31730067870189876
64.44444444444444,0.5949497769559458,0.09715880920298174,0.24436411414565656,0.06352729969541587,0.30789141384107244
65.55555555555556,0.5939802686053376,0.10605913176142108,0.2290273188670945,0.07093328076614687,0.29996059963324134
66.66666666666667,0.5918556797482298,0.11483371120618177,0.21444043174479746,0.07887017730079096,0.2933106090455885
67.77777777777777,0.5888226529390578,0.12328252235618407,0.20061829320512226,0.08727653149963593,0.2878948247047582
68.88888888888889,0.5850687377210232,0.13123152538077004,0.18760984297920472,0.0960898939190021,0.2836997368982069
70.0,0.5807655927656447,0.13853243072561616,0.17545947003988574,0.10524250646885348,0.28070197650873924
70.0,0.5807655927656447,0.13853243072561616,0.17545947003988574,0.10524250646885348,0.28070197650873924
71.11111111111111,0.5647049671250103,0.13287351360957628,0.19827370281148496,0.10414781645392839,0.30242151926541333
72.22222222222223,0.5668669328174423,0.12340349297793836,0.21075671621656264,0.09897285798805662,0.3097295742046193
73.33333333333333,0.5728199569415574,0.11419750976294972,0.219698669419127,0.09328386387636567,0.31298253329549264
74.44444444444444,0.5786470586011851,0.10611438348597467,0.22725698309235629,0.08798157482048378,0.31523855791284006
75.55555555555556,0.5834899260469351,0.09918648490000237,0.2340916083885284,0.08323198066453413,0.3173235890530625
76.66666666666667,0.5872854441084666,0.09327365039770814,0.24042203226390002,0.0790188732299253,0.3194409054938253
77.77777777777777,0.5901548731058672,0.08822114355895644,0.246337168784716,0.07528681455046025,0.3216239833351762
78.88888888888889,0.5922451052636722,0.08389325748892211,0.25188448804105157,0.07197714920635401,0.3238616372474056
80.0,0.5936901397161539,0.08017710018404624,0.25709621382664166,0.06903654627315825,0.3261327600997999
80.0,0.5936901397161539,0.08017710018404624,0.25709621382664166,0.06903654627315825,0.3261327600997999
81.11111111111111,0.6137235510822612,0.08370849621135894,0.23002624244521475,0.07254171026116528,0.30256795270638004
82.22222222222223,0.6186076663390526,0.08986817306381215,0.21269626292737132,0.07882789766976395,0.29152416059713526
83.33333333333333,0.6176625345191192,0.09697193718734824,0.19889617217717187,0.08646935611636067,0.28536552829353257
84.44444444444444,0.6141273939774083,0.10430054513625181,0.18667437199322895,0.09489768889311088,0.2815720608863398
85.55555555555556,0.6092774186221133,0.11148078977250701,0.17540039444799618,0.10384139715738352,0.2792417916053797
86.66666666666667,0.6036852034173673,0.11828655763740076,0.16488468494888023,0.11314355399635165,0.2780282389452319
87.77777777777777,0.5976621095114867,0.12456496708023436,0.15508064349713263,0.12269227991114633,0.2777729234082789
88.88888888888889,0.591417835429318,0.13020828226858136,0.14598036459684494,0.13239351770525568,0.2783738823021006
90.0,0.5851164442396057,0.13514336036565391,0.13757896619258778,0.1421612292021526,0.2797401953947404
90.0,0.5851164442396057,0.13514336036565391,0.13757896619258778,0.1421612292021526,0.2797401953947404
91.11111111111111,0.5721210190231439,0.1268675010317851,0.1639815978369631,0.13702988210810776,0.3010114799450709
92.22222222222223,0.5791688896924762,0.1149009382514534,0.17974137875582372,0.12618879330024682,0.30593017205607054
93.33333333333333,0.5889134770412752,0.10395939324609017,0.19166028569753185,0.11546684401510278,0.3071271297126346
94.44444444444444,0.5972576406165435,0.09477969086386608,0.20191638323684896,0.10604628528274136,0.3079626685195903
95.55555555555556,0.6036162380302266,0.08720989609797987,0.2111952316029651,0.09797863426882852,0.3091738658717936
96.66666666666667,0.6081928677703075,0.08096906301425036,0.2197469426165352,0.09109112659890682,0.31083806921544205
97.77777777777777,0.6113128919267863,0.07580391437526073,0.2276895400775492,0.08519365362040388,0.3128831936979531
98.88888888888889,0.6132733364734957,0.07151052840619493,0.2350953420187087,0.0801207931016007,0.3152161351203094
100.0,0.6143182584389797,0.06792870438594328,0.24201692014301654,0.07573611703206053,0.3177530371750771
100.0,0.6143182584389797,0.06792870438594328,0.24201692014301654,0.07573611703206053,0.3177530371750771
101.11111111111111,0.6342557660583903,0.07080369524060737,0.21618993391237218,0.07875060478863025,0.2949405387010024
102.22222222222223,0.6384815745289469,0.07620317276843476,0.20032107264444074,0.08499418005817748,0.2853152527026182
103.33333333333333,0.6367033638598918,0.0825798239836883,0.18797269342199932,0.0927441187344206,0.2807168121564199
104.44444444444444,0.632275385779102,0.08928120885661217,0.17711724613929156,0.10132615922499429,0.27844340536428586
105.55555555555556,0.6265166893335932,0.0959681152691166,0.16709089723119172,0.11042429816609858,0.2775151953972903
106.66666666666667,0.6200159847268336,0.10243147106685091,0.15769113987644814,0.11986140432986732,0.2775525442063154
107.77777777777777,0.6130891152605842,0.10852480859793583,0.1488699552564798,0.12951612088500025,0.2783860761414801
108.88888888888889,0.6059463180054155,0.11413887157482333,0.14062474050072576,0.13929006991903525,0.279914810419761
110.0,0.5987519149631287,0.11919263081236683,0.1329597956682351,0.1490956585562693,0.28205545422450445
110.0,0.5987519149631287,0.11919263081236683,0.1329597956682351,0.1490956585562693,0.28205545422450445
111.11111111111111,0.5845839283825722,0.11225382344355136,0.16021510911990994,0.14294713905396636,0.30316224817387627
112.22222222222223,0.590948166771338,0.10177279604109746,0.17652420989791753,0.13075482728964696,0.3072790371875645
113.33333333333333,0.6000695377676356,0.0921765415734008,0.18885395474960895,0.11889996590935467,0.3077539206589636
114.44444444444444,0.6077650344470524,0.08416136504188902,0.19946217038675174,0.10861143012430695,0.3080736005110587
115.55555555555556,0.613458009760735,0.07758997654129858,0.20906220091921993,0.09988981277874645,0.30895201369796643
116.66666666666667,0.6173721805714653,0.07220557180048223,0.21791386602283755,0.0925083816052149,0.3104222476280525
117.77777777777777,0.6198482262199629,0.06777790997282673,0.22613885945981768,0.08623500434739273,0.31237386380721044
118.88888888888889,0.6211925310453419,0.06412287077963308,0.2338110523843272,0.08087354579069791,0.3146845981750251
120.0,0.6216540709479769,0.06109675411315595,0.24098377860884623,0.0762653963300209,0.3172491749388671
120.0,0.6216540709479769,0.06109675411315595,0.24098377860884623,0.0762653963300209,0.3172491749388671
121.11111111111111,0.6414952413899991,0.06391400313963039,0.21543897848928828,0.0791517769810822,0.2945907554703705
122.22222222222223,0.6457065910803401,0.06909217206781941,0.19988453852935611,0.08531669832248438,0.28520123685184046
123.33333333333333,0.6439104317423648,0.07523679167071771,0.18784080653142232,0.09301197005549522,0.28085277658691754
124.44444444444444,0.6394345567659897,0.08175477393688577,0.17725648538137875,0.1015541839157458,0.27881066929712456
125.55555555555556,0.633588673154643,0.08833187111570937,0.16745595387716705,0.11062350185248054,0.2780794557296476
126.66666666666667,0.6269571050208909,0.09476854238207529,0.1582331790401168,0.120041173556917,0.2782743525970338
127.77777777777777,0.6198536060722429,0.10091953082318846,0.14954172861335702,0.12968513449121166,0.2792268631045687
128.88888888888889,0.612488510608454,0.10667148600314041,0.14138345758289483,0.13945654580551084,0.28084000338840565
130.0,0.6050285944748717,0.11193558827396514,0.13376854582177605,0.14926727142938703,0.28303581725116306
130.0,0.6050285944748717,0.11193558827396514,0.13376854582177605,0.14926727142938703,0.28303581725116306
131.11111111111111,0.589946118576946,0.10583249367011742,0.1611644965591565,0.14305689119377998,0.3042213877529365
132.22222222222223,0.5954686258716984,0.09625831135411421,0.17748649555299875,0.13078656722118862,0.30827306277418737
133.33333333333334,0.6039116278440233,0.08743429067172749,0.18978324169292113,0.11887083979132816,0.3086540814842493
134.44444444444446,0.6110567404871443,0.08004947815072405,0.20035046566254527,0.10854331569958624,0.3088937813621315
135.55555555555554,0.6162958038687977,0.07399161035483556,0.20991327122039205,0.09979931455597464,0.30971258577636673
136.66666666666666,0.6198311206972366,0.06902862301830251,0.21873385809211227,0.09240639819234855,0.31114025628446085
137.77777777777777,0.621988180733609,0.0649500700945521,0.22693347252327178,0.08612827664856725,0.313061749171839
138.88888888888889,0.6230619701850604,0.06158704829144797,0.23458488147903853,0.08076610004445302,0.31535098152349156
140.0,0.6232926216157285,0.05880750569280583,0.24174031598739512,0.07615955670407028,0.3178998726914654
140.0,0.6232926216157285,0.05880750569280583,0.24174031598739512,0.07615955670407028,0.3178998726914654
141.11111111111111,0.6431023495707294,0.06164484386894272,0.21622459314857545,0.07902821341175244,0.2952528065603279
142.22222222222223,0.6473631368410651,0.06677489310782364,0.2006974108851406,0.08516455916597074,0.2858619700511113
143.33333333333334,0.6456285424643333,0.07286369963351187,0.18867767139220828,0.09283008650994652,0.2815077579021548
144.44444444444446,0.6412054606780688,0.07934087333633395,0.17810897961103056,0.10134468637456663,0.2794536659855972
145.55555555555554,0.6353958063065714,0.08590143528986215,0.16831280880378585,0.11038994959978067,0.2787027584035665
146.66666666666666,0.6287804879402894,0.09234921165460867,0.15908242062418396,0.11978787978091815,0.27887030040510213
147.77777777777777,0.6216718136652669,0.09853920930100843,0.1503721322156942,0.1294168448180304,0.2797889770337246
148.88888888888889,0.6142800037183743,0.10435642573505453,0.14218536261304374,0.1391782079335275,0.28136357054657124
150.0,0.6067728443609525,0.1097090981080602,0.13453423293816763,0.1489838245928198,0.28351805753098747
150.0,0.6067728443609525,0.1097090981080602,0.13453423293816763,0.1489838245928198,0.28351805753098747
151.11111111111111,0.5913680248588026,0.1038991126255488,0.16192692465384007,0.1428059378618085,0.3047328625156486
152.22222222222223,0.596561922825147,0.09464164189524527,0.1782108218287247,0.13058561345088307,0.30879643527960776
153.33333333333334,0.6047461014983208,0.08608203798816877,0.19045918177029453,0.11871267874321596,0.3091718605135105
154.44444444444446,0.6116930612122116,0.07890851193685836,0.20097870844889734,0.1084197184020328,0.30939842685093016
155.55555555555554,0.6167795057432641,0.07301932388358298,0.21049771982012302,0.09970345055302984,0.31020117037315287
156.66666666666666,0.620196282440872,0.06819219001369992,0.21927879345525794,0.0923327340901701,0.31161152754542804
157.77777777777777,0.6222606810497499,0.0642242348242929,0.2274427372232961,0.08607234690266112,0.31351508412595724
158.88888888888889,0.6232617139974617,0.06095222775090659,0.23506174007490552,0.08072431817672625,0.3157860582516318
160.0,0.6234350702304547,0.058248364571715346,0.24218751051171256,0.07612905468611736,0.3183165651978299
160.0,0.6234350702304547,0.058248364571715346,0.24218751051171256,0.07612905468611736,0.3183165651978299
161.11111111111111,0.6432397851307123,0.06110174659076432,0.216659742323507,0.07899872595501631,0.2956584682785233
162.22222222222223,0.647524805550284,0.06622853843526816,0.20111760072547474,0.08512905528897304,0.28624665601444776
163.33333333333334,0.6458196435771643,0.07231142689282219,0.18908238187859872,0.09278654765141485,0.2818689295300135
164.44444444444446,0.6414239661079583,0.07878602932884439,0.1784972060940413,0.10129279846915593,0.27979000456319725
165.55555555555554,0.635636998354423,0.08534969101401951,0.16868317327907292,0.11033013735248448,0.27901331063155743
166.66666666666666,0.6290385464985309,0.0918069792139336,0.15943352703776248,0.1197209472497731,0.2791544742875356
167.77777777777777,0.6219405301746391,0.09801283894685657,0.15070281713092618,0.12934381374757817,0.28004663087850434
168.88888888888889,0.6145532094035168,0.10385173665681376,0.142494829122333,0.13910022481733647,0.28159505393966944
170.0,0.607044723492206,0.10923108337219067,0.13482210067541325,0.14890209246019018,0.28372419313560343
170.0,0.607044723492206,0.10923108337219067,0.13482210067541325,0.14890209246019018,0.28372419313560343
171.11111111111111,0.5915672905722298,0.10349438517346372,0.16220131175810593,0.14273701249620072,0.3049383242543066
172.22222222222223,0.5966805314305359,0.09431536453271672,0.17846623717384544,0.1305378668629019,0.3090041040367473
173.33333333333334,0.6048026669882397,0.08582001844965871,0.19069474254595964,0.11868257201614196,0.3093773145621016
174.44444444444446,0.6117048497829837,0.07869676471522909,0.2011954092237926,0.10840297627799461,0.3095983855017872
175.55555555555554,0.6167594398395874,0.07284687298586492,0.21069704247240018,0.0996966447021476,0.3103936871745478
176.66666666666666,0.6201537962149765,0.06805074166130819,0.21946219344548681,0.09233326867822855,0.31179546212371534
177.77777777777777,0.6222026957616367,0.064107522285726,0.227611508165583,0.0860782737870542,0.3136897819526372
178.88888888888889,0.6231933450284034,0.060855473461278294,0.2352170055439298,0.08073417596638845,0.31595118151031826
180.0,0.6233601186057837,0.05816788609637863,0.24233024947878898,0.0761417458190488,0.31847199529783776
180.0,0.6233601186057837,0.05816788609637863,0.24233024947878898,0.0761417458190488,0.31847199529783776
181.11111111111111,0.6431654487920113,0.061027598010720635,0.21679395475458849,0.07901299844267949,0.29580695319726796
182.22222222222223,0.6474574533565836,0.06615712737114426,0.2012422288287537,0.08514319044351847,0.2863854192722722
183.33333333333334,0.6457604980990809,0.07224210470388193,0.18919752772865345,0.0927998694683838,0.28199739719703726
184.44444444444446,0.6413727338321721,0.07871912688738045,0.17860316777849974,0.10130497150194775,0.2799081392804475
185.55555555555554,0.6355928364830054,0.0852858665337689,0.16878032084345476,0.11034097613977104,0.2791212969832258
186.66666666666666,0.6290004209954776,0.09174695186347033,0.15952228064223561,0.1197303464988164,0.27925262714105203
187.77777777777777,0.6219073768610439,0.09795726622255442,0.150783638146455,0.1293517187699467,0.28013535691640173
188.88888888888889,0.6145240164635555,0.10380115420993369,0.14256821154300856,0.13910661778350222,0.2816748293265108
190.0,0.607018577112318,0.10918587665007339,0.1348885612258373,0.14890698501177127,0.28379554623760855
190.0,0.607018577112318,0.10918587665007339,0.1348885612258373,0.14890698501177127,0.28379554623760855
191.11111111111111,0.5915352850436649,0.10345989574080856,0.16226182345107995,0.14274299576444657,0.3050048192155265
192.22222222222223,0.5966397013060437,0.094292083903671,0.17852126339883076,0.13054695139145442,0.3090682147902852
193.33333333333334,0.6047556454512449,0.08580552711295515,0.19074476426424433,0.11869406317155544,0.3094388274357998
194.44444444444446,0.611654395399248,0.07868879929055614,0.20124082403877935,0.10841598127141637,0.3096568053101957
195.55555555555554,0.6167075989143989,0.07284372675004512,0.21073819386220854,0.0997104804733475,0.310448674335556
196.66666666666666,0.620101986307045,0.0680511745966198,0.21949938018364268,0.09234745891269247,0.31184683909633515
197.77777777777777,0.622151877380067,0.06411063348611866,0.22764499307083486,0.08609249606297963,0.3137374891338145
198.88888888888889,0.6231441573332814,0.06086060241112166,0.2352470239954292,0.08074821626016761,0.31599524025559683
200.0,0.62331297530554,0.058174542977156116,0.2423570163567773,0.07615546536052639,0.3185124817173037
200.0,0.62331297530554,0.058174542977156116,0.2423570163567773,0.07615546536052639,0.3185124817173037
201.11111111111111,0.6431191008269229,0.061035900376508384,0.2168177579827645,0.07902724081380429,0.2958449987965688
202.22222222222223,0.64741224339558,0.06616694923018429,0.20126285852911766,0.08515794884511818,0.28642080737423586
203.33333333333334,0.6457165073398686,0.07225334786429827,0.18921509214345558,0.09281505265237759,0.28203014479583316
204.44444444444446,0.6413299805498359,0.07873166482558691,0.17861790531019717,0.10132044931437995,0.2799383546245771
205.55555555555554,0.6355513247524969,0.08529953785180962,0.16879253385529358,0.1103566035404,0.2791491373956936
206.66666666666666,0.628960167394848,0.09176156440294117,0.1595322943693175,0.11974597383289338,0.2792782682022109
207.77777777777777,0.6218684225413434,0.09797260544663973,0.150791774722636,0.12936719728938084,0.28015897201201684
208.88888888888889,0.6144864276506428,0.10381699379180762,0.1425747744657575,0.1391218040917921,0.2816965785575496
210.0,0.606982438388107,0.10920198971018776,0.13489382660773017,0.14892174529397523,0.28381557190170537
210.0,0.606982438388107,0.10920198971018776,0.13489382660773017,0.14892174529397523,0.28381557190170537
211.11111111111111,0.5915027986112018,0.10347512036253581,0.16226553220918996,0.14275654881707234,0.30502208102626227
212.22222222222223,0.5966102445684941,0.0943062571186884,0.17852411129049053,0.13055938702232706,0.3090834983128176
213.33333333333334,0.6047288125451503,0.08581867701618104,0.19074704904672485,0.11870546139194363,0.3094525104386685
214.44444444444446,0.6116299480997386,0.07870099964769872,0.20124263969390302,0.1084264125586597,0.30966905225256275
215.55555555555554,0.6166853483208588,0.0728550639316225,0.2107395667329698,0.099720021014549,0.3104595877475188
216.66666666666666,0.6200817579351883,0.0680617349242481,0.21950031867506464,0.092356188465499,0.3118565071405636
217.77777777777777,0.6221335054610447,0.06412049767112717,0.22764550365001987,0.0861004932178084,0.3137459968678283
218.88888888888889,0.6231274857473557,0.06086984331341056,0.23524711583278549,0.08075555510644834,0.31600267093923384
220.0,0.6232978589220901,0.058183225045555044,0.24235670225470585,0.07616221377764903,0.3185189160323549
220.0,0.6232978589220901,0.058183225045555044,0.24235670225470585,0.07616221377764903,0.3185189160323549
221.11111111111111,0.6431043221881194,0.061044809922946086,0.2168168137927108,0.07903405409622363,0.29585086788893444
222.22222222222223,0.6473973853895801,0.06617630058168213,0.20126128684026715,0.08516502718847065,0.2864263140287378
223.33333333333334,0.6457014911941272,0.07226314374412042,0.1892129380355105,0.09282242702624205,0.2820353650617526
224.44444444444446,0.6413148339501784,0.07874182160223551,0.1786152558326857,0.10132808861490036,0.27994334444758606
225.55555555555554,0.6355361184541659,0.08530993225497402,0.1687894985455205,0.11036445074533961,0.27915394929086007
226.66666666666666,0.6289449958900959,0.09177205565507386,0.1595289882423176,0.11975396021251253,0.27928294845483015
227.77777777777777,0.6218533954156477,0.09798304839314231,0.15078830712970584,0.12937524906150416,0.28016355619121003
228.88888888888889,0.6144716625034651,0.10382724825158969,0.14257124277179611,0.13912984647314913,0.28170108924494525
230.0,0.6069680536302156,0.10921192764956808,0.13489031312562388,0.14892970559459268,0.28382001872021656
230.0,0.6069680536302156,0.10921192764956808,0.13489031312562388,0.14892970559459268,0.28382001872021656
231.11111111111111,0.5914906154616968,0.1034838729433847,0.16226183143144443,0.14276368016347418,0.3050255115949186
232.22222222222223,0.5966002500368043,0.09431372600894582,0.17852050274852385,0.1305655212057262,0.30908602395425006
233.33333333333334,0.6047205884547532,0.08582506094350917,0.19074362661658403,0.11871072398515359,0.30945435060173765
234.44444444444446,0.6116231402329987,0.07870650158902714,0.20123941063888431,0.10843094753908981,0.3096703581779741
235.55555555555554,0.6166796877382168,0.07285984888801761,0.21073651203395483,0.09972395133981075,0.3104604633737656
236.66666666666666,0.6200770378747706,0.06806593223645312,0.21949741515337806,0.0923596147353982,0.3118570298887762
237.77777777777777,0.6221295636086823,0.06412420860563907,0.22764273057228734,0.08610349721339133,0.3137462277856787
238.88888888888889,0.6231241926853304,0.060873147673518944,0.2352444562843571,0.08075820335679336,0.3160026596411505
240.0,0.6232951102705819,0.05818618623596241,0.24235414293534818,0.07616456055810743,0.3185187034934556
240.0,0.6232951102705819,0.05818618623596241,0.24235414293534818,0.07616456055810743,0.3185187034934556
241.11111111111111,0.6431016660846297,0.061047736567130396,0.2168142244455895,0.07903637290265035,0.2958505973482399
242.22222222222223,0.6473945947248289,0.06617928953791259,0.2012586892422786,0.08516742649498005,0.2864261157372586
243.33333333333334,0.6456985198142021,0.07226620233412703,0.18921034453245603,0.09282493331921479,0.2820352778516708
244.44444444444446,0.6413116909536719,0.07874492378904192,0.17861268625091353,0.10133069900637257,0.27994338525728607
245.55555555555554,0.6355328344220985,0.08531303843935696,0.1687869771597929,0.11036714997875147,0.2791541271385443
246.66666666666666,0.6289416115617952,0.09177512153440667,0.1595265396119197,0.11975672729187843,0.2792832669037981
247.77777777777777,0.6218499566236954,0.09798602979900928,0.15078595330065575,0.1293780602766396,0.2801640135772953
248.88888888888889,0.6144682168557992,0.10383010426028304,0.14256900177710813,0.13913267710680963,0.2817016788839178
250.0,0.6069646477676847,0.10921462273015994,0.13488819838366997,0.1489325311184853,0.2838207295021553
250.0,0.6069646477676847,0.10921462273015994,0.13488819838366997,0.1489325311184853,0.2838207295021553
251.11111111111111,0.5914878981277601,0.10348615196388833,0.16225977131707262,0.14276617859127877,0.3050259499083514
252.22222222222223,0.5965982747393334,0.09431556427128102,0.17851856375450254,0.13056759723488312,0.3090861609893856
253.33333333333334,0.6047191990266273,0.08582653927996917,0.19074182508545415,0.11871243660794932,0.30945426169340345
254.44444444444446,0.6116221943194832,0.07870769778257053,0.20123774121578175,0.10843236668216456,0.3096701078979463
255.55555555555554,0.616679077818217,0.07286082367095484,0.21073496333855796,0.09972513517227023,0.31046009851082823
256.6666666666667,0.6200766838376085,0.06806673155897983,0.21949597554278888,0.09236060906062284,0.3118565846034117
257.77777777777777,0.6221294050982024,0.06412486730218903,0.2276413897540308,0.08610433784557792,0.3137457275996087
258.8888888888889,0.6231241836839762,0.06087369239357348,0.23524320552958028,0.08075891839287025,0.31600212392245053
260.0,0.62329521534916,0.058186637582381066,0.24235297489542523,0.07616517217303362,0.3185181470684589
