Generation,nOC,nOB,nMMd,nMMr,total nMM
0.0,0.26666666666666666,0.4,0.26666666666666666,0.06666666666666667,0.3333333333333333
1.0169491525423728,0.47452964281368876,0.2753527226756767,0.20079078709596007,0.0493268474146745,0.25011763451063457
2.0338983050847457,0.5319462882445737,0.22990861229981757,0.19302608861100426,0.04511901084460435,0.2381450994556086
3.0508474576271185,0.5573973260192309,0.2023509902995781,0.19678229837864966,0.04346938530254148,0.24025168368119115
4.067796610169491,0.5724131920302636,0.18165202196103128,0.20344707777662602,0.04248770823207896,0.24593478600870497
5.084745762711864,0.5828182905256036,0.16476917671048266,0.2107070074233806,0.041705525340532935,0.2524125327639135
6.101694915254237,0.5905428773794047,0.15057097861678642,0.2178840858504185,0.041002058153390364,0.2588861440038088
7.11864406779661,0.596381812244984,0.13848056842505707,0.22478741102774916,0.04035020830220973,0.2651376193299589
8.135593220338983,0.6007581621243256,0.12811895444423768,0.23137578863861036,0.03974709479282624,0.2711228834314366
9.152542372881356,0.6039523371613394,0.11920047784839262,0.23765257389975797,0.039194611090509986,0.27684718499026795
10.169491525423728,0.6061761139212326,0.1114970501769764,0.2436324945744411,0.03869434132734999,0.28232683590179114
11.1864406779661,0.6075995296108626,0.10482245165534841,0.2493314378805206,0.03824658085326836,0.28757801873378896
12.203389830508474,0.6083627168202369,0.09902322006168694,0.25476361774285167,0.03785044537522449,0.2926140631180762
13.220338983050848,0.6085824890759058,0.09397223542675784,0.2599410819412183,0.03750419355611801,0.2974452754973363
14.23728813559322,0.6083567569380781,0.08956378288978514,0.2648739294385105,0.03720553073362618,0.30207946017213666
15.254237288135592,0.6077679058097791,0.0857096020887833,0.269570655117192,0.03695183698424554,0.30652249210143756
16.271186440677965,0.6068853879747477,0.08233572124549503,0.2740385533310636,0.036740337448693754,0.31077889077975734
17.28813559322034,0.6057678976303695,0.07937987977320227,0.2782840100411857,0.03656821255524254,0.31485222259642826
18.305084745762713,0.6044650917586001,0.07678945040285157,0.2823127824013498,0.03643267543719852,0.31874545783854835
19.322033898305083,0.6030190272639641,0.07451974808446192,0.28613020536392236,0.03633101928765163,0.322461224651574
20.338983050847457,0.6014653352455018,0.07253265827583585,0.28974135898242814,0.03626064749623413,0.32600200647866234
21.35593220338983,0.5998341924018706,0.07079551732844636,0.29315120129123756,0.03621908897844543,0.329370290269683
22.3728813559322,0.5981511348414488,0.06928020125461067,0.29636465653831856,0.036204007365621904,0.33256866390394046
23.389830508474574,0.5964377210807188,0.06796237635914636,0.29938670156136993,0.03621320099876484,0.3355999025601348
24.406779661016948,0.5947121075424308,0.0668208854387918,0.3022224059646341,0.03624460105414333,0.3384670070187774
25.423728813559322,0.5929895188851573,0.06583724287530496,0.30487697099291416,0.036296267246623576,0.3411732382395377
26.440677966101696,0.5912826541215371,0.0649952167077899,0.3073557477957866,0.03636638137488622,0.34372212917067285
27.457627118644066,0.5896020323688352,0.06428048305969183,0.30966424393006303,0.03645324064141005,0.3461174845714731
28.47457627118644,0.5879562871415166,0.06368033940390859,0.311808122632839,0.0365552508217358,0.3483633734545748
29.491525423728813,0.5863524210484127,0.06318346581702866,0.3137931940705707,0.03667091906398787,0.35046411313455855
30.508474576271183,0.5847960264240151,0.06277972603756612,0.315625400360505,0.03679884717791365,0.35242424753841867
31.525423728813557,0.5832914765613153,0.06246000139750111,0.31731079679841795,0.03693772524276555,0.3542485220411835
32.54237288135593,0.5818420928755111,0.062216051884071887,0.31885552961430064,0.0370863256261163,0.35594185524041694
33.559322033898304,0.580450290578562,0.06204039989812554,0.3202658120425946,0.03724349748071789,0.35750930952331245
34.57627118644068,0.5791177069878651,0.061926232729176446,0.32154789862469124,0.037408161658267186,0.3589560602829584
35.59322033898305,0.5778453130514446,0.06186732092713942,0.3227080598688293,0.037579306152586714,0.360287366021416
36.610169491525426,0.5766335130004135,0.06185794957089697,0.3237525555990708,0.03775598182961867,0.3615085374286895
37.62711864406779,0.5754822296380511,0.06189286078060963,0.3246876108264656,0.03793729875487372,0.36262490958133925
38.644067796610166,0.5743909810133098,0.061967205358332465,0.3255193909084882,0.03812242271986968,0.36364181362835785
39.66101694915254,0.5733589473391902,0.06207650193075238,0.3262539785771785,0.03831057215287892,0.36456455073005745
40.67796610169491,0.5723850279668804,0.06221660285758906,0.32689735371715006,0.03850101545838051,0.3653983691755306
41.69491525423729,0.5714678936532754,0.06238366531455912,0.3274553726035618,0.0386930684286036,0.3661484410321654
42.71186440677966,0.5706060310176433,0.0625741266304693,0.3279337503773003,0.038886091974587055,0.3668198423518874
43.728813559322035,0.569797779428408,0.06278468359830264,0.32833804676813005,0.039079490205159356,0.3674175369732894
44.7457627118644,0.5690413654733476,0.06301227509119588,0.3286736508866371,0.0392727085488195,0.36794635943545656
45.762711864406775,0.5683349337450587,0.06325406582841112,0.32894576863178854,0.0394652317947417,0.36841100042653024
46.77966101694915,0.5676765679809617,0.0635074339648609,0.3291594151705115,0.039656582883665956,0.3688159980541774
47.79661016949152,0.5670643135496342,0.06376995890411191,0.3293194062626085,0.03984632128364552,0.3691657275462541
48.813559322033896,0.5664961969711634,0.06403941121345443,0.3294303502295078,0.04003404158587447,0.36946439181538226
49.83050847457627,0.5659702404002801,0.06431374257544177,0.3294966448821174,0.0402193721421607,0.36971601702427803
50.847457627118644,0.56548447318972,0.06459107766966753,0.3295224751476692,0.04040197399294331,0.3699244491406125
51.86440677966102,0.5650369436954266,0.06486970586125314,0.3295118108867844,0.040581539556535866,0.37009335044332026
52.88135593220339,0.5646257289243684,0.0651480736619423,0.3294684059785772,0.04075779143511218,0.37022619741368934
53.89830508474576,0.56424894086409,0.0654247767478852,0.32939580119435335,0.040930481193671424,0.3703262823880248
54.91525423728813,0.563904731475249,0.06569855308847276,0.3292973271196263,0.04109938831665202,0.37039671543627833
55.932203389830505,0.5635912991638826,0.06596827682023183,0.32917610487073246,0.04126431914515315,0.37044042401588556
56.94915254237288,0.5633068945417014,0.06623295003296673,0.329035050063724,0.04142510536160789,0.37046015542533195
57.96610169491525,0.5630498190579039,0.06649169695322246,0.328876880682972,0.041581603305901625,0.3704584839888736
58.983050847457626,0.5628184261684763,0.0667437569266573,0.32870412406199145,0.0417336928428751,0.37043781690486655
60.0,0.5626111318680406,0.06698847703966468,0.3285191155538566,0.04188127553843815,0.3704003910922948
60.0,0.5626111318680406,0.06698847703966468,0.3285191155538566,0.04188127553843815,0.3704003910922948
61.00502512562814,0.5816574922349305,0.07191606441133414,0.3013422718520393,0.0450841715016961,0.3464264433537354
62.01005025125628,0.5900816968315324,0.07848969431492486,0.2818507324615241,0.04957787639201871,0.33142860885354275
63.015075376884425,0.5937465839086425,0.08591342579977779,0.26543767258359563,0.05490231770798409,0.3203399902915797
64.02010050251256,0.5949357603301729,0.09377439349296168,0.2504364483704587,0.0608533978064067,0.3112898461768654
65.0251256281407,0.5946070234124242,0.10181247503800132,0.23625295156723897,0.06732754998233541,0.3035805015495744
66.03015075376885,0.593197484933936,0.10983474036947122,0.22270567028413982,0.07426210441245296,0.29696777469659275
67.03517587939699,0.5909406210749913,0.11768100172118467,0.20976920553632628,0.08160917166749757,0.29137837720382387
68.04020100502512,0.587994573414582,0.12521096040695923,0.19747067939498922,0.08932378678346962,0.28679446617845883
69.04522613065326,0.5844926021358324,0.1323010372345078,0.1858475387719781,0.09735882185768185,0.28320636062966
70.0502512562814,0.5805606940490948,0.13884526124225424,0.1749307471809617,0.10566329752768937,0.280594044708651
71.05527638190955,0.5763214467639293,0.14475735700125836,0.1647387484196991,0.11418244781511336,0.27892119623481243
72.06030150753769,0.5718925863784249,0.14997256916374424,0.15527615650032556,0.12285868795750542,0.278134844457831
73.06532663316582,0.5673838435558531,0.1544485402154692,0.14653459788060544,0.13163301834807226,0.27816761622867764
74.07035175879398,0.5628938545745227,0.15816501822882265,0.13849453711208837,0.14044659008456636,0.27894112719665476
75.07537688442211,0.5585078123893057,0.16112243957921427,0.13112749835135698,0.14924224968012295,0.28036974803147996
76.08040201005025,0.5542960968093938,0.16333960315869508,0.12439835065439561,0.15796594937751546,0.28236430003191104
77.08542713567839,0.5503138766203199,0.1648507174852306,0.11826746481887883,0.16656794107557066,0.28483540589444944
78.09045226130652,0.5466015636721753,0.16570211629288883,0.11269261979167566,0.17500370024326023,0.2876963200349359
79.09547738693468,0.5431859057230517,0.16594892238098127,0.10763060711348277,0.18323456478248434,0.2908651718959671
80.10050251256281,0.540081523551924,0.16565187743172724,0.10303851357104304,0.1912280854453057,0.2942665990163487
81.10552763819095,0.5372926972651271,0.1648744987109932,0.09887469552810203,0.19895810849577766,0.29783280402387974
82.1105527638191,0.5348152359521047,0.16368066184990013,0.09509947603048398,0.20640462616751118,0.30150410219799517
83.11557788944724,0.5326383044866327,0.16213265243296185,0.09167560512646383,0.2135534379539416,0.30522904308040544
84.12060301507537,0.5307461204217994,0.16028968477412964,0.08856852588297745,0.22039566892109352,0.30896419480407095
85.12562814070351,0.5291194601109785,0.15820685676132923,0.0857464891107465,0.22692719401694572,0.3126736831276922
86.13065326633165,0.5277369490523135,0.155934487120128,0.0831805538925934,0.23314800993496512,0.31632856382755853
87.1356783919598,0.526576128798351,0.1535177728896101,0.08084450647329175,0.2390615918387471,0.3199060983120388
88.14070351758794,0.5256143085949508,0.15099670251479103,0.07871472409258619,0.24467426479767196,0.32338898889025813
89.14572864321607,0.5248292205370347,0.1484061629307977,0.07677000463953022,0.2499946118926374,0.32676461653216765
90.15075376884423,0.5241995023914688,0.14577618563449046,0.07499137809499196,0.25503293387904885,0.3300243119740408
91.15577889447236,0.5237050333497586,0.14313228531317718,0.07336191161869261,0.2598007697183717,0.3331626813370643
92.1608040201005,0.523327149632919,0.14049585275645077,0.07186651650450124,0.26431048110612904,0.3361769976106303
93.16582914572864,0.5230487629468302,0.13788457279371427,0.07049176267230302,0.2685749015871524,0.3390666642594554
94.17085427135677,0.522854404408009,0.13531284481749326,0.06922570420190807,0.2726070465725896,0.3418327507744977
95.17587939698493,0.5227302118993948,0.13279219035904055,0.06805771788881974,0.27641987985274497,0.3444775977415647
96.18090452261306,0.5226638756676505,0.13033163737032655,0.06697835573546526,0.28002613122655773,0.34700448696202296
97.1859296482412,0.5226445602620607,0.12793807317129358,0.0659792119019175,0.2834381546647282,0.34941736656664574
98.19095477386935,0.5226628034393822,0.12561656594587298,0.06505280208671951,0.28666782852802536,0.35172063061474484
99.19597989949749,0.522710403253508,0.12337065216394055,0.06419245698001735,0.2897264876025341,0.35391894458255146
100.20100502512562,0.5227803083123618,0.12120258833862092,0.06339222705782062,0.29262487629119666,0.35601710334901726
101.20603015075376,0.5228665037219808,0.11911357206397488,0.06264679856817666,0.29537312564586754,0.3580199242140442
102.2110552763819,0.5229639028269315,0.1171039329470821,0.0619514188138558,0.2979807454121305,0.35993216422598634
103.21608040201005,0.5230682385637372,0.11517329799368539,0.06130183098904025,0.30045663245353715,0.3617584634425774
104.22110552763819,0.5231759691591596,0.11332073066149499,0.06069421648747065,0.3028090836918747,0.3635033001793453
105.22613065326632,0.5232841878625212,0.11154484970300518,0.06012514406257677,0.3050458183718969,0.3651709624344737
106.23115577889448,0.5233905382660831,0.10984392968941953,0.05959152557184533,0.30717400647265214,0.36676553204449747
107.23618090452261,0.523493141093905,0.1082159841559166,0.05909057691376665,0.3092002978364118,0.36829087475017847
108.24120603015075,0.523590530294833,0.10665883427317625,0.058619783564341735,0.3111308518676489,0.3697506354319906
109.24623115577889,0.5236815916119695,0.10517016711115465,0.0581768702615225,0.31297137101535333,0.37114824127687585
110.25125628140702,0.5237655047384953,0.10374758371791674,0.05775977529213762,0.3147271362514504,0.37248691154358804
111.25628140703517,0.5238417037265223,0.10238863602202786,0.057366626405353144,0.3164030338460966,0.3737696602514497
112.26130653266331,0.5239098353707663,0.10109085789419607,0.05699572056274661,0.3180035861722909,0.3749993067350375
113.26633165829145,0.5239697193679858,0.09985179119581004,0.0566455061589818,0.31953298327722246,0.37617848943620424
114.2713567839196,0.5240213204420062,0.09866900470478888,0.0563145668551261,0.3209951079980788,0.37730967485320493
115.27638190954774,0.5240647222396224,0.09754010954093778,0.05600160736577178,0.322393560853668,0.3783951682194398
116.28140703517587,0.5241001012223963,0.09646277120556818,0.055705441609431416,0.32373168596260415,0.37943712757203557
117.28643216080401,0.524127708912624,0.09543471843371891,0.05542498125897744,0.32501259139467964,0.3804375726536571
118.29145728643215,0.5241478575256837,0.09445374907939863,0.0551592257798255,0.3262391676150921,0.3813983933949176
119.2964824120603,0.5241609004800477,0.09351773552599373,0.05490725441529771,0.32741410957866074,0.3823213639939585
120.30150753768844,0.524167219274917,0.09262462778241214,0.054668218583628254,0.32853993435904244,0.3832081529426707
121.30653266331657,0.5241672193951818,0.09177245375935006,0.054441334409622115,0.32961899243584597,0.38406032684546815
122.31155778894473,0.5241613227662445,0.09095931965664382,0.05422587652253009,0.3306534810545816,0.38487935757711167
123.31658291457286,0.5241499542143223,0.09018341098793163,0.05402117331179781,0.33164546148594837,0.3856666347977461
124.321608040201,0.524133532505863,0.08944299202432356,0.05382660249234792,0.3325968729774655,0.3864234754698134
125.32663316582914,0.5241124722945881,0.08873640311874294,0.0536415859998483,0.33350953858682053,0.38715112458666884
126.33165829145727,0.5240871914919055,0.08806205675591262,0.05346558490226934,0.3343851668499126,0.3878507517521819
127.33668341708542,0.5240580845742692,0.08741844025787018,0.05329809838457792,0.3352253767832827,0.3885234751678606
128.34170854271355,0.5240255326545263,0.08680411055263693,0.05313865942491428,0.3360316973679225,0.3891703567928368
129.3467336683417,0.5239899034616429,0.08621769151976534,0.05298683177518916,0.3368055732434026,0.38979240501859175
130.35175879396985,0.5239515472915012,0.08565787207052047,0.052842207650537945,0.3375483729874403,0.3903905806379782
131.356783919598,0.5239107960691766,0.08512340349788212,0.05270440548095109,0.33826139495199015,0.3909658004329412
132.36180904522612,0.5238679634261763,0.08461309675368275,0.05257306778828874,0.3389458720318523,0.3915189398201411
133.36683417085425,0.5238233439053758,0.08412581998171785,0.05244785932174063,0.3396029767911658,0.3920508361129064
134.3718592964824,0.5237772134813976,0.08366049585005442,0.052328465399634164,0.3402338252689138,0.392562290668548
135.37688442211055,0.5237298301766776,0.08321609896261534,0.052214590166611806,0.34083948069409514,0.39305407086070693
136.3819095477387,0.5236814325091135,0.08279165379042966,0.05210595556273519,0.34142095813772166,0.39352691370045684
137.38693467336682,0.5236322421207944,0.08238623198771171,0.05200229975137061,0.3419792261401231,0.3939815258914937
138.39195979899498,0.5235824651917813,0.08199894985447417,0.051903375797446936,0.34251520915629774,0.3944185849537447
139.3969849246231,0.5235322893676034,0.08162896675901465,0.0518089510246499,0.3430297928487319,0.39483874387338175
140.40201005025125,0.5234818847098117,0.08127548312515469,0.0517188060997085,0.343523826065325,0.3952426321650335
141.4070351758794,0.523431408632652,0.0809377376673404,0.051632733625584674,0.34399812007442276,0.3956308537000074
142.41206030150752,0.5233810063393648,0.08061500552998979,0.05155053736581815,0.34445345076482725,0.39600398813064536
143.41708542713567,0.5233308079730331,0.08030659703433052,0.0514720318861817,0.3448905631064547,0.39636259499263643
144.4221105527638,0.5232809289550441,0.08001185599272756,0.0513970419093708,0.34531017314285745,0.3967072150522282
145.42713567839195,0.5232314736305699,0.07973015758166842,0.05132540136775693,0.3457129674200048,0.39703836878776166
146.4321608040201,0.5231825364573413,0.07946090707884405,0.05125695287434099,0.3460996035894736,0.39735655646381457
147.43718592964825,0.5231342029016361,0.07920353640180772,0.05119154664874305,0.3464707140478131,0.39766226069655614
148.44221105527637,0.5230865453032273,0.07895750658405522,0.05112904137593251,0.34682690673678485,0.39795594811271734
149.4472361809045,0.5230396262267051,0.07872230438751118,0.051069303031289474,0.34716876635449445,0.3982380693857839
150.45226130653265,0.5229934989909294,0.07849744062889108,0.05101220434403903,0.34749685603614056,0.3985090603801796
151.4572864321608,0.5229482193241528,0.07828244771438254,0.050957623361498214,0.34781170959996643,0.39876933296146466
152.46231155778895,0.5229038254403933,0.07807688147599717,0.05090544521554612,0.3481138478680633,0.3990192930836095
153.46733668341707,0.5228603504256831,0.07788031852342284,0.050855560580996564,0.3484037704698974,0.39925933105089395
154.47236180904522,0.52281782339935,0.0776923549736348,0.05080786526724424,0.348681956359771,0.3994898216270153
155.47738693467335,0.5227762666508198,0.07751260593654392,0.050762260262390495,0.34894886715024587,0.39971112741263637
156.4824120603015,0.5227356982018132,0.07734070439260794,0.050718651264692875,0.3492049461408861,0.3999235974055789
157.48743718592965,0.5226961309730137,0.07717630034109113,0.05067694852008095,0.3494506201658142,0.40012756868589516
158.49246231155777,0.5226575739174689,0.07701906005379135,0.05063706655093765,0.3496862994778021,0.40032336602873975
159.49748743718592,0.5226200328003208,0.07686866493344323,0.05059892382058628,0.3499123784456496,0.4005113022662359
160.50251256281405,0.5225835093073818,0.07672481104846429,0.050562442673367736,0.3501292369707861,0.4006916796441538
161.5075376884422,0.5225480000305268,0.07658720921013783,0.05052754941212259,0.35033724134721267,0.4008647907593353
162.51256281407035,0.522513498586993,0.07645558356829323,0.05049417382332323,0.35053674402139046,0.40103091784471373
163.5175879396985,0.5224799972598511,0.07632967013239259,0.05046224870956068,0.3507280838981957,0.4011903326077564
164.52261306532662,0.5224474982575334,0.07620921536301678,0.050431708758857094,0.35091157762059283,0.40134328637945
165.52763819095475,0.522415981336611,0.07609398024905165,0.050402493763657845,0.3510875446506796,0.40149003841433745
166.5326633165829,0.5223854350156002,0.07598373514942286,0.050374545229854586,0.3512562846051225,0.40163082983497705
167.53768844221105,0.5223558457833055,0.07587826079882454,0.050347807363407326,0.35141808605446256,0.4017658934178699
168.5427135678392,0.5223271976993693,0.07577734799295446,0.05032222702337205,0.35157322728430423,0.4018954543076763
169.54773869346732,0.5222994742253139,0.07568079693278852,0.05029775343931597,0.35172197540258154,0.4020197288418975
170.55276381909547,0.5222726578064874,0.0755884168009084,0.050274338140688705,0.35186458725191555,0.40213892539260426
171.5577889447236,0.5222467301628724,0.07550002514353427,0.050251934787253545,0.3520013099063398,0.40225324469359336
172.56281407035175,0.5222216719266455,0.0754154479451959,0.050230499215470285,0.3521323809126883,0.40236288012815863
173.5678391959799,0.5221974631300655,0.07533451905738942,0.050209989269250514,0.3522580285432946,0.4024680178125451
174.57286432160802,0.5221740836185434,0.0752570794608965,0.05019036459555266,0.3523784723250074,0.40256883692056
175.57788944723617,0.522151513864912,0.07518297656858178,0.05017158641632114,0.3524939231501852,0.4026655095665063
176.5829145728643,0.5221297339050668,0.07511206687419399,0.050153618260538706,0.3526045809602004,0.40275819922073913
177.58793969849245,0.5221087228434592,0.07504421004932407,0.05013642453810184,0.35271064256911483,0.4028470671072166
178.5929648241206,0.5220884579474621,0.07497927437234721,0.05011997195242727,0.3528122957277634,0.4029322676801907
179.59798994974875,0.5220689200148483,0.07491713285853498,0.05010422817514987,0.3529097189514669,0.4030139471266167
180.60301507537687,0.5220500879234472,0.07485766444257583,0.05008916251375666,0.3530030851202204,0.40309224763397705
181.608040201005,0.5220319412107405,0.07480075333892958,0.050074745579450554,0.35309255987087923,0.4031673054503298
182.61306532663315,0.5220144595273857,0.07474628888768522,0.050060949288303264,0.35317830229662583,0.40323925158492907
183.6180904522613,0.5219976225972308,0.0746941651803335,0.050047746771226094,0.3532604654512097,0.40330821222243585
184.62311557788945,0.5219814101136687,0.0746442809755338,0.05003511236015694,0.35333919655064044,0.4033743089107974
185.62814070351757,0.5219658020841588,0.07459653962880848,0.05002302155204673,0.35341463673498597,0.4034376582870327
186.63316582914572,0.5219507821132965,0.0745508485597033,0.05001145065292968,0.3534869186740706,0.4034983693270003
187.63819095477385,0.5219363289120884,0.07450711932623137,0.05000037737390817,0.353556174387772,0.40355655176168015
188.643216080402,0.5219224240194751,0.07446526733132265,0.04998978023268131,0.353622528416521,0.4036123086492023
189.64824120603015,0.5219090488175464,0.07442521168219775,0.04997963872247635,0.35368610077777934,0.4036657395002557
190.65326633165827,0.5218961859825144,0.0743868745374717,0.04996993304455935,0.35374700643545454,0.4037169394800139
191.65829145728642,0.5218838177647938,0.0743501816050088,0.04996064435632959,0.35380535627386783,0.4037660006301974
192.66331658291455,0.5218719280559799,0.07431506563194473,0.0499517555799704,0.353861250732105,0.4038130063120754
193.6683417085427,0.5218604992425822,0.07428145412089024,0.049943248307832554,0.35391479832869494,0.4038580466365275
194.67336683417085,0.521849515712839,0.07424928385871775,0.04993510647881498,0.35396609394962836,0.4039012004284433
195.67839195979897,0.5218389614170594,0.07421849309722911,0.049927314439121934,0.3540152310465895,0.4039425454857114
196.68341708542712,0.5218288208907845,0.07418902251468261,0.049919857137909474,0.3540622994566234,0.4039821565945329
197.68844221105527,0.5218190795397154,0.07416081540647557,0.04991272016007272,0.35410738489373633,0.40402010505380903
198.6934673366834,0.5218097231777138,0.07413381760394439,0.049905889736571285,0.3541505694817704,0.4040564592183417
199.69849246231155,0.5218007377369427,0.07410797682740229,0.04989935259286603,0.354191932842789,0.40409128543565503
200.7035175879397,0.5217921093400373,0.07408324343613737,0.049893096143022425,0.354231551080803,0.4041246472238254
201.70854271356782,0.5217838243929241,0.0740595701687777,0.04988710841718248,0.3542694970211157,0.4041566054382982
202.71356783919597,0.521775869775827,0.07403691130968096,0.04988137782764599,0.3543058410868462,0.4041872189144922
203.7185929648241,0.521768233172636,0.07401522334526513,0.049875893322825875,0.3543406501592729,0.4042165434820988
204.72361809045225,0.5217609027886151,0.07399446433065128,0.04987064423809976,0.3543739886426339,0.4042446328807337
205.7286432160804,0.5217538676018837,0.07397459463998807,0.049865620478655406,0.35440591727947274,0.4042715377581282
206.73366834170852,0.5217471170889695,0.07395557609759924,0.04986081230725973,0.35443649450617165,0.40429730681343135
207.73869346733667,0.5217406412248593,0.07393737196864869,0.049856210342351534,0.35446577646414057,0.4043219868064921
208.7437185929648,0.5217344277832027,0.07391994796591214,0.04985180600295859,0.3544938182479266,0.40434562425088516
209.74874371859295,0.5217284646540222,0.07390327061108096,0.04984759092280514,0.3545206738120918,0.4043682647348969
210.7537688442211,0.5217227446493887,0.07388730756160564,0.04984355671934122,0.35454639106966457,0.4043899477890058
211.75879396984922,0.5217172577180439,0.07387202828911468,0.04983969568647727,0.3545710183063642,0.4044107139928415
212.76381909547737,0.521711994844152,0.0738574034154999,0.04983600036196171,0.3545946013783864,0.4044306017403481
213.76884422110552,0.5217069471583469,0.0738434047022355,0.04983246358205947,0.3546171845573583,0.4044496481394178
214.77386934673365,0.5217021066490198,0.07383000681350653,0.04982907891915379,0.35463880761831973,0.40446788653747356
215.7788944723618,0.5216974646324612,0.07381718230099245,0.049825839408018685,0.3546595136585277,0.40448535306654637
216.78391959798995,0.5216930133880184,0.0738049068448343,0.04982273887481447,0.3546793408923328,0.4045020797671472
217.78894472361807,0.5216887454216529,0.0737931570476238,0.049819771382136835,0.3546983261485864,0.4045180975307232
218.79396984924622,0.5216846534415661,0.07378191066022956,0.049816931290754575,0.3547165046074497,0.4045334358982043
219.79899497487435,0.521680730244008,0.07377114575352693,0.04981421304330352,0.35473391095916157,0.4045481240024651
220.8040201005025,0.5216769690020562,0.07376084193218288,0.04981161147594097,0.35475057758982,0.4045621890657609
221.80904522613065,0.5216733630872283,0.07375097934954479,0.04980912156182122,0.35476653600140573,0.4045756575632269
222.81407035175877,0.5216699061172977,0.07374153918021654,0.04980673853640367,0.3547818161660822,0.40458855470248584
223.81909547738692,0.5216665929337249,0.07373250348220665,0.04980445779706444,0.3547964457870039,0.40460090358406836
224.82412060301505,0.5216634189894279,0.0737238545613545,0.04980227477056268,0.35481045167865494,0.40461272644921764
225.8291457286432,0.5216603754501123,0.07371557633333195,0.04980018559933192,0.3548238626172239,0.4046240482165558
226.83417085427135,0.5216574594170365,0.07370765257386497,0.04979818600581528,0.35483670200328343,0.40463488800909875
227.83919597989947,0.5216546643327905,0.07370006830908792,0.049796272289492585,0.354848995068629,0.4046452673581216
228.84422110552762,0.5216519858934751,0.07369280890928209,0.04979444069946021,0.35486076449778253,0.40465520519724274
229.84924623115577,0.5216494191134368,0.07368586014331166,0.04979268763719074,0.354872033106061,0.4046647207432517
230.8542713567839,0.5216469596703063,0.07367920932576709,0.049791009886480365,0.35488282111744623,0.40467383100392657
231.85929648241205,0.5216446034076444,0.07367284439925592,0.049789404392698404,0.35489314780040143,0.40468255219309984
232.8643216080402,0.5216423455334912,0.07366675151630249,0.04978786764879305,0.3549030353014133,0.4046909029502063
233.86934673366832,0.5216401821939041,0.07366091953947299,0.04978639683288584,0.35491250143373704,0.4046988982666228
234.87437185929647,0.5216381095193838,0.07365533729677448,0.0497849891144951,0.3549215640693467,0.40470655318384186
235.8793969849246,0.5216361238537225,0.07364999430321835,0.04978364183776411,0.35493024000529505,0.4047138818430591
236.88442211055275,0.521634221567697,0.07364488017247785,0.04978235237231223,0.35493854588751306,0.40472089825982527
237.8894472361809,0.5216323992192888,0.07363998514452301,0.04978111824796724,0.3549464973882209,0.4047276156361882
238.89447236180902,0.5216306534640404,0.07363529974462167,0.049779937066744134,0.35495410972459385,0.40473404679133795
239.89949748743717,0.5216289811501276,0.07363081500522665,0.04977880655776988,0.354961397286876,0.4047402038446459
240.9045226130653,0.5216273792397129,0.07362652234848716,0.04977772454998977,0.3549683738618101,0.4047460984117999
241.90954773869345,0.521625844860533,0.07362241371155602,0.049776689003336386,0.35497505242457467,0.40475174142791104
242.9145728643216,0.5216243751631939,0.07361848103109828,0.049775697876328365,0.35498144592937925,0.40475714380570765
243.91959798994972,0.5216229674782827,0.07361471680393328,0.04977474926995308,0.35498756644783086,0.4047623157177839
244.92462311557787,0.5216216193012646,0.07361111402847627,0.04977384141256372,0.35499342525769545,0.40476726667025914
245.92964824120602,0.5216203282017505,0.07360766570897989,0.04977297252991503,0.3549990335593545,0.40477200608926955
246.93467336683415,0.5216190918668184,0.07360436511339633,0.049772140912981835,0.3550044021068034,0.4047765430197852
247.9396984924623,0.5216179081281029,0.07360120593475632,0.049771344960403446,0.35500954097673726,0.4047808859371407
248.94472361809045,0.5216167727223234,0.07359818243798094,0.049770583362334614,0.35501446147736104,0.4047850448396957
249.94974874371857,0.5216156830403584,0.07359528885022738,0.04976985469254457,0.3550191734168696,0.4047890281094142
250.95477386934672,0.5216146432168021,0.07359251874404878,0.04976915691332594,0.3550236811258231,0.40479283803914906
251.95979899497485,0.5216136459385615,0.07358986758893758,0.04976848924151899,0.35502799723098194,0.40479648647250094
252.964824120603,0.5216126910075805,0.0735873300600914,0.049767850220438115,0.3550321287118901,0.40479997893232816
253.96984924623115,0.5216117772066088,0.07358490119695839,0.04976723855893439,0.3550360830374983,0.4048033215964327
254.97487437185927,0.5216109019398598,0.07358257641442266,0.049766653157412,0.3550398684883055,0.40480652164571745
255.97989949748742,0.5216100638002793,0.07358035125758239,0.04976609287628936,0.35504349206584895,0.4048095849421383
256.98492462311555,0.5216092613322174,0.07357822192217678,0.04976555675860934,0.35504695998699637,0.40481251674560575
257.9899497487437,0.5216084929813932,0.07357618400721333,0.04976504368901949,0.355050279322374,0.40481532301139345
258.99497487437185,0.5216077571920771,0.07357423308913495,0.04976455254602717,0.3550534571727608,0.40481800971878806
260.0,0.5216070528063318,0.07357236583247445,0.04976408248297722,0.35505649887821644,0.40482058136119364
