Generation,nOC,nOB,nMMd,nMMr,total nMM
0.0,0.26666666666666666,0.4,0.26666666666666666,0.06666666666666667,0.3333333333333333
0.5042016806722689,0.4085890786166227,0.31790828171296287,0.21886329705026814,0.05463934262014627,0.2735026396704144
1.0084033613445378,0.4737462698961484,0.27589572265895385,0.20097019534720026,0.04938781209769757,0.25035800744489783
1.5126050420168067,0.5094106689837506,0.2494755287106581,0.19441613649976802,0.04669766580582327,0.2411138023055913
2.0168067226890756,0.5313515932755413,0.2304700867295451,0.19301916765958535,0.045159152335328225,0.23817831999491357
2.5210084033613445,0.5461519658801268,0.21548865435316278,0.19417470213523438,0.04418467763147597,0.23835937976671034
3.0252100840336134,0.5569241926835129,0.20294081613576323,0.19663562408364682,0.04349936709707703,0.24013499118072384
3.5294117647058822,0.565255825453945,0.19201695082339787,0.19976066821930746,0.04296655550334975,0.2427272237226572
4.033613445378151,0.5720000500903253,0.1822766187684569,0.2032070543483246,0.04251627679289323,0.24572333114121783
4.53781512605042,0.5776355891067989,0.17346396895775357,0.20678803648190305,0.04211240545354448,0.24890044193544755
5.042016806722689,0.5824429124633957,0.16541932318087277,0.21040132172855724,0.04173644262717443,0.25213776435573165
5.546218487394958,0.5865945988612253,0.15803500723651093,0.21399122907334292,0.041379164828920685,0.2553703939022636
6.050420168067227,0.5902030702382569,0.15123264927210692,0.21752806294318935,0.04103621754644665,0.258564280489636
6.554621848739496,0.5933463301571869,0.14495124704806656,0.2209966606837142,0.04070576211103245,0.26170242279474665
7.0588235294117645,0.5960820633030279,0.1391407575433623,0.2243899640657938,0.04038721508781577,0.26477717915360954
7.563025210084033,0.5984554699636697,0.13375856343423106,0.22770539015612068,0.04008057644597866,0.2677859666020993
8.067226890756302,0.6005036879462049,0.12876745723743796,0.2309427780229417,0.03978607679341549,0.27072885481635717
8.571428571428571,0.6022583416566025,0.12413443532035587,0.2341032258389129,0.039503997184128656,0.2736072230230416
9.07563025210084,0.6037470433182855,0.11982993397545964,0.2371884398470021,0.03923458285925272,0.2764230227062548
9.579831932773109,0.6049943172132467,0.11582730797657947,0.24020036874103698,0.03897800606913675,0.27917837481017377
10.084033613445378,0.606022187249783,0.11210245055160005,0.2431410068537329,0.03873435534488407,0.281875362198617
10.588235294117647,0.6068505786758649,0.10863349614640874,0.2460122879744912,0.03850363720323513,0.2845159251777264
11.092436974789916,0.6074976021314115,0.1054005778346449,0.24881603578592348,0.038285784248020135,0.28710182003394363
11.596638655462185,0.6079797710011755,0.10238562084150615,0.2515539428346472,0.03808066532267116,0.2896346081573184
12.100840336134453,0.6083121747230734,0.09957216291248777,0.25422756635976357,0.03788809600467516,0.2921156623644387
12.605042016806722,0.6085086243499588,0.09694519516138925,0.25683833223827984,0.03770784825037212,0.294546180488652
13.109243697478991,0.6085817749496754,0.09449102072034236,0.2593875451207371,0.03753965920924529,0.2969272043299824
13.61344537815126,0.6085432256942962,0.09219713155737376,0.2618764027080897,0.03738324004024023,0.29925964274832995
14.117647058823529,0.6084036272192156,0.09005209026181106,0.2643060016471888,0.03723828087178469,0.30154428251897347
14.621848739495798,0.6081727662638542,0.08804542931752955,0.2666773477463291,0.03710445667228728,0.3037818044186164
15.126050420168067,0.6078596297444335,0.08616756158205151,0.2689913757193053,0.03698143295420958,0.3059728086735149
15.630252100840336,0.6074724770744825,0.08440969641172678,0.271248957399737,0.036868869114053834,0.3081178265137908
16.134453781512605,0.6070189098219717,0.08276376458646087,0.2734509043024797,0.036766421289087685,0.3102173255915674
16.63865546218487,0.6065059239635064,0.08122235113116597,0.2755979799896028,0.03667374491572488,0.3122717249053276
17.142857142857142,0.605939954795089,0.07977863630254256,0.27769091144577623,0.036590497456592194,0.31428140890236844
17.647058823529413,0.6053269302138929,0.0784263398815824,0.2797303903776294,0.03651633952689529,0.31624672990452474
18.15126050420168,0.6046723082626819,0.0771596725884524,0.28171708267417217,0.03645093647469351,0.3181680191488657
18.655462184873947,0.6039811166662149,0.07597329146000056,0.28365163260243964,0.03639395927134499,0.3200455918737847
19.159663865546218,0.6032579861872471,0.07486226017008578,0.285534668141918,0.03634508550074903,0.3218797536426671
19.66386554621849,0.6025071823369798,0.07382201273173367,0.2873668050569168,0.036303999874369726,0.3236708049312866
20.168067226890756,0.6017326339786154,0.07284832086503014,0.2891486504610505,0.036270394695303874,0.32541904515635434
20.672268907563023,0.6009379584589098,0.07193726442870754,0.2908808070212485,0.036243970091134024,0.3271247771123826
21.176470588235293,0.6001264860954189,0.07108520444565841,0.292563875418553,0.03622443404036965,0.3287883094589227
21.680672268907564,0.5993012827720089,0.07028876019697279,0.2941984535429396,0.03621150348807864,0.3304099570310182
22.18487394957983,0.5984651679379482,0.06954478527844785,0.29578514398780337,0.03620490279580065,0.331990046783604
22.6890756302521,0.597620732451396,0.06885034921091124,0.2973245535302492,0.03620436480744344,0.3335289183376927
23.19327731092437,0.5967703556407784,0.06820271905660398,0.29881729478496577,0.03620963051765183,0.33502692530261763
23.69747899159664,0.595916223091187,0.06759934263333736,0.3002639855407932,0.03622044873468255,0.33648443427547575
24.201680672268907,0.5950603385847337,0.06703783391000662,0.30166525144954276,0.036236576055716826,0.33790182750525954
24.705882352941174,0.5942045363691962,0.06651595973846104,0.3030217269790753,0.03625777691326741,0.3392795038923427
25.210084033613445,0.5933504929012045,0.06603162733566403,0.3043340565528594,0.0362838232102723,0.3406178797631317
25.714285714285715,0.5924997404919392,0.06558287283401441,0.30560289269136387,0.03631449398268249,0.34191738667404636
26.218487394957982,0.5916536757633939,0.0651678513157339,0.306828897548347,0.036349575372525166,0.34317847292087217
26.72268907563025,0.5908135688304313,0.06478482752609016,0.308012743229538,0.03638886041394039,0.3444016036434784
27.22689075630252,0.5899805730574066,0.06443216724273378,0.30915511096308296,0.036432148736776665,0.34558725969985965
27.73109243697479,0.589155732153809,0.06410832967792135,0.31025669168721803,0.036479246481051615,0.34673593816826964
28.235294117647058,0.5883399885001644,0.06381186027904821,0.31131818525375105,0.03652996596703617,0.3478481512207872
28.739495798319325,0.5875341899149392,0.06354138431016883,0.31234030024626985,0.03658412552862205,0.34892442577489186
29.243697478991596,0.5867390963161433,0.06329560092795435,0.31332375344214697,0.03664154931375529,0.34996530275590226
29.747899159663866,0.5859553857097626,0.06307327779679824,0.3142692694087691,0.03670206708467006,0.35097133649343915
30.252100840336134,0.585183660045733,0.06287324612248517,0.31517757980545946,0.03676551402632251,0.35194309383178196
30.7563025210084,0.5844244503067983,0.0626943961707561,0.3160494229584673,0.03683173056397819,0.3528811535224455
31.26050420168067,0.5836782218421503,0.06253567307144618,0.3168855429141381,0.03690056217226529,0.3537861050864034
31.764705882352942,0.5829453787739589,0.06239607306729379,0.3176866889435368,0.036971859215210456,0.35465854815874726
32.26890756302521,0.5822262684391374,0.0622746400265773,0.31845361475555584,0.0370454767787295,0.3554990915342853
32.773109243697476,0.581521185330769,0.06217046229695694,0.3191870778573504,0.03712127451492366,0.35630835237227404
33.27731092436974,0.5808303752762901,0.06208266972947034,0.31988783852150404,0.03719911647273547,0.3570869549942395
33.78151260504202,0.5801540387763701,0.06201043104587568,0.32055665920875986,0.03727887096899438,0.35783553017775427
34.285714285714285,0.5794923343268877,0.06195295139701374,0.3211943038229212,0.03736041045317748,0.35855471427609864
34.78991596638655,0.5788453816886725,0.06190947009673315,0.3218015368465442,0.037443611368050106,0.35924514821459436
35.294117647058826,0.5782132647037826,0.061879258615903286,0.3223791226524675,0.037528354027846635,0.3599074766803141
35.79831932773109,0.5775960344264933,0.06186161860931762,0.322927824483946,0.037614522480243225,0.3605423469641892
36.30252100840336,0.5769937113333867,0.061855880255300706,0.32344840399200225,0.03770200441931032,0.3611504084113126
36.80672268907563,0.5764062878193374,0.061861400657798826,0.3239416204491059,0.03779069107375777,0.3617323115228636
37.310924369747895,0.5758337307000964,0.061877562335727,0.32440822987665674,0.037880477087519814,0.36228870696417653
37.81512605042017,0.5752759829181482,0.06190377204023887,0.32484898458797445,0.03797126045363832,0.3628202450416128
38.319327731092436,0.5747329662272577,0.06193945933585071,0.32526463206391587,0.03806294237297588,0.3633275744368918
38.8235294117647,0.5742045826696963,0.06198407556188676,0.32565591457276916,0.03815542719564779,0.36381134176841695
39.32773109243698,0.5736907161113506,0.06203709283084967,0.32602356870137505,0.038248622356424795,0.3642721910577999
39.831932773109244,0.5731912341962375,0.06209800303374722,0.32636832450011743,0.03834243826989785,0.3647107627700153
40.33613445378151,0.5727059898957366,0.06216631693198966,0.32669090492033903,0.03843678825193476,0.3651276931722738
40.84033613445378,0.5722348225636699,0.06224156356409328,0.3269920253811796,0.038531588491057166,0.3655236138722368
41.344537815126046,0.5717775600022065,0.06232328922270865,0.3272723928648063,0.038626757910278704,0.36589915077508506
41.84873949579832,0.5713340193703339,0.06241105684782941,0.32753270565349446,0.03872221812834221,0.3662549237818366
42.35294117647059,0.5709040079783003,0.06250444550100458,0.3277736530858344,0.038817893434860765,0.3665915465206952
42.857142857142854,0.5704873244830958,0.06260304979273905,0.3279959149969561,0.03891371072720905,0.3669096257241651
43.36134453781513,0.5700837603306718,0.0627064791972217,0.3282001610647212,0.03900959940738523,0.36720976047210646
43.865546218487395,0.5696931004395284,0.06281435760754775,0.32838705060195306,0.039105491350970946,0.367492541952924
44.36974789915966,0.5693151239648919,0.0629263230448043,0.32855723210371174,0.03920132088659197,0.3677585529903037
44.87394957983193,0.5689496054949255,0.06304202703250929,0.32871134277306047,0.03929702469950483,0.36800836747256527
45.3781512605042,0.568596315775903,0.06316113401859137,0.32885000845327966,0.039392541752225896,0.36824255020550556
45.88235294117647,0.5682550217390279,0.06328332151377278,0.32897384338210645,0.03948781336509279,0.3684616567471993
46.38655462184874,0.5679254874096021,0.06340827935835901,0.32908345013576407,0.039582783096274894,0.36866623323203895
46.890756302521005,0.5676074748965036,0.06353570935217173,0.3291794190871433,0.03967739666418139,0.36885681575132473
47.39495798319328,0.567300744666294,0.06366532523000326,0.32926232812786715,0.03977160197583569,0.36903393010370283
47.89915966386555,0.5670050563494213,0.06379685202294824,0.3293327426195876,0.03986534900804296,0.36919809162763056
48.403361344537814,0.5667201688009883,0.06393002615717677,0.32939121518029674,0.03995858986153819,0.36934980504183496
48.90756302521008,0.5664458408658029,0.06406459481703523,0.3294382856781718,0.04005127863899024,0.369489564317162
49.41176470588235,0.5661818315295553,0.06420031571831004,0.3294744813289719,0.04014337142316271,0.3696178527521346
49.91596638655462,0.5659279001991808,0.06433695731287654,0.32950031615173,0.04023482633621272,0.3697351424879427
50.42016806722689,0.5656838072477784,0.06447429773446434,0.3295162916865334,0.040325603331223876,0.3698418950177573
50.924369747899156,0.5654493141082861,0.0646121255755107,0.3295228959471972,0.04041566436900595,0.36993856031620315
51.42857142857143,0.5652241839708555,0.06475023850594532,0.3295206043939247,0.040504973129274466,0.3700255775231992
51.9327731092437,0.5650081816584497,0.06488844428348758,0.32950987881340094,0.040593495244661874,0.3701033740580628
52.436974789915965,0.5648010740404719,0.06502655934488903,0.3294911685978193,0.04068119801681995,0.37017236661463926
52.94117647058823,0.5646026301850406,0.06516440939955426,0.329464909866495,0.04076805054891009,0.37023296041540515
53.4453781512605,0.5644126212793908,0.06530182895205841,0.3294315260958139,0.0408540236727368,0.3702855497685507
53.94957983193277,0.5642308211768833,0.06543866063347581,0.32939142838911895,0.04093908980052197,0.3703305181896409
54.45378151260504,0.5640570060704841,0.06557475612620142,0.3293450146571159,0.041023223146198516,0.3703682378033144
54.95798319327731,0.5638909550486804,0.06570997498506398,0.32929267049492655,0.04110639947132924,0.37039906996625577
55.46218487394958,0.5637324503692868,0.0658441847612079,0.32923476875864705,0.0411885961108584,0.3704233648695054
55.96638655462185,0.5635812775225713,0.06597726065928756,0.3291716699069539,0.041269791911187216,0.37044146181814114
56.470588235294116,0.563437225075721,0.0661090854906079,0.3291037221896512,0.0413499672440198,0.3704536894336711
56.97478991596638,0.5633000848857045,0.06623954931297042,0.32903126187015047,0.04142910393117474,0.3704603658013252
57.47899159663865,0.5631696515498723,0.06636854956926279,0.3289546135619866,0.0415071853188784,0.370461798880865
57.983193277310924,0.5630457224307357,0.0664959904774718,0.3288740909312022,0.041584196160590246,0.3704582870917924
58.48739495798319,0.5629280987383071,0.0666217830825068,0.3287899956050476,0.04166012257413853,0.37045011817918616
58.99159663865546,0.5628165859789543,0.066745844819545,0.32870261726828065,0.04173495193322002,0.3704375692015007
59.49579831932773,0.5627109932242222,0.06686809945392566,0.32861223441439547,0.04180867290745658,0.370420907321852
60.0,0.5626111318681839,0.06698847703964247,0.3285191155536842,0.04188127553848943,0.3704003910921736
60.0,0.5626111318681839,0.06698847703964247,0.3285191155536842,0.04188127553848943,0.3704003910921736
61.111111111111114,0.5908272249031984,0.07583462600155452,0.28848810262881575,0.044850046466431245,0.333338149095247
62.22222222222222,0.597616763773622,0.08871793257534769,0.26371340832358586,0.0499518953274444,0.3136653036510303
63.333333333333336,0.5950444631345835,0.10425146814378834,0.24440476957943197,0.05629929914219625,0.30070406872162825
64.44444444444444,0.5876167840525061,0.12159377278499531,0.22729053536293492,0.06349890779956387,0.2907894431624988
65.55555555555556,0.5773671039784298,0.14002771003504513,0.21127436866806265,0.0713308173184623,0.28260518598652495
66.66666666666667,0.565422400856884,0.15885577582021865,0.19607401132095575,0.07964781200194167,0.2757218233228974
67.77777777777777,0.552562815597043,0.17739334618122965,0.18170755496818433,0.08833628325354305,0.2700438382217274
68.88888888888889,0.5394181400586446,0.19500054900871455,0.16828154469132492,0.09729976624131587,0.2655813109326408
70.0,0.5265218467435858,0.21112504538243276,0.15590129977779268,0.10645180809618876,0.2623531078739815
70.0,0.5265218467435858,0.21112504538243276,0.15590129977779268,0.10645180809618876,0.2623531078739815
71.11111111111111,0.5073834386328868,0.2020287780495675,0.18159522343535855,0.10899255988218715,0.2905877833175457
72.22222222222223,0.5144727336598296,0.18507173703114332,0.19525224266237054,0.10520328664665661,0.30045552930902714
73.33333333333333,0.5267321188104381,0.16836293786321013,0.20487259790542597,0.10003234542092557,0.30490494332635154
74.44444444444444,0.5385552231631252,0.15362985936439716,0.2129653864451409,0.09484953102733673,0.30781491747247763
75.55555555555556,0.5487519170987116,0.1409728032218281,0.2202732871445493,0.0900019925349111,0.3102752796794604
76.66666666666667,0.5572468732507286,0.13015181668627204,0.2270371577141024,0.08556415234889679,0.3126013100629992
77.77777777777777,0.564219323169455,0.12089105958733685,0.23335500391943753,0.08153461332377061,0.3148896172432082
78.88888888888889,0.5698854901291848,0.11294427310794332,0.2392809124210593,0.07788932434181248,0.3171702367628718
80.0,0.5744457120976589,0.10610403152875532,0.2448527871204303,0.07459746925315547,0.31945025637358576
80.0,0.5744457120976589,0.10610403152875532,0.2448527871204303,0.07459746925315547,0.31945025637358576
81.11111111111111,0.5996877839520384,0.1130566017025835,0.21052673492451468,0.07672887942086346,0.2872556143453781
82.22222222222223,0.6006323924554872,0.12556056764956963,0.19088251907860584,0.0829245208163373,0.27380703989494315
83.33333333333333,0.5923788085252529,0.14032425827274025,0.17639263151999776,0.09090430168200887,0.26729693320200665
84.44444444444444,0.5803605880790332,0.1557683850497356,0.16411298689292214,0.09975803997830905,0.2638710268712312
85.55555555555556,0.5669528663471085,0.17092545161154377,0.15307986754157654,0.10904181449977104,0.2621216820413476
86.66666666666667,0.5533553126682494,0.18513640307267212,0.14299932639966392,0.11850895785941452,0.26150828425907846
87.77777777777777,0.5402525324662905,0.1979449425090221,0.1337970348357112,0.12800549018897608,0.26180252502468726
88.88888888888889,0.5280659323279965,0.2090544762700857,0.12545537456867145,0.13742421683324624,0.2628795914019177
90.0,0.5170547686247481,0.21830442403376824,0.11795711587356725,0.14668369146791635,0.2646408073414836
90.0,0.5170547686247481,0.21830442403376824,0.11795711587356725,0.14668369146791635,0.2646408073414836
91.11111111111111,0.5065771948378673,0.20224362867072182,0.14602912925886063,0.14515004723255015,0.2911791764914108
92.22222222222223,0.5222261662135965,0.17950995062491792,0.1630716252264158,0.1351922579350699,0.2982638831614857
93.33333333333333,0.5405877203785318,0.15889829739225078,0.17610224217528422,0.12441174005393328,0.3005139822292175
94.44444444444444,0.5564282895943341,0.1416853710821903,0.18732860264928056,0.11455773667419505,0.30188633932347564
95.55555555555556,0.5691179436563649,0.12753608770749034,0.19744287070811906,0.10590309792802567,0.3033459686361447
96.66666666666667,0.5790104138127757,0.11589866553083307,0.2067104539912886,0.09838046666510265,0.30509092065639126
97.77777777777777,0.5865958282728907,0.10628115764146798,0.2152692397947862,0.09185377429085521,0.3071230140856414
98.88888888888889,0.5923165441707312,0.09828763782859314,0.22321109634779518,0.08618472165288059,0.3093958180006757
100.0,0.5965382555246717,0.09160696715705247,0.23060569568471434,0.08124908163356166,0.31185477731827604
100.0,0.5965382555246717,0.09160696715705247,0.23060569568471434,0.08124908163356166,0.31185477731827604
101.11111111111111,0.6219529595180018,0.09725129744834485,0.19791096952053758,0.08288477351311568,0.2807957430336533
102.22222222222223,0.6228000588218338,0.10813143404700509,0.179902994719293,0.08916551241186807,0.2690685071311611
103.33333333333333,0.6143399256845218,0.12126421308355732,0.16697050195719604,0.0974253592747249,0.26439586123192094
104.44444444444444,0.6019953115619666,0.1352519125340731,0.15613834149614983,0.10661443440781043,0.2627527759039603
105.55555555555556,0.5881274572437015,0.1492363490899585,0.14641401233110987,0.11622218133522987,0.2626361936663397
106.66666666666667,0.5739309332046495,0.16261818751050044,0.1374851936369966,0.1259656856478535,0.26345087928485006
107.77777777777777,0.5600944070388251,0.1749628314532014,0.12927204560899958,0.13567071589897398,0.2649427615079735
108.88888888888889,0.5470521394580811,0.18596565938396467,0.12176224623882255,0.14521995491913184,0.2669822011579544
110.0,0.53508352558142,0.19543605637821662,0.11495127868835862,0.1545291393520048,0.26948041804036343
110.0,0.53508352558142,0.19543605637821662,0.11495127868835862,0.1545291393520048,0.26948041804036343
111.11111111111111,0.5228046012832437,0.18147331889006424,0.14399373819806133,0.15172834162863066,0.295722079826692
112.22222222222223,0.5373204430601796,0.1610597171216786,0.16155790430232017,0.14006193551582174,0.30161983981814194
113.33333333333333,0.5546196291356502,0.14258395826884446,0.17492392092081963,0.12787249167468576,0.3027964125955053
114.44444444444444,0.569376556789872,0.1272435678418332,0.18641388154362856,0.11696599382466615,0.30337987536829475
115.55555555555556,0.5809893592358505,0.11470875154597937,0.19675874554150263,0.10754314367666744,0.3043018892181701
116.66666666666667,0.5898451800021238,0.10445552372730141,0.2062375364977465,0.09946175977282817,0.3056992962705747
117.77777777777777,0.5964549648947918,0.09602391540505704,0.21499327574804145,0.09252784395210971,0.30752111970015117
118.88888888888889,0.6012708264105442,0.08904828721771194,0.22311984180163733,0.08656104457010659,0.3096808863717439
120.0,0.6046609835712409,0.08324425530285744,0.23068767089062908,0.08140709023527258,0.3120947611259016
120.0,0.6046609835712409,0.08324425530285744,0.23068767089062908,0.08140709023527258,0.3120947611259016
121.11111111111111,0.6301964903263405,0.08871288700164903,0.19806288741419437,0.08302773525781615,0.2810906226720105
122.22222222222223,0.6313322605548556,0.0991130510169796,0.18021513491948396,0.08933955350868072,0.2695546884281647
123.33333333333333,0.6231167452302744,0.11175262581950204,0.16746731043257831,0.09766331851764551,0.2651306289502238
124.44444444444444,0.6108946336041505,0.1253585689781503,0.15680718727600054,0.1069396101416984,0.2637467974176989
125.55555555555556,0.5970012687890252,0.1391294160865854,0.14722116553066858,0.11664814959372098,0.26386931512438955
126.66666666666667,0.5826304944069275,0.15248473558031322,0.13838799654056053,0.12649677347219865,0.2648847700127592
127.77777777777777,0.5684845490716537,0.1649846959113967,0.13022740839781802,0.1363033466191316,0.2665307550169496
128.88888888888889,0.5550199048406277,0.17630380478282695,0.12273177927008388,0.1459445111064615,0.2686762903765454
130.0,0.5425427305024154,0.18622145990619315,0.11590380552211416,0.1553320040692774,0.27123580959139154
130.0,0.5425427305024154,0.18622145990619315,0.11590380552211416,0.1553320040692774,0.27123580959139154
131.11111111111111,0.5289576888198633,0.17349207210424744,0.14519389700864851,0.15235634206724086,0.29755023907588934
132.22222222222223,0.5424261350395387,0.1543395869519857,0.16277630233160728,0.1404579756768682,0.30323427800847547
133.33333333333334,0.5588986499593449,0.1369246153256378,0.17608705695859392,0.1280896777564234,0.3041767347150173
134.44444444444446,0.5729812421290404,0.1224458860296429,0.18750881375079248,0.11706405809052428,0.30457287184131676
135.55555555555554,0.5840354206224306,0.11060858902273933,0.19778991063942233,0.10756607971540763,0.30535599035482996
136.66666666666666,0.592425680051519,0.10092252100516586,0.20721301259370364,0.09943878634961148,0.3066517989433151
137.77777777777777,0.5986461643576557,0.09295526206151325,0.21592083468031772,0.09247773890051328,0.308398573580831
138.88888888888889,0.6031354926433614,0.08636278184053325,0.22400599214976552,0.08649573336633964,0.31050172551610516
140.0,0.6062508406384992,0.0808774710008673,0.23153758996387094,0.08133409839676259,0.31287168836063356
140.0,0.6062508406384992,0.0808774710008673,0.23153758996387094,0.08133409839676259,0.31287168836063356
141.11111111111111,0.6318310966025709,0.086347143223188,0.1988454039328633,0.0829763562413778,0.28182176017424104
142.22222222222223,0.6330879060771841,0.0966489185137484,0.1809616111374846,0.08930156427158283,0.2702631754090674
143.33333333333334,0.6249846782668512,0.10918300748924388,0.16819133968693667,0.09764097455696828,0.26583231424390497
144.44444444444446,0.6128380859720247,0.12271387484933526,0.1575109548685927,0.10693708431004725,0.26444803917863996
145.55555555555554,0.5989740601623694,0.13645630626490407,0.1479007938173695,0.11666883975535691,0.2645696335727264
146.66666666666666,0.5845856870814478,0.14983468286896448,0.1390372303138353,0.1265423997357524,0.26557963004958773
147.77777777777777,0.5703793307454301,0.1624068856621462,0.13083994516009845,0.13637383843232523,0.2672137835924237
148.88888888888889,0.5568184764592488,0.17384068641989414,0.1233025620137556,0.14603827510710163,0.2693408371208572
150.0,0.5442177710189966,0.18390629351738264,0.1164295790104232,0.15544635645319754,0.27187593546362077
150.0,0.5442177710189966,0.18390629351738264,0.1164295790104232,0.15544635645319754,0.27187593546362077
151.11111111111111,0.5302626448010962,0.17153238480659663,0.145754933412697,0.15245003697961013,0.2982049703923071
152.22222222222223,0.5434159776458996,0.15273990514239288,0.16331450456844981,0.14052961264325778,0.3038441172117076
153.33333333333334,0.55964865663383,0.13561946426914293,0.1765862960644281,0.12814558303259907,0.30473187909702715
154.44444444444446,0.5735477522189013,0.121373127790964,0.18796827350675666,0.11711084648337798,0.30507911999013465
155.55555555555554,0.5844600898296851,0.10971892070242487,0.1982128390333793,0.10760815043451065,0.30582098946788994
156.66666666666666,0.5927401054699588,0.10017805700174,0.20760323013190823,0.09947860739639294,0.30708183752830115
157.77777777777777,0.5988746825809993,0.09232697094444905,0.21628180104956995,0.09251654542498168,0.3087983464745516
158.88888888888889,0.6032969930328065,0.0858283100629724,0.22434063669884516,0.08653406020537611,0.3108746969042213
160.0,0.6063600555049415,0.08041948141388781,0.2318483529442971,0.08137211013687348,0.3132204630811706
160.0,0.6063600555049415,0.08041948141388781,0.2318483529442971,0.08137211013687348,0.3132204630811706
161.11111111111111,0.6319519440946861,0.08590077858579115,0.19912587619149952,0.08302140112802331,0.2821472773195229
162.22222222222223,0.6332376920473108,0.09619257794573548,0.18121837387161413,0.08935135613533961,0.2705697300069537
163.33333333333334,0.6251621789803499,0.10871448371173865,0.16842811723464696,0.09769522007326446,0.26612333730791143
164.44444444444446,0.6130364373685735,0.12223836474426887,0.15772943930147781,0.10699575858567985,0.26472519788715765
165.55555555555554,0.5991845459886214,0.13598198312353746,0.14810169570952492,0.11673177517831632,0.2648334708878412
166.66666666666666,0.5847994739825633,0.14937043265403233,0.13922091231924866,0.12660918104415578,0.2658300933634044
167.77777777777777,0.5705884339952352,0.16196098133415662,0.13100676937529224,0.13644381529531602,0.2674505846706083
168.88888888888889,0.5570163004118701,0.1734200162100018,0.12345305580247627,0.14611062757565174,0.269563683378128
170.0,0.544399350580322,0.1835159831998096,0.1165644870504809,0.1555201791693877,0.2720846662198686
170.0,0.544399350580322,0.1835159831998096,0.1165644870504809,0.1555201791693877,0.2720846662198686
171.11111111111111,0.5303844755598319,0.1712101042331481,0.1458882423799537,0.1525171778270662,0.29840542020701993
172.22222222222223,0.5434836533851221,0.15248696251399826,0.16343839118880477,0.14059099291207494,0.3040293841008797
173.33333333333334,0.5596766045212936,0.13542208185478555,0.176699236926406,0.12820207669751468,0.3049013136239207
174.44444444444446,0.5735475939300966,0.12121840038141383,0.18807074048071135,0.11716326520777814,0.3052340056884895
175.55555555555554,0.5844403216974238,0.10959685572482736,0.19830574499738957,0.10765707758035932,0.30596282257774887
176.66666666666666,0.59270690901659,0.10008117549598697,0.20768747756182362,0.09952443792559942,0.30721191548742305
177.77777777777777,0.5988325739474513,0.09224968709164325,0.2163581795147008,0.09255955944620477,0.3089177389609056
178.88888888888889,0.6032492797763871,0.08576642636465899,0.22440981897674095,0.08657447488221293,0.3109842938589539
180.0,0.6063091600155753,0.0803698163478681,0.23191091483141354,0.08141010880514307,0.3133210236365566
180.0,0.6063091600155753,0.0803698163478681,0.23191091483141354,0.08141010880514307,0.3133210236365566
181.11111111111111,0.6319031549205938,0.08585543499727756,0.19918116033654873,0.08306024974557988,0.2822414100821286
182.22222222222223,0.633192848383594,0.09614854438374242,0.18126697376415277,0.0893916334685108,0.27065860723266355
183.33333333333334,0.6251212898928576,0.10867115050276067,0.16847063919195585,0.09773692041242582,0.26620755960438164
184.44444444444446,0.6129990565712801,0.12219591816491879,0.1577664277015815,0.10703859756221969,0.2648050252638012
185.55555555555554,0.599150087052718,0.1359408757241511,0.1481336915051314,0.1167753457179995,0.26490903722313086
186.66666666666666,0.5847673545910901,0.14933115185880336,0.13924846024652193,0.12665303330358468,0.2659014935501066
187.77777777777777,0.5705581529579631,0.16192394068915428,0.1310304047454413,0.13648750160744128,0.2675179063528826
188.88888888888889,0.5569874699816119,0.17338551071846128,0.12347328906422429,0.14615373023570258,0.2696270192999269
190.0,0.5443716988364764,0.18348418139899395,0.11658179171606937,0.1555623280484603,0.2721441197645297
190.0,0.5443716988364764,0.18348418139899395,0.11658179171606937,0.1555623280484603,0.2721441197645297
191.11111111111111,0.5303562531277358,0.17118518201455935,0.14590304911747437,0.15255551574023055,0.2984585648577049
192.22222222222223,0.5434538476085604,0.1524696033643438,0.16345120051721523,0.1406253485098805,0.3040765490270957
193.33333333333334,0.5596460604193644,0.13541065126748927,0.1767104273438487,0.12823286096929756,0.3049432883131463
194.44444444444446,0.5735172580718385,0.12121129545559929,0.1880805229107957,0.11719092356176661,0.30527144647256227
195.55555555555554,0.5844108784379608,0.10959286285785878,0.19831425216567428,0.1076820065385061,0.3059962587041804
196.66666666666666,0.5926787936431805,0.1000794222242281,0.20769480512539829,0.09954697900719325,0.3072417841325915
197.77777777777777,0.5988060394153691,0.09224955099861167,0.21636440398793616,0.09258000559808303,0.3089444095860192
198.88888888888889,0.603224454482763,0.0857674614192442,0.2244150064544298,0.086593077643563,0.3110080840979928
200.0,0.6062860895970202,0.08037170025818927,0.23191512565668435,0.08142708448810604,0.3133422101447904
200.0,0.6062860895970202,0.08037170025818927,0.23191512565668435,0.08142708448810604,0.3133422101447904
201.11111111111111,0.6318803355899577,0.08585817375882557,0.1991844859500018,0.08307700470121497,0.28226149065121675
202.22222222222223,0.6331699810150959,0.09615199573524753,0.18126925472703165,0.089408768522625,0.2706780232496567
203.33333333333334,0.6250984390389752,0.10867514942435949,0.16847189235810892,0.09775451917855646,0.2662264115366654
204.44444444444446,0.612976422925327,0.12220025651614304,0.15776676578338109,0.1070565547751489,0.26482332055853003
205.55555555555554,0.5991279149607626,0.1359453179675077,0.14813327970310655,0.11679348736862319,0.26492676707172974
206.66666666666666,0.5847458924245916,0.1493354577004041,0.13924748079618576,0.12667116907881845,0.2659186498750042
207.77777777777777,0.5705376308426149,0.1619278874990652,0.13102903219594186,0.136505449462378,0.26753448165831983
208.88888888888889,0.5569680838396994,0.17338891209665835,0.12347167601601107,0.1461713280476312,0.2696430040636423
210.0,0.5443535992905306,0.1834868994783762,0.1165800625666155,0.1555794386644776,0.2721595012310931
210.0,0.5443535992905306,0.1834868994783762,0.1165800625666155,0.1555794386644776,0.2721595012310931
211.11111111111111,0.5303410883614443,0.1711874135297683,0.1459005970295457,0.1525709010792417,0.29847149810878737
212.22222222222223,0.5434410042263855,0.1524716681011422,0.163448608438056,0.14063871923441632,0.3040873276724723
213.33333333333334,0.5596350391637337,0.1354126076722162,0.17670790403780162,0.12824444912624833,0.30495235316404995
214.44444444444446,0.5735077529894781,0.12121313533999453,0.18807811183654316,0.11720099983398426,0.30527911167052746
215.55555555555554,0.5844026689145987,0.10959457629639753,0.19831194587273004,0.10769080891627364,0.3060027547890037
216.66666666666666,0.5926717014096481,0.10008100740934811,0.207692584196231,0.09955470698477284,0.30724729118100386
217.77777777777777,0.5987999143334858,0.09225101232055355,0.2163622489116817,0.0925868244342789,0.3089490733459606
218.88888888888889,0.603219168772474,0.08576880656467988,0.22441290085978566,0.08659912380306048,0.3110120246628461
220.0,0.6062815342794218,0.08037293819327987,0.23191305684533642,0.08143247068196181,0.3133455275272983
220.0,0.6062815342794218,0.08037293819327987,0.23191305684533642,0.08143247068196181,0.3133455275272983
221.11111111111111,0.6318758048667228,0.08585945454756715,0.19918250738620463,0.08308223319950545,0.2822647405857101
222.22222222222223,0.6331652867681242,0.09615333901993146,0.1812672823406191,0.08941409187132526,0.2706813742119444
223.33333333333334,0.6250935997365994,0.10867650960266474,0.16846990332312034,0.09775998733761554,0.2662298906607359
224.44444444444446,0.612971519396981,0.12220156105117522,0.15776477326143118,0.10706214629041273,0.2648269195518439
225.55555555555554,0.5991230461545374,0.13594648604205,0.1481313138080641,0.11679915399534851,0.2649304678034127
226.66666666666666,0.5847411569694636,0.14933641262733227,0.1392455757767515,0.1266768546264526,0.26592243040320407
227.77777777777777,0.5705331172247908,0.161928565439099,0.13102721884553953,0.13651109849057058,0.2675383173361101
228.88888888888889,0.5569638644578647,0.1733892675748958,0.12346997797931449,0.14617688998792502,0.2696468679672395
230.0,0.5443497272545351,0.1834869078224025,0.11657849523549538,0.15558486968756688,0.27216336492306226
230.0,0.5443497272545351,0.1834869078224025,0.11657849523549538,0.15558486968756688,0.27216336492306226
231.11111111111111,0.530338139349747,0.17118718840619318,0.14589894713580762,0.15257572510825224,0.2984746722440598
232.22222222222223,0.5434388491999594,0.15247132742921482,0.16344702998627625,0.14064279338454957,0.3040898233708258
233.33333333333334,0.5596334734529006,0.13541221296593872,0.17670644207611194,0.1282478715050489,0.3049543135811609
234.44444444444446,0.573506629968474,0.12121271522080355,0.18807676799060363,0.11720388682011874,0.30528065481072236
235.55555555555554,0.5844018846600166,0.10959414598040701,0.19831070969341758,0.10769325966615877,0.30600396935957636
236.66666666666666,0.592671179211265,0.1000805759454101,0.20769144344913903,0.09955680139418585,0.30724824484332486
237.77777777777777,0.5987995960663145,0.09225058531864666,0.21636119245147412,0.0925886261635647,0.30894981861503884
238.88888888888889,0.6032190097644461,0.08576838746875562,0.2244119192080753,0.08660068355872291,0.3110126027667982
240.0,0.6062814998866551,0.08037252901583877,0.23191214211029992,0.08143382898720623,0.31334597109750617
240.0,0.6062814998866551,0.08037252901583877,0.23191214211029992,0.08143382898720623,0.31334597109750617
241.11111111111111,0.631875782798729,0.08585900882664678,0.19918166719060856,0.08308354118401567,0.28226520837462427
242.22222222222223,0.6331652379055949,0.09615283873390942,0.18126649937214848,0.08941542398834719,0.2706819233604957
243.33333333333334,0.6250935254655298,0.10867594160026804,0.16846917091399685,0.09776136202020548,0.2662305329342023
244.44444444444446,0.6129714306906201,0.12220091627817876,0.15776409102954078,0.10706356200166045,0.26482765303120126
245.55555555555554,0.5991229559477588,0.13594575945329507,0.14813068357431602,0.11680060102463015,0.2649312845989462
246.66666666666666,0.5847410773954904,0.14933560328687806,0.13924499927614484,0.1266783200414866,0.26592331931763147
247.77777777777777,0.5705330583386118,0.16192767647781584,0.1310266966771869,0.13651256850638546,0.26753926518357235
248.88888888888889,0.5569638336183056,0.1733883058707969,0.12346950930488326,0.1461783512060143,0.26964786051089756
250.0,0.5443497289366549,0.1834858833900293,0.11657807788621484,0.15558630978710097,0.2721643876733158
250.0,0.5443497289366549,0.1834858833900293,0.11657807788621484,0.15558630978710097,0.2721643876733158
251.11111111111111,0.5303382412093052,0.171186217978628,0.1458985514892891,0.1525769893227777,0.2984755408120668
252.22222222222223,0.5434390513500075,0.1524704466990069,0.16344666798127835,0.14064383396970725,0.30409050195098564
253.33333333333334,0.5596337414069981,0.13541142257656405,0.17670611502716208,0.12824872098927587,0.3049548360164379
254.44444444444446,0.5735069365685396,0.12121200611740471,0.18807647352414825,0.11720458378990745,0.3052810573140557
255.55555555555554,0.58440221152981,0.10959350773108656,0.19831044466248343,0.10769383607662007,0.3060042807391035
256.6666666666667,0.592671514095728,0.10007999893168938,0.20769120487123388,0.09955728210134875,0.30724848697258267
257.77777777777777,0.5987999308007882,0.0922500611805363,0.21636097772107235,0.09258903029760307,0.30895000801867545
258.8888888888889,0.6032193389464123,0.08576790908257782,0.2244117260909301,0.08660102588007972,0.3110127519710098
260.0,0.6062818199989677,0.08037209035498782,0.23191196868670097,0.08143412095934345,0.3133460896460444
