Generation,xOC,xOB,xMMd,xMMr,total xMM
0.0,0.26666666666666666,0.4,0.26666666666666666,0.06666666666666667,0.3333333333333333
0.5042016806722689,0.4306197298219996,0.3026013673298662,0.21417903889271608,0.052599863955418165,0.26677890284813427
1.0084033613445378,0.5026343436314861,0.2532920309866598,0.1974926151175058,0.04658101026434848,0.24407362538185426
1.5126050420168067,0.5421793427393942,0.22140737605942803,0.1931259731254723,0.04328730807570552,0.23641328120117786
2.0168067226890756,0.5672943934636794,0.1976708204978778,0.19392315373707406,0.041111632301368765,0.23503478603844283
2.5210084033613445,0.5850171272282434,0.17849406476525076,0.19704726304847345,0.0394415449580324,0.23648880800650585
3.0252100840336134,0.5984911706071462,0.1622717784822353,0.20121892660858837,0.03801812430203005,0.23923705091061842
3.5294117647058822,0.6092503932032596,0.1481975206101941,0.20582460104680078,0.03672748513974542,0.2425520861865462
4.033613445378151,0.6181006088176393,0.13581647867662522,0.21056340220792502,0.035519510297810454,0.2460829125057355
4.53781512605042,0.6254987893957068,0.12483968206109115,0.21528871836362384,0.03437281017957812,0.24966152854320198
5.042016806722689,0.6317270175928175,0.11506231714783005,0.21993184564004598,0.03327881961930643,0.25321066525935243
5.546218487394958,0.6369755611533827,0.10632633937728919,0.22446366035777732,0.032234439111550724,0.25669809946932803
6.050420168067227,0.6413837212060964,0.0985026673408874,0.2288749664493066,0.031238645003709452,0.2601136114530161
6.554621848739496,0.6450604623590397,0.09148224311804325,0.2331663197499747,0.03029097477294244,0.26345729452291716
7.0588235294117645,0.6480951647083103,0.08517118525195373,0.2373427518375012,0.02939089820223475,0.2667336500397359
7.563025210084033,0.6505634740121158,0.07948787544374813,0.24141105069642593,0.028537599847710104,0.269948650544136
8.067226890756302,0.6525306680058818,0.0743609967499485,0.2453783896756474,0.027729945568522235,0.2731083352441696
8.571428571428571,0.6540537492544208,0.0697280688481394,0.24925165857959344,0.026966523317846387,0.27621818189743985
9.07563025210084,0.6551828511280806,0.06553427260362808,0.2530371679830287,0.026245708285262542,0.27928287626829124
9.579831932773109,0.6559622646009916,0.06173146280313243,0.2567405433461389,0.025565729249737053,0.28230627259587593
10.084033613445378,0.6564312355453635,0.05827731972278042,0.2603667174417401,0.024924727290115887,0.285291444731856
10.588235294117647,0.6566246160469597,0.05513461211386832,0.2639199676417217,0.024320804197450207,0.2882407718391719
11.092436974789916,0.656573410186986,0.052270553974755184,0.26740397551869405,0.023752060319564682,0.2911560358382587
11.596638655462185,0.656305242490977,0.049656242744495656,0.27082189166007387,0.023216623104453406,0.2940385147645273
12.100840336134453,0.6558447647443884,0.04726616932940323,0.2741763977189061,0.022712668207302254,0.29688906592620834
12.605042016806722,0.6552140046040085,0.04507779083272516,0.27746977039913284,0.022238434164133618,0.29970820456326647
13.109243697478991,0.6544326765303538,0.043071158233750524,0.2807039330472778,0.02179223218861803,0.30249616523589584
13.61344537815126,0.6535184507019356,0.041228592475151725,0.28388050464053927,0.02137245218237334,0.30525295682291265
14.117647058823529,0.6524871852800557,0.03953440286465712,0.2870008459676415,0.020977565887645714,0.3079784118552873
14.621848739495798,0.6513531370538126,0.03797464171654401,0.2900660935282964,0.020606127701346847,0.3106722212296432
15.126050420168067,0.6501291379817772,0.036536891524299765,0.29307719632184576,0.02025677417207732,0.3133339704939231
15.630252100840336,0.6488267552614104,0.03521007931625021,0.2960349433554035,0.019928222066935918,0.3159631654223394
16.134453781512605,0.6474564296924266,0.033984315229562516,0.29893998931502325,0.01961926576298763,0.31855925507801086
16.63865546218487,0.6460275965915273,0.03285075192131698,0.30179287739175836,0.019328774095397357,0.3211216514871557
17.142857142857142,0.6445487936243587,0.03180146184928072,0.3045940577160392,0.019055686810321368,0.3236497445263605
17.647058823529413,0.6430277561960712,0.0308293300713008,0.3073439029579766,0.018799010774651407,0.32614291373262805
18.15126050420168,0.6414714965165459,0.029927961018080398,0.3100427260715985,0.018557816393775267,0.3286005424653738
18.655462184873947,0.639886378848849,0.029091596477083027,0.3126907909322211,0.018331233741846985,0.33102202467406805
19.159663865546218,0.6382781850619805,0.02831504381892596,0.31528832230320436,0.01811844881588912,0.33340677111909345
19.66386554621849,0.6366521697209995,0.0275936132434136,0.3178355169898234,0.017918700045763545,0.3357542170355869
20.168067226890756,0.6350131113975069,0.02692306249171084,0.3203325512875257,0.017731274823256427,0.3380638261107822
20.672268907563023,0.6333653576488059,0.0262995482328214,0.3227795879129402,0.01755550620543252,0.3403350941183727
21.176470588235293,0.6317128643400955,0.025719583322553332,0.32517678248969845,0.017390769847652685,0.34256755233735114
21.680672268907564,0.6300592287071837,0.025179999276456144,0.32752429077365813,0.01723648124270197,0.34476077201636013
22.18487394957983,0.6284077265437221,0.024677912530117568,0.3298222682413627,0.017092092684797618,0.3469143609261603
22.6890756302521,0.626761339464085,0.024210694948782086,0.3320708748982843,0.016957090688848597,0.3490279655871329
23.19327731092437,0.6251227731657015,0.023775948181747126,0.3342702847023507,0.016830993950200695,0.35110127865255136
23.69747899159664,0.6234944859889149,0.02337148011176764,0.33642068307321027,0.016713350826107125,0.3531340338993174
24.201680672268907,0.6218787117241704,0.02299528419076493,0.3385222668895817,0.016603737195482953,0.3551260040850647
24.705882352941174,0.6202774714885035,0.022645521398419594,0.3405752523830946,0.01650175472998232,0.35707700711307694
25.210084033613445,0.618692594980631,0.022320503724366003,0.34257987234792503,0.01640702894707804,0.3589869012950031
25.714285714285715,0.6171257340897717,0.02201867963355954,0.34453637872351817,0.01631920755315058,0.3608555862766688
26.218487394957982,0.6155783767138062,0.021738621082407497,0.34644504328360703,0.01623795892017936,0.3626830022037864
26.72268907563025,0.614051859158938,0.021479011853816628,0.3483061583632327,0.01616297062401273,0.3644691289872454
27.22689075630252,0.6125473779529018,0.02123863719553021,0.3501200366620336,0.01609394818953444,0.3662139848515681
27.73109243697479,0.6110659981395172,0.021016374221599493,0.35188701407136197,0.01603061356752141,0.36791762763888336
28.235294117647058,0.6096086658204857,0.02081118380412531,0.353607446035459,0.01597270433993002,0.36958015037538905
28.739495798319325,0.6081762162600236,0.020622103047521545,0.355281708009164,0.015919972683290883,0.37120168069245485
29.243697478991596,0.6067693802482189,0.020448238095321813,0.35691019769969706,0.015872183956762244,0.37278238165645927
29.747899159663866,0.6053887915752868,0.02028875832596399,0.3584933339567504,0.015829116141998743,0.37432245009874915
30.252100840336134,0.6040349943543172,0.02014289074409891,0.36003155598009273,0.015790558921491216,0.37582211490158396
30.7563025210084,0.6027084505180328,0.020009914918329225,0.3615253217174945,0.015756312846143563,0.3772816345636381
31.26050420168067,0.6014095452222501,0.019889158440103295,0.3629751077512743,0.015726188586372366,0.37870129633764665
31.764705882352942,0.6001385912411072,0.019779992935807515,0.3643814094558485,0.015700006367236695,0.3800814158230852
32.26890756302521,0.5988958333235205,0.019681830308813816,0.365744741077874,0.015677595289791707,0.3814223363676657
32.773109243697476,0.5976814547071275,0.019594119304641083,0.367065633304703,0.015658792683528377,0.3827244259882313
33.27731092436974,0.5964955820730985,0.019516342459877593,0.36834463186906646,0.015643443597957437,0.3839880754670239
33.78151260504202,0.595338287834637,0.01944801338168394,0.36958229843617924,0.01563140034749984,0.38521369878367906
34.285714285714285,0.5942095941415254,0.019388674195301093,0.370779209650096,0.015622522013077579,0.38640173166317354
34.78991596638655,0.5931094784724755,0.019337893195343122,0.37193595431811566,0.015616674014065683,0.38755262833218135
35.294117647058826,0.5920378737459868,0.019295262832546397,0.3730531356897633,0.015613727731703574,0.38866686342146683
35.79831932773109,0.5909946744571625,0.019260397702542058,0.37413136776809497,0.015613560072200565,0.3897449278402955
36.30252100840336,0.5899797382262865,0.01923293285352497,0.37517127575852666,0.01561605316166194,0.3907873289201886
36.80672268907563,0.588992889089195,0.019212522175586902,0.3761734947194195,0.015621094015798516,0.39179458873521805
37.310924369747895,0.5880339197967139,0.019198836955920902,0.37713866900972587,0.015628574237639397,0.3927672432473652
37.81512605042017,0.5871025946154487,0.019191564538898608,0.3780674511086003,0.01563838973705247,0.39370584084565274
38.319327731092436,0.5861986514170555,0.019190407121321737,0.37896050098896755,0.015650440472655163,0.39461094146162273
38.8235294117647,0.5853218041112468,0.01919508063320593,0.3798184850481395,0.01566463020740775,0.3954831152555472
39.32773109243698,0.5844717445940708,0.019205313728485884,0.3806420753913487,0.015680866286094542,0.39632294167744325
39.831932773109244,0.5836481447551295,0.019220846854689565,0.3814319489642811,0.015699059425899872,0.397131008390181
40.33613445378151,0.582850658194462,0.019241431413077603,0.38218878686951147,0.01571912352294906,0.39790791039246054
40.84033613445378,0.5820789223006667,0.0192668289667791,0.38291327326738794,0.015740975465166146,0.3986542487325541
41.344537815126046,0.5813325595971203,0.01929681054585989,0.3836060948855207,0.015764534971499038,0.39937062985701977
41.84873949579832,0.5806111793587515,0.019331155995582817,0.38426794021114064,0.015789724434525074,0.4000576646456658
42.35294117647059,0.579914379028569,0.01936965338914322,0.384899498806198,0.015816468776089578,0.40071596758228756
42.857142857142854,0.579241745705366,0.01941209848541579,0.3855014605007433,0.015844695308475012,0.40134615580921834
43.36134453781513,0.578592857535783,0.01945829422738696,0.38607451462899595,0.015874333607834096,0.40194884823682997
43.865546218487395,0.5779672846118242,0.019508050308489382,0.38661934967187545,0.015905315407810802,0.4025246650796862
44.36974789915966,0.5773645902775468,0.01956118275504705,0.3871366524807615,0.015937574486644606,0.4030742269674061
44.87394957983193,0.5767843322147704,0.019617513551613237,0.38762710766667896,0.015971046566937337,0.40359815423361634
45.3781512605042,0.5762260633526948,0.019676870322396244,0.3880913970973004,0.01600566922760868,0.40409706632490905
45.88235294117647,0.5756893331726981,0.019739085990626765,0.38853019903048847,0.01604138180618675,0.4045715808366752
46.38655462184874,0.5751736882387083,0.019803998522835493,0.3889441879062507,0.01607812533220557,0.4050223132384563
46.890756302521005,0.5746786728852736,0.01987145067421911,0.38933403398268707,0.016115842457820297,0.4054498764405074
47.39495798319328,0.5742038303396085,0.01994128974670929,0.3897004025353565,0.016154477378325614,0.40585487991368213
47.89915966386555,0.573748703305605,0.020013367383351285,0.3900439535373492,0.016193975773694552,0.4062379293110438
48.403361344537814,0.5733128344738269,0.020087539435078353,0.390365341322521,0.016234284768573762,0.4065996260910948
48.90756302521008,0.572895767687932,0.02016366572106297,0.39066521373991403,0.016275352851090986,0.406940566591005
49.41176470588235,0.572497048305756,0.02024160987334571,0.39094421199567553,0.01631712982522275,0.4072613418208983
49.91596638655462,0.5721162232497603,0.020321239258807428,0.3912029706973017,0.016359566794130507,0.40756253749143223
50.42016806722689,0.5717528415821771,0.020402424872130103,0.3914421174215312,0.016402616124161617,0.4078447335456928
50.924369747899156,0.5714064555962594,0.020485041135098636,0.39166227190496106,0.016446231363681018,0.4081085032686421
51.42857142857143,0.5710766209401663,0.020568965814420834,0.3918640460273152,0.01649036721809759,0.4083544132454128
51.9327731092437,0.5707628966088808,0.020654080156899804,0.3920480436278525,0.016534979606366858,0.40858302323421936
52.436974789915965,0.5704648463555286,0.020740268426738765,0.392214859742947,0.016580025474785504,0.40879488521773255
52.94117647058823,0.5701820381495517,0.020827418122101374,0.392365080840102,0.016625462888244964,0.408990543728347
53.4453781512605,0.5699140446890819,0.02091541986913443,0.3924992844524166,0.01667125098936701,0.40917053544178367
53.94957983193277,0.5696604433461507,0.02100416724009075,0.3926180394828241,0.016717349930934308,0.4093353894137584
54.45378151260504,0.5694208165238266,0.021093556955933526,0.3927219055665965,0.01676372095364352,0.40948562652024
54.95798319327731,0.5691947524304841,0.021183488544356865,0.3928114327862467,0.01681032623891231,0.40962175902515896
55.46218487394958,0.5689818450728413,0.021273864508887293,0.3928871614401242,0.01685712897814709,0.40974429041827126
55.96638655462185,0.5687816946315634,0.0213645902457242,0.3929496217865959,0.016904093336116525,0.40985371512271246
56.470588235294116,0.5685939069051434,0.02145557392862282,0.3929993347529387,0.016951184413295108,0.4099505191662338
56.97478991596638,0.5684180938166082,0.021546726689689117,0.3930368111788054,0.016998368314897174,0.41003517949370255
57.47899159663865,0.5682538733876076,0.02163796234710124,0.39306255222765596,0.017045612037635275,0.4101081642652912
57.983193277310924,0.5681008701965069,0.021729197539679963,0.3930770487450499,0.01709288351876342,0.4101699322638134
58.48739495798319,0.5679587156195869,0.021820351663200652,0.3930807811099661,0.017140151607246377,0.41022093271721244
58.99159663865546,0.5678270480624645,0.02191134698571365,0.3930742188401979,0.017187386111623997,0.4102616049518219
59.49579831932773,0.5677055124273451,0.02200210839055946,0.39305782148642326,0.017234557695672257,0.41029237918209555
60.0,0.5675937606939597,0.02209256316495232,0.39303203835588696,0.01728163778520105,0.410313676141088
60.0,0.5675937606939597,0.02209256316495232,0.39303203835588696,0.01728163778520105,0.410313676141088
61.25,0.6369113034966553,0.02893040150313554,0.313181521803683,0.020976773196526147,0.33415829500020916
62.5,0.6637389203685223,0.040197429811748876,0.2687665930717454,0.02729705674798348,0.2960636498197289
63.75,0.6711135082354058,0.05608129697598162,0.2366178254689484,0.036187369319664126,0.2728051947886126
65.0,0.6661739468727499,0.0765699351704446,0.20949003910925493,0.047766078847550526,0.2572561179568055
65.0,0.6661739468727499,0.0765699351704446,0.20949003910925493,0.047766078847550526,0.2572561179568055
66.07142857142857,0.6109603149973929,0.07967481931429132,0.25681155295604685,0.05255331273226881,0.30936486568831567
67.14285714285714,0.5971190198814396,0.0756642332893071,0.2753121566022458,0.05190459022700752,0.32721674682925334
68.21428571428571,0.596549278466274,0.07008820129422748,0.2836769188830294,0.04968560135646911,0.3333625202394985
69.28571428571429,0.5991909428929948,0.06466020155340961,0.2889528492132641,0.04719600634033171,0.3361488555535958
70.35714285714286,0.6021602969438832,0.0597680704337664,0.2932798850301482,0.04479174759220217,0.33807163262235035
71.42857142857143,0.604722894474357,0.05544534657628517,0.29727348544089927,0.0425582735084586,0.3398317589493579
72.5,0.6067409673070323,0.05164261635107439,0.3011086730287651,0.040507743313128064,0.3416164163418932
73.57142857142857,0.6082352733917966,0.04829716493477369,0.3048348804955562,0.038632681177873385,0.3434675616734295
74.64285714285714,0.6092638673691021,0.045349909099780726,0.30846562137622513,0.03692060215489202,0.34538622353111714
75.71428571428571,0.6098889528208981,0.04274883334414975,0.31200406324307967,0.03535815059187257,0.3473622138349522
76.78571428571428,0.6101682293558547,0.0404490279031876,0.31545039099716893,0.033932351743788836,0.34938274274095776
77.85714285714286,0.6101530911018046,0.038411936641403126,0.3188039541516201,0.03263101810517224,0.3514349722567924
78.92857142857143,0.6098887080151377,0.03660449541175219,0.3220639155809997,0.03144288099211039,0.3535067965731101
80.0,0.6094145890098427,0.03499833241724296,0.3252294628618312,0.030357615711083228,0.35558707857291444
80.0,0.6094145890098427,0.03499833241724296,0.3252294628618312,0.030357615711083228,0.35558707857291444
81.25,0.6706062003250013,0.04304681127959961,0.2512047528537252,0.035142235541673957,0.2863469883953991
82.5,0.6861920083612774,0.05674877254417468,0.21285723409009205,0.04420198500445585,0.25705921909454793
83.75,0.6821569724048241,0.07501242615878251,0.186165529885753,0.056665071550640454,0.24283060143639346
85.0,0.6668663674966362,0.09672243655567725,0.16428783771628847,0.0721233582313981,0.23641119594768653
85.0,0.6668663674966362,0.09672243655567725,0.16428783771628847,0.0721233582313981,0.23641119594768653
86.07142857142857,0.61650073464136,0.09621806198270683,0.21086701077782863,0.07641419259810447,0.2872812033759331
87.14285714285714,0.6090362874179571,0.08724116114409435,0.23137123692904268,0.07235131450890586,0.3037225514379485
88.21428571428571,0.6128944082686346,0.07755950318436614,0.2429063798718865,0.06663970867511264,0.30954608854699917
89.28571428571429,0.6182773170158795,0.06902388306889463,0.25155699431541295,0.0611418055998128,0.31269879991522576
90.35714285714286,0.6228507343628216,0.061816589840706426,0.2590993560237886,0.056233319772683275,0.3153326757964719
91.42857142857143,0.6262393243472925,0.05577544296210629,0.26605583256263726,0.051929400127963925,0.3179852326906012
92.5,0.6285301312916494,0.0507016558199707,0.27259990604254175,0.04816830684583816,0.32076821288837987
93.57142857142857,0.6298956084102371,0.04642141731619836,0.278804206951491,0.044878767322073694,0.3236829742735647
94.64285714285714,0.6305030558106399,0.04279283717286935,0.28470877959728536,0.041995327419205516,0.3267041070164909
95.71428571428571,0.6304962227995978,0.03970189737994957,0.2903407461559314,0.0394611336645213,0.3298018798204527
96.78571428571428,0.629994677386183,0.037057091771123665,0.29572058135955576,0.03722764948313766,0.3329482308426934
97.85714285714286,0.6290970446544353,0.03478474030926738,0.3008645399808917,0.035253675055405845,0.3361182150362975
98.92857142857143,0.6278846114518016,0.03282523047303234,0.30578586831946025,0.03350428975570568,0.33929015807516594
100.0,0.6264244861866957,0.03113007204304992,0.31049556027277064,0.03194988149748382,0.3424454417702545
100.0,0.6264244861866957,0.03113007204304992,0.31049556027277064,0.03194988149748382,0.3424454417702545
101.25,0.6866653508807594,0.03800602808711251,0.23869403591706242,0.036634585115065704,0.27532862103212813
102.5,0.7016987818696929,0.05002337840152745,0.20243983197759027,0.045838007751189486,0.2482778397287798
103.75,0.6975421460116727,0.06622085813919579,0.17768624588520476,0.05855074996392673,0.2362369958491315
105.0,0.6823744428902606,0.08569875470709792,0.15760900546893966,0.07431779693370176,0.23192680240264144
105.0,0.6823744428902606,0.08569875470709792,0.15760900546893966,0.07431779693370176,0.23192680240264144
106.07142857142857,0.6309923067377191,0.0853600421405161,0.2054202352341363,0.07822741588762851,0.2836476511217648
107.14285714285714,0.6224734129881899,0.0772456893443536,0.22686077409594152,0.07342012357151495,0.30028089766745647
108.21428571428571,0.6252789871968817,0.06854591432029236,0.2391063678873322,0.06706873059549373,0.3061750984828259
109.28571428571429,0.6296032374462328,0.06094085238705288,0.24835488495754998,0.0611010252091644,0.3094559101667144
110.35714285714286,0.6331385199007623,0.054571170101336317,0.25642641661842935,0.05586389337947208,0.3122903099979014
111.42857142857143,0.6355320854293276,0.049270555853978236,0.2638611291355763,0.05133622958111785,0.31519735871669413
112.5,0.6368844744712356,0.04484691131554134,0.27084141366225356,0.047427200550969426,0.318268614213223
113.57142857142857,0.6373746639540427,0.04113602716807894,0.27744528925921125,0.044044019618666996,0.32148930887787824
114.64285714285714,0.6371718844670555,0.038005945035772655,0.28371652505686307,0.0411056454403087,0.32482217049717177
115.71428571428571,0.6364189741259835,0.03535197610418765,0.2896850590891217,0.03854399068070722,0.3282290497698289
116.78571428571428,0.6352329319565536,0.03309100685886536,0.29537363151196755,0.036302429672613566,0.3316760611845811
117.85714285714286,0.6337089263736451,0.031156732296120464,0.300800405476569,0.03433393585366545,0.3351343413302345
118.92857142857143,0.6319243892540314,0.02949593113743996,0.3059802903402743,0.03259938926825456,0.3385796796085288
120.0,0.6299424747157384,0.028065605483094704,0.3109257685217306,0.03106615127943635,0.34199191980116694
120.0,0.6299424747157384,0.028065605483094704,0.3109257685217306,0.03106615127943635,0.34199191980116694
121.25,0.6906731723463768,0.034413133056069495,0.23925747489925883,0.03565621969829483,0.27491369459755366
122.5,0.7066314350452426,0.04554437624124591,0.20315726992404418,0.04466691878946742,0.24782418871351158
123.75,0.7035373395705751,0.06070371094212416,0.17860305807206386,0.057155891415236824,0.23575894948730072
125.0,0.6893720114330331,0.07918242406478701,0.1587267794912616,0.07271878501091833,0.2314455645021799
125.0,0.6893720114330331,0.07918242406478701,0.1587267794912616,0.07271878501091833,0.2314455645021799
126.07142857142857,0.6369260755817493,0.07931676299712181,0.207141274897754,0.0766158865233749,0.2837571614211289
127.14285714285714,0.6271765604445724,0.07208588510469349,0.22879980353055224,0.0719377509201819,0.30073755445073413
128.21428571428572,0.6290063737949311,0.06420381107771055,0.241061043343006,0.06572877178435244,0.3067898151273584
129.28571428571428,0.6325624343257055,0.05727823363160268,0.2502624218162179,0.05989691022647388,0.3101593320426918
130.35714285714286,0.6354773503129842,0.051462645634517516,0.25827489312034946,0.054785110932148745,0.3130600040524982
131.42857142857142,0.6373616445388267,0.04661416898619437,0.26565316414510975,0.05037102232986925,0.316024186474979
132.5,0.6382924135151975,0.0425614465300576,0.2725824719629376,0.04656366799180723,0.31914613995474483
133.57142857142858,0.6384319798516231,0.039156860922338485,0.27914037105592565,0.04327078817011264,0.3224111592260383
134.64285714285714,0.637936851594606,0.036281454684723595,0.2853694559385297,0.04041223778214075,0.32578169372067045
135.71428571428572,0.6369397903173505,0.03384070156595682,0.2912985267842679,0.03792098133242491,0.32921950811669276
136.78571428571428,0.635549680931263,0.03175945291151364,0.2969493992077125,0.03574146694951076,0.33269086615722326
137.85714285714286,0.6338551019919008,0.029977673425059154,0.3023395349294582,0.03382768965358185,0.33616722458304005
138.92857142857142,0.6319281032290783,0.028447102324068184,0.307483331500214,0.03214146294663943,0.3396247944468534
140.0,0.6298274206432695,0.027128687871222926,0.3123929109391699,0.030650980546337806,0.3430438914855077
140.0,0.6298274206432695,0.027128687871222926,0.3123929109391699,0.030650980546337806,0.3430438914855077
141.25,0.6908473022113752,0.033350943846212,0.24058179890813036,0.0352199550342825,0.27580175394241285
142.5,0.7072334726923,0.04425065238917533,0.2043598996609812,0.044155975257543466,0.24851587491852467
143.75,0.7045872094070187,0.059143120151662745,0.17971819770752484,0.05655147273379363,0.2362696704413185
145.0,0.6908276221020753,0.07737948666429846,0.15976901011516384,0.07202388111846239,0.23179289123362623
145.0,0.6908276221020753,0.07737948666429846,0.15976901011516384,0.07202388111846239,0.23179289123362623
146.07142857142858,0.6380473847408598,0.07768785982723211,0.20832345275845643,0.07594130267345169,0.28426475543190816
147.14285714285714,0.6278982650008553,0.07074822953505146,0.22999177251760347,0.07136173294648968,0.3013535054640932
148.21428571428572,0.6294285242214002,0.0631235936917593,0.24219996526483567,0.06524791682200479,0.30744788208684043
149.28571428571428,0.632767989477746,0.056403953467763675,0.2513317521449132,0.05949630490957688,0.3108280570544901
150.35714285714286,0.6355234100807021,0.05075072729248476,0.2592750041213681,0.05445085850544497,0.31372586262681307
151.42857142857142,0.6372888218982861,0.04603068710217704,0.2665889503670372,0.05009154063249967,0.3166804909995369
152.5,0.6381308922620353,0.042080296170278426,0.2734593527777253,0.04632945878996085,0.3197888115676862
153.57142857142858,0.6382048032349371,0.03875788956212169,0.2799632212763312,0.04307408592660998,0.32303730720294116
154.64285714285714,0.6376618619889136,0.03594900209778862,0.28614243707754106,0.040246698835756795,0.3263891359132978
155.71428571428572,0.6366309072143214,0.03356250874946296,0.292025162046505,0.03778142198971064,0.32980658403621566
156.78571428571428,0.6352178093926928,0.031525851368081996,0.2976326935569918,0.03562364568223347,0.33325633923922526
157.85714285714286,0.6335088054183547,0.029780980897126406,0.3029820855644701,0.03372812812004865,0.33671021368451876
158.92857142857142,0.6315741121958937,0.028281169962721727,0.3080874174983013,0.0320573003430832,0.3401447178413845
160.0,0.6294710220555251,0.02698855884689816,0.312960563131102,0.030579855966474768,0.34354041909757677
160.0,0.6294710220555251,0.02698855884689816,0.312960563131102,0.030579855966474768,0.34354041909757677
161.25,0.6905689436529401,0.033203110445667566,0.2410773178951071,0.03515062800628535,0.27622794590139244
162.5,0.7070506702309617,0.044081054804705526,0.20479080146519568,0.04407747349913703,0.2488682749643327
163.75,0.7044946100203613,0.0589504926729091,0.18009475118588386,0.056460146120845815,0.23655489730672966
165.0,0.6908114835139411,0.07717152397580163,0.16009712910434684,0.07191986340591042,0.23201699251025726
165.0,0.6908114835139411,0.07717152397580163,0.16009712910434684,0.07191986340591042,0.23201699251025726
166.07142857142858,0.6379861898678717,0.07751410638413063,0.2086547536924137,0.07584495005558381,0.2844997037479975
167.14285714285714,0.627781757395822,0.07062258665069854,0.23030669044755,0.07128896550592954,0.30159565595347954
168.21428571428572,0.6292751556537707,0.06303733836281479,0.2424911014408799,0.06519640454253472,0.30768750598341466
169.28571428571428,0.6325933404504164,0.056347079331592165,0.25159815387102835,0.05946142634696307,0.3110595802179914
170.35714285714286,0.6353378630785871,0.050715456024528136,0.2595179976922351,0.05442868320464973,0.3139466808968848
171.42857142857142,0.6370992986208782,0.0460113141914667,0.26681036243232215,0.05007902475533296,0.31688938718765514
172.5,0.6379421171110659,0.042072659228428705,0.2736609482798873,0.046324275380618146,0.3199852236605054
173.57142857142858,0.6380200333935733,0.03875893633838932,0.2801465739449082,0.0430744563231293,0.3232210302680375
174.64285714285714,0.6374833301931253,0.03595647971318616,0.28630892886854675,0.04025126122514175,0.3265601900936885
175.71428571428572,0.6364601120629453,0.03357474345602754,0.29217601277368804,0.037789131707339024,0.32996514448102704
176.78571428571428,0.6350557163385581,0.031541591873829614,0.29776899207511065,0.035633699712501535,0.3334026917876122
177.85714285714286,0.6333559902535617,0.029799286159372808,0.30310481568307046,0.03373990790399499,0.33684472358706546
178.92857142857142,0.6314308651985449,0.028301328267560447,0.30819747810047293,0.03207032843342186,0.34026780653389477
180.0,0.6293374243655259,0.02701002905407042,0.3130587834299649,0.0305937631504389,0.3436525465804038
180.0,0.6293374243655259,0.02701002905407042,0.3130587834299649,0.0305937631504389,0.3436525465804038
181.25,0.6904414308867488,0.03323216792977001,0.24115862543729671,0.03516777574618457,0.2763264011834813
182.5,0.7069237802487832,0.04412096178350343,0.20485646536171612,0.04409879260599735,0.24895525796771345
183.75,0.704364171428821,0.05900369313459851,0.1801459656340812,0.05648616980249929,0.2366321354365805
185.0,0.6906754380317942,0.07723893865865562,0.16013508744295038,0.07195053586659969,0.23208562330955004
185.0,0.6906754380317942,0.07723893865865562,0.16013508744295038,0.07195053586659969,0.23208562330955004
186.07142857142858,0.637861706892886,0.07758062778434856,0.2086811669340909,0.07587649838867448,0.28455766532276533
187.14285714285714,0.6276706826745383,0.07068397842424541,0.23032544897607335,0.07131988992514297,0.3016453389012163
188.21428571428572,0.6291759641918714,0.06309296578715382,0.24250498257714348,0.06522608744383125,0.3077310700209747
189.28571428571428,0.6325049006709574,0.056397247235260996,0.25160831304813674,0.0594895390456448,0.3110978520937816
190.35714285714286,0.6352592768353468,0.05076068948886311,0.2595249542573765,0.054455079418413696,0.3139800336757902
191.42857142857142,0.63702974750824,0.04605216157325904,0.2668144171246468,0.05010367379385422,0.31691809091850104
192.5,0.6378808243292754,0.04210963428147535,0.2736623248118372,0.04634721657741212,0.32000954138924936
193.57142857142858,0.6379662633529994,0.038792501264744254,0.2801454663285384,0.04309576905371792,0.32324123538225635
194.64285714285714,0.6374363945267454,0.03598704225007335,0.2863055176653997,0.04027104555778144,0.3265765632231811
195.71428571428572,0.6364193735771217,0.033602659439336074,0.29217047081537484,0.03780749616816745,0.3299779669835423
196.78571428571428,0.6350205898291672,0.03156716996769727,0.29776148644377215,0.035650753759363565,0.3334122402031357
197.85714285714286,0.6333259409748955,0.029822793255166954,0.3030955082944141,0.033755757475523326,0.33685126576993746
198.92857142857142,0.6314054059276119,0.028322994833954833,0.30818652575498084,0.03208507348345259,0.3402715992384335
200.0,0.6293161118101808,0.027030054098826074,0.31304633764994844,0.030607496441044706,0.34365383409099315
200.0,0.6293161118101808,0.027030054098826074,0.31304633764994844,0.030607496441044706,0.34365383409099315
201.25,0.6904155365671777,0.03325577756629867,0.24114586441840985,0.035182821448113855,0.27632868586652376
202.5,0.7068894989323862,0.04415058752554362,0.20484321857872756,0.044116694963342515,0.24895991354207006
203.75,0.7043202941695521,0.05904033630358428,0.18013180454065714,0.05650756498620658,0.2366393695268637
205.0,0.6906223689807484,0.07728221567408121,0.16011998929893714,0.0719754260462333,0.23209541534517042
205.0,0.6906223689807484,0.07728221567408121,0.16011998929893714,0.0719754260462333,0.23209541534517042
206.07142857142858,0.6378174484475562,0.07762057551994841,0.20866107320165717,0.0759009028308384,0.28456197603249556
207.14285714285714,0.6276369030335726,0.0707178434904586,0.23030376407420977,0.0713414894017591,0.30164525347596893
208.21428571428572,0.6291503356634227,0.06312127827787496,0.2424835292924356,0.06524485676626676,0.30772838605870234
209.28571428571428,0.6324855347118681,0.056420984216277704,0.25158765114467074,0.05950582992718356,0.3110934810718543
210.35714285714286,0.6352448624776097,0.05078071509833668,0.2595051708972326,0.054469251526821,0.31397442242405355
211.42857142857142,0.6370193245755162,0.04606917039506731,0.2667954633605882,0.05011604166882826,0.31691150502941645
212.5,0.6378736504831807,0.042124176044568834,0.2736441259723802,0.046358047499870346,0.3200021734722505
213.57142857142858,0.6379617466330697,0.03880501150155274,0.2801279535230665,0.04310528834231103,0.32323324186537755
214.64285714285714,0.6374340552108172,0.035997867697763405,0.28628863453469117,0.040279442556728204,0.3265680770914194
215.71428571428572,0.6364188192739791,0.03361207776587753,0.2921541731388003,0.037814929821343,0.32996910296014326
216.78571428571428,0.6350214974960003,0.0315754049082665,0.2977457400546591,0.03565735754107418,0.3334030975957333
217.85714285714286,0.6333280432420092,0.029830026221922837,0.3030802869024224,0.033761643633645554,0.3368419305360679
218.92857142857142,0.631408480444026,0.028329373846558658,0.3081718090830351,0.03209033662638016,0.34026214570941526
220.0,0.6293199728556508,0.02703570068085155,0.31303210993126235,0.030612216532235326,0.3436443264634977
220.0,0.6293199728556508,0.02703570068085155,0.31303210993126235,0.030612216532235326,0.3436443264634977
221.25,0.690417013166338,0.033262105264989884,0.24113306411959967,0.03518781744907247,0.2763208815686722
222.5,0.7068875668686211,0.044158222534737224,0.20483165844685375,0.04412255214978792,0.2489542105966417
223.75,0.7043148513010875,0.05904942440810177,0.18012120829315073,0.05651451599766006,0.23663572429081078
225.0,0.6906137642114781,0.07729250106621639,0.16011024687761458,0.07198348784469093,0.23209373472230552
225.0,0.6906137642114781,0.07729250106621639,0.16011024687761458,0.07198348784469093,0.23209373472230552
226.07142857142858,0.6378113277273949,0.07762964745624407,0.20865037969734848,0.07590864511901248,0.284559024816361
227.14285714285714,0.6276337626480563,0.07072505467726675,0.23029314226729963,0.07134804040737745,0.30164118267467704
228.21428571428572,0.6291493705565163,0.06312689918237298,0.24247346254653962,0.06525026771457088,0.3077237302611105
229.28571428571428,0.6324860858668996,0.05642536288120075,0.2515782592808457,0.059510291971054,0.3110885512518997
230.35714285714286,0.6352464847748639,0.0507841337732247,0.25949644032049957,0.054472941131411885,0.3139693814519115
231.42857142857142,0.637021707789859,0.04607184378729266,0.2667873453723793,0.05011910305046904,0.3169064484228483
232.5,0.6378765685321677,0.0421262665858383,0.2736365686104655,0.046360596271528456,0.319997164881994
233.57142857142858,0.6379650301915548,0.0388066427420736,0.28012091001050493,0.043107417055866626,0.32322832706637156
234.64285714285714,0.6374375757104583,0.0359991343012014,0.2862820645240932,0.040281225464247096,0.32656328998834033
235.71428571428572,0.6364224784814587,0.033613052810240844,0.29214804202085676,0.03781642668744377,0.3299644687083005
236.78571428571428,0.6350252201916401,0.0315761452307286,0.29774001792247673,0.03565861665515453,0.3333986345776313
237.85714285714286,0.6333317718586661,0.02983057635507067,0.3030749476061639,0.03376270418009931,0.33683765178626324
238.92857142857142,0.6314121710559822,0.028329768936199498,0.3081668294610549,0.0320912305467634,0.34025806000781833
240.0,0.6293235921422256,0.027035968662808916,0.31302746920727204,0.030612969987693528,0.34364043919496556
240.0,0.6293235921422256,0.027035968662808916,0.31302746920727204,0.030612969987693528,0.34364043919496556
241.25,0.6904201049170337,0.03326229231778886,0.24112903051709433,0.035188572248083125,0.2763176027651775
242.5,0.706890076763591,0.04415833748237232,0.20482817173626355,0.04412341401777311,0.24895158575403667
243.75,0.7043168521129286,0.05904942243602672,0.18011819880761046,0.05651552664343437,0.23663372545104483
245.0,0.6906153579917977,0.0772923100337027,0.1601076747953533,0.07198465717914637,0.23209233197449963
245.0,0.6906153579917977,0.0772923100337027,0.1601076747953533,0.07198465717914637,0.23209233197449963
246.07142857142858,0.6378130963302139,0.07762929246244811,0.20864789292247496,0.0759097182848631,0.2845576112073381
247.14285714285714,0.6276357481696085,0.07072455412806057,0.2302908368451378,0.07134886085719319,0.30163969770233096
248.21428571428572,0.6291514641911343,0.06312631211501901,0.24247136381839438,0.06525085987545223,0.30772222369384655
249.28571428571428,0.6324881980911395,0.0564247329584884,0.25157636323566407,0.0595107057147081,0.3110870689503722
250.35714285714286,0.6352485590289296,0.05078348867002518,0.2594947329911998,0.05447321930984545,0.31396795230104524
251.42857142857142,0.6370237093393785,0.04607120067171988,0.26678581128237694,0.0501192787065247,0.31690508998890166
252.5,0.6378784762422208,0.042125635966218836,0.27363519338446723,0.046360694407092916,0.31999588779156013
253.57142857142858,0.6379668317240879,0.038806030847320795,0.28011968086136263,0.043107456567228794,0.32322713742859144
254.64285714285714,0.6374392646165211,0.03599854458405933,0.2862809701273262,0.04028122067209347,0.3265621907994196
255.71428571428572,0.6364240523224024,0.033612486923205336,0.2921470722702279,0.037816388484164305,0.3299634607543922
256.7857142857143,0.6350266792694587,0.0315756036698627,0.29773916370344655,0.03565855335723208,0.3333977170606786
257.85714285714283,0.6333331183366375,0.029830058887691156,0.3030742006143231,0.03376262216134802,0.3368368227756712
258.92857142857144,0.6314134083421937,0.028329274885388108,0.30816618206256274,0.032091134709855494,0.3402573167724183
260.0,0.6293247244544384,0.027035497096215805,0.3130269143329123,0.03061286411643346,0.34363977844934573
260.0,0.6293247244544384,0.027035497096215805,0.3130269143329123,0.03061286411643346,0.34363977844934573
261.25,0.690421251594659,0.03326171632997092,0.24112858795736072,0.03518844411800936,0.27631703207537006
262.5,0.7068913147398314,0.04415759586165585,0.20482783459189832,0.044123254806614436,0.24895108939851276
263.75,0.7043182212985345,0.05904847993597715,0.1801179655438878,0.056515333221600524,0.2366332987654883
265.0,0.6906168664824374,0.07729116023462704,0.16010754036866828,0.07198443291426737,0.23209197328293565
265.0,0.6906168664824374,0.07729116023462704,0.16010754036866828,0.07198443291426737,0.23209197328293565
266.07142857142856,0.6378144370943012,0.07762819600474971,0.2086478852789726,0.07590948162197653,0.28455736690094907
267.14285714285717,0.6276368901814263,0.0707235870392438,0.230290897703027,0.07134862507630294,0.3016395227793299
268.2142857142857,0.629152439642934,0.0631254724897122,0.24247145739352788,0.0652506304738259,0.3077220878673538
269.2857142857143,0.6324890334761564,0.05642400374095053,0.25157647637857933,0.059510486404313695,0.311086962782893
270.35714285714283,0.635249274014081,0.050782852565122875,0.25949486118524845,0.054473012235547597,0.313967873420796
271.42857142857144,0.637024319647438,0.04607064281576782,0.2667859527405983,0.05011908479619593,0.3169050375367942
272.5,0.6378789950996014,0.042125144037613374,0.27363534708840725,0.04636051377437809,0.31999586086278536
273.57142857142856,0.6379672705034257,0.0388055947115352,0.2801198459565077,0.04310728882853133,0.323227134785039
274.64285714285717,0.6374396331754182,0.035998155906203796,0.2862811457532815,0.04028106516509648,0.326562210918378
275.7142857142857,0.636424359232821,0.03361213883136738,0.29214725752625487,0.037816244409556776,0.32996350193581164
276.7857142857143,0.6350269320008257,0.03157529047809688,0.2977393576539552,0.03565841986712226,0.3333977775210775
277.85714285714283,0.6333333234113746,0.029829775872056655,0.3030744023040924,0.03376249841247644,0.3368369007165688
278.92857142857144,0.6314135714696102,0.028329018103989027,0.30816639053229716,0.03209101989410368,0.34025741042640084
280.0,0.6293248506453988,0.02703526324488086,0.3130271286327339,0.030612757476986392,0.3436398861097203
280.0,0.6293248506453988,0.02703526324488086,0.3130271286327339,0.030612757476986392,0.3436398861097203
281.25,0.6904214355270004,0.03326144512323236,0.24112879026100917,0.035188329088758075,0.2763171193497672
282.5,0.7068915940450298,0.04415725957615831,0.20482802781947632,0.04412311855933559,0.24895114637881188
283.75,0.7043186056390136,0.05904806740900787,0.18011815596542965,0.05651517098654893,0.23663332695197856
285.0,0.6906173492539207,0.07729067540200253,0.16010772994982977,0.07198424539424701,0.2320919753440768
285.0,0.6906173492539207,0.07729067540200253,0.16010772994982977,0.07198424539424701,0.2320919753440768
286.07142857142856,0.6378148326273717,0.07762775050068231,0.2086481196226854,0.07590929724926054,0.2845574168719459
287.14285714285717,0.6276371812558073,0.07072321258188821,0.23029114330273928,0.0713484628595652,0.30163960616230445
288.2142857142857,0.629152650128337,0.06312516250826009,0.24247169691695378,0.06525049044644916,0.30772218736340295
289.2857142857143,0.6324891831074868,0.05642374644302312,0.2515767047267934,0.059510365722696516,0.31108707044948997
290.35714285714283,0.6352493765288587,0.050782637611385524,0.2594950778034787,0.05447290805627707,0.31396798585975577
291.42857142857144,0.6370243850327737,0.046070461973759295,0.2667861583540451,0.05011899463942184,0.31690515299346694
