Generation,nOC,nOB,nMMd,nMMr,total nMM
0.0,0.26666666666666666,0.4,0.26666666666666666,0.06666666666666667,0.3333333333333333
0.5042016806722689,0.3537467046413543,0.3486769876546563,0.23753220339512673,0.06004410430886275,0.2975763077039895
1.0084033613445378,0.39941807671155233,0.31848641148309215,0.22503337686985214,0.057062134935503335,0.28209551180535547
1.5126050420168067,0.4260349252465623,0.29811990618651707,0.22010718587148606,0.05573798269543461,0.27584516856692065
2.0168067226890756,0.44285444386775946,0.2828937574990216,0.21900753145692722,0.05524426717629167,0.27425179863321886
2.5210084033613445,0.45427403579179804,0.2705979501464101,0.21994315761764996,0.05518485644414181,0.27512801406179177
3.0252100840336134,0.4625595110507118,0.2601041479065393,0.22198161522721252,0.05535472581553642,0.27733634104274896
3.5294117647058822,0.46893876499975923,0.2508054028941868,0.22461271507352604,0.055643117032527965,0.280255832106054
4.033613445378151,0.47410006284421885,0.24236181681038466,0.2275491655975611,0.055988954747835315,0.28353812034539644
4.53781512605042,0.47843931778373416,0.23457564425336658,0.23062662704502554,0.056358410917873775,0.2869850379628993
5.042016806722689,0.4821898364877421,0.22732679303834594,0.2337504270113393,0.05673294346257262,0.29048337047391193
5.546218487394958,0.4854928770793122,0.22053843121775082,0.23686600890380818,0.05710268279912873,0.29396869170293694
6.050420168067227,0.48843689209378177,0.2141582735254511,0.23994213966030728,0.05746269472045984,0.2974048343807671
6.554621848739496,0.4910796790170138,0.20814825944660292,0.24296122049683624,0.05781084103954696,0.3007720615363832
7.0588235294117645,0.49346100752029914,0.20247880312792393,0.24591364293841142,0.0581465464133655,0.3040601893517769
7.563025210084033,0.4956098679177166,0.19712556325201225,0.24879448288047623,0.058470085949794824,0.30726456883027103
8.067226890756302,0.4975486572081589,0.192067611539035,0.25160155705685266,0.058782174195953434,0.3103837312528061
8.571428571428571,0.4992956153457525,0.18728638017203916,0.2543342756557941,0.05908372882641416,0.31341800448220825
9.07563025210084,0.5008662459342963,0.18276504849364095,0.2569929684135408,0.05937573715852192,0.31636870557206276
9.579831932773109,0.5022741610543725,0.17848817323412577,0.25957848430199826,0.05965918140950364,0.31923766571150186
10.084033613445378,0.503531586003104,0.17444145838517777,0.26209195672287733,0.059934998888840775,0.3220269556117181
10.588235294117647,0.5046496678995467,0.1706116038695843,0.26453466593554276,0.06020406229532626,0.324738728230869
11.092436974789916,0.5056386722870951,0.16698619866936062,0.26690795777108894,0.06046717127245526,0.32737512904354416
11.596638655462185,0.5065081108562527,0.163553640867631,0.26921319754365686,0.06072505073245956,0.3299382482761164
12.100840336134453,0.5072668302705053,0.16030307299231733,0.27145174407300937,0.060978352664168047,0.3324300967371774
12.605042016806722,0.507923077101872,0.15722432730008473,0.2736249357123301,0.061227659885713166,0.33485259559804326
13.109243697478991,0.508484550057941,0.1543078771996332,0.2757340822407465,0.061473490501679086,0.3372075727424256
13.61344537815126,0.5089584396230259,0.15154479408012123,0.27778046318929017,0.061716303107562695,0.3394967662968529
14.117647058823529,0.50935146493845,0.14892670654344842,0.2797653269687422,0.06195650154935929,0.34172182851810146
14.621848739495798,0.5096699053961453,0.14644576326840905,0.28168989157457347,0.062194439760872244,0.34388433133544566
15.126050420168067,0.5099196289449235,0.1440945981903543,0.28355534656359777,0.062430426301124275,0.34598577286472204
15.630252100840336,0.5101061186504459,0.14186629795378436,0.28536285482696866,0.06266472856880102,0.34802758339576967
16.134453781512605,0.5102344969267917,0.1397543715522085,0.28711355476743156,0.06289757675356819,0.3500111315209998
16.63865546218487,0.5103095482879584,0.13775272075038866,0.28880856412087585,0.06312916684077702,0.3519377309616529
17.142857142857142,0.5103357408881137,0.1358556161134936,0.2904489778211335,0.0633596651772593,0.3538086429983928
17.647058823529413,0.5103172461799074,0.1340576699502406,0.2920358734208519,0.0635892104490002,0.35562508386985214
18.15126050420168,0.510257956915519,0.1323538136098364,0.29357031287076607,0.06381791660387848,0.3573882294746445
18.655462184873947,0.5101615040397719,0.13073927637127652,0.2950533439370603,0.06404587565189136,0.35909921958895163
19.159663865546218,0.5100312744775317,0.1292095650266903,0.2964860007549328,0.06427315974084512,0.36075916049577794
19.66386554621849,0.5098704272175252,0.1277604449801573,0.2978693046524329,0.06449982314988462,0.36236912780231745
20.168067226890756,0.5096819061695161,0.1263879230015169,0.2992042665357854,0.06472590429318155,0.36393017082896695
20.672268907563023,0.5094684521032709,0.1250882316574909,0.30049188846201363,0.06495142777722461,0.36544331623923826
21.176470588235293,0.5092326170217469,0.12385781352387873,0.3017331638645714,0.06517640558980312,0.3669095694543745
21.680672268907564,0.5089767766551387,0.12269330731879352,0.30292907746625425,0.06540083855981357,0.36832991602606785
22.18487394957983,0.5087031402325722,0.12159153512510833,0.3040806068372439,0.06562471780507548,0.3697053246423194
22.6890756302521,0.5084137613733262,0.12054949022232142,0.305188722563371,0.06584802584098151,0.37103674840435247
23.19327731092437,0.5081105476353175,0.11956432594129895,0.3062543887160068,0.06607073770737679,0.3723251264233836
23.69747899159664,0.5077952696636461,0.11863334526371475,0.30727856314116314,0.06629282193147597,0.3735713850726391
24.201680672268907,0.5074695697485356,0.11775399118210654,0.30826219764681345,0.06651424142254451,0.374776439069358
24.705882352941174,0.5071349699356078,0.11692383773444688,0.3092062380345932,0.06673495429535228,0.37594119232994544
25.210084033613445,0.5067928794738226,0.11614058171544732,0.3101116242023138,0.06695491460841639,0.3770665388107302
25.714285714285715,0.5064446019254482,0.11540203496286093,0.31097929008048736,0.06717407303120346,0.3781533631116908
26.218487394957982,0.5060913418316003,0.11470611719770861,0.3118101635132951,0.06739237745739592,0.37920254097069106
26.72268907563025,0.5057342110042965,0.11405084936946315,0.31260516606939426,0.06760977355684607,0.3802149396262403
27.22689075630252,0.5053742343322407,0.11343434751054997,0.3133652128819853,0.06782620527522408,0.3811914181572094
27.73109243697479,0.5050123553166874,0.11285481701135859,0.3140912123849432,0.0680416152870109,0.3821328276719541
28.235294117647058,0.5046494413704966,0.11231054726722989,0.3147840659567674,0.06825594540550611,0.38304001136227356
28.739495798319325,0.5042862885346782,0.11179990679436795,0.31544466771321067,0.06846913695774312,0.3839138046709538
29.243697478991596,0.5039236261980847,0.11132133861435364,0.31607390407995434,0.06868113110760732,0.3847550351875617
29.747899159663866,0.5035621213993029,0.11087335598932656,0.3166726534487642,0.06889186916260635,0.38556452261137053
30.252100840336134,0.5032023828393487,0.1104545384993112,0.3172417858239999,0.06910129283734018,0.3863430786613401
30.7563025210084,0.5028449647864747,0.11006352833073607,0.3177821623892751,0.06930934449351418,0.38709150688278926
31.26050420168067,0.5024903706242918,0.10969902686437681,0.3182946351508543,0.06951596736047697,0.3878106025113313
31.764705882352942,0.5021390562514275,0.10935979149437168,0.31878004653130954,0.0697211057228912,0.38850115225420073
32.26890756302521,0.5017914332152742,0.10904463271005316,0.31923922898693563,0.06992470508773707,0.38916393407467265
32.773109243697476,0.5014478718663955,0.10875241127520978,0.31967300453464026,0.07012671232375446,0.3897997168583947
33.27731092436974,0.5011087039898714,0.10848203571796929,0.3200821844816992,0.07032707581046027,0.3904092602921594
33.78151260504202,0.5007742255609265,0.10823245990941202,0.3204675689896871,0.0705257455399744,0.3909933145296615
34.285714285714285,0.5004446991256197,0.10800268089452711,0.3208299467565564,0.07072267322329684,0.39155261997985324
34.78991596638655,0.500120356327906,0.10779173675471954,0.321170094563458,0.07091781235391637,0.3920879069173744
35.294117647058826,0.4998014000361344,0.10759870468839768,0.32148877698840606,0.07111111828706199,0.39259989527546807
35.79831932773109,0.4994880062806378,0.10742269923363094,0.3217867461719749,0.07130254831375636,0.39308929448573127
36.30252100840336,0.4991803263224995,0.1072628705438257,0.3220647414417757,0.07149206169189909,0.3935568031336748
36.80672268907563,0.4988784884048424,0.10711840283853165,0.32232348906545705,0.07167961969116882,0.39400310875662586
37.310924369747895,0.4985825995213338,0.10698851292849455,0.32256370193852973,0.07186518561164174,0.39442888755017147
37.81512605042017,0.49829274710193544,0.10687244877431046,0.3227860793283276,0.07204872479542661,0.3948348041237542
38.319327731092436,0.4980090003328414,0.10676948825159911,0.32299130675536303,0.07223020466019653,0.39522151141555956
38.8235294117647,0.4977314115355944,0.1066789379321722,0.3231800558238979,0.07240959470833555,0.3955896505322335
39.32773109243698,0.49746001770626397,0.10660013185047998,0.3233529839471354,0.0725868664961206,0.395939850443256
39.831932773109244,0.497194841520708,0.10653243055481904,0.32351073426930577,0.07276199365516724,0.396272727924473
40.33613445378151,0.49693589270415905,0.10647521998411348,0.32365393546054083,0.07293495185118669,0.39658888731172753
40.84033613445378,0.4966831690477011,0.10642791055252276,0.3237832016244459,0.0731057187753302,0.39688892039977614
41.344537815126046,0.49643665731470776,0.10638993627653962,0.32389913227234285,0.07327427413640976,0.39717340640875265
41.84873949579832,0.4961963341628374,0.10636075382244195,0.32400231237858235,0.07344059963613839,0.3974429120147207
42.35294117647059,0.495962167131214,0.10633984175257562,0.324093312190621,0.0736046789255894,0.3976979911162104
42.857142857142854,0.49573411549614366,0.10632669966776259,0.32417268726998466,0.0737664975661092,0.39793918483609386
43.36134453781513,0.49551213070295497,0.10632084787774435,0.3242409783691219,0.07392604305017883,0.3981670214193007
43.865546218487395,0.49529615774670943,0.10632182597092384,0.3242987116280154,0.07408330465435133,0.3983820162823667
44.36974789915966,0.49508613529933926,0.10632919274377106,0.32434639846944135,0.07423827348744831,0.3985846719568896
44.87394957983193,0.4948819964387717,0.10634252540147704,0.3243845357289608,0.07439094243079047,0.39877547815975123
45.3781512605042,0.4946836691931929,0.10636141873702191,0.32441360598151564,0.07454130608826957,0.39895491206978523
45.88235294117647,0.49449107699390266,0.10638548490906538,0.3244340773287307,0.07468936076830113,0.39912343809703177
46.38655462184874,0.49430413941807316,0.10641435261430174,0.32444640357267474,0.07483510439495039,0.3992815079676251
46.890756302521005,0.4941227726676676,0.10644766633818839,0.32445102454787805,0.0749785364462661,0.3994295609941441
47.39495798319328,0.49394688947431953,0.10648508689720854,0.3244483655986621,0.07511965802980988,0.399568023628472
47.89915966386555,0.49377640042612986,0.10652628921995685,0.3244388387289704,0.07525847162494281,0.39969731035391315
48.403361344537814,0.49361121346914005,0.106570963460789,0.32442284184022774,0.07539498122984309,0.39981782307007085
48.90756302521008,0.49345123476670166,0.10661881341205814,0.32440075963656256,0.07552919218467759,0.39992995182124014
49.41176470588235,0.49329636858676024,0.10666955672452323,0.32437296347431904,0.07566111121439742,0.4000340746887165
49.91596638655462,0.49314651768511913,0.1067229242883967,0.32433981166834114,0.07579074635814305,0.40013055802648423
50.42016806722689,0.49300158384767606,0.10677865949285217,0.3243016497933735,0.07591810686609819,0.4002197566594717
50.924369747899156,0.4928614679318718,0.10683651841116995,0.3242588104445581,0.07604320321240007,0.4003020136569582
51.42857142857143,0.49272607040503186,0.10689626837454345,0.32421161427535716,0.07616604694506751,0.4003776612204247
51.9327731092437,0.492595291055474,0.10695768937605844,0.3241603687590402,0.07628665080942729,0.40044701956846745
52.436974789915965,0.49246902965820866,0.1070205714119908,0.3241053704262128,0.07640502850358778,0.40051039892980056
52.94117647058823,0.4923471857786276,0.10708471607288131,0.324046903353108,0.07652119479538308,0.40056809814849104
53.4453781512605,0.49222965907775934,0.10714993473689569,0.32398524081336905,0.07663516537197596,0.400620406185345
53.94957983193277,0.49211634934474857,0.10721604932213143,0.3239206444602459,0.07674695687287417,0.40066760133312007
54.45378151260504,0.4920071567959517,0.10728289114169044,0.3238533652844981,0.07685658677785986,0.400709952062358
54.95798319327731,0.49190198214320335,0.10735030113608998,0.32378364332031745,0.07696407340038915,0.4007477167207066
55.46218487394958,0.4918007268615218,0.10741812870606843,0.32371170865439275,0.07706943577801702,0.40078114443240975
55.96638655462185,0.4917032931724259,0.10748623260396163,0.323637780512406,0.07717269371120644,0.40081047422361243
56.470588235294116,0.491609584134931,0.10755447980118267,0.32356206838712903,0.07727386767675731,0.40083593606388634
56.97478991596638,0.4915195036820732,0.10762274491978548,0.32348477262055664,0.07737297877758471,0.40085775139814134
57.47899159663865,0.4914329568114494,0.10769091094639144,0.3234060835029597,0.07747004873919953,0.40087613224215923
57.983193277310924,0.4913498493757805,0.10775886836564488,0.3233261823759077,0.0775650998826667,0.4008912822585744
58.48739495798319,0.491270088100645,0.10782651459743675,0.3232452422257446,0.07765815507617371,0.4009033973019183
58.99159663865546,0.49119358097953286,0.10789375311937477,0.3231634282947119,0.07774923760638038,0.40091266590109226
59.49579831932773,0.4911202371466324,0.10796049483742916,0.3230808967465681,0.0778383712693703,0.40091926801593836
60.0,0.4910499669520683,0.10802665758606181,0.3229977951459654,0.07792558031590455,0.4009233754618699
60.0,0.4910499669520683,0.10802665758606181,0.3229977951459654,0.07792558031590455,0.4009233754618699
61.5,0.5292802053761744,0.13581493825736102,0.2429301392634807,0.09197471710298394,0.33490485636646466
63.0,0.5184451346853286,0.17381336384094964,0.19494860372966605,0.1127928977440557,0.30774150147372176
63.0,0.5184451346853286,0.17381336384094964,0.19494860372966605,0.1127928977440557,0.30774150147372176
64.11111111111111,0.47955381755393556,0.17826231253300134,0.22276646128430272,0.11941740862876049,0.3421838699130632
65.22222222222223,0.471064424621543,0.17393108763916168,0.23578075528993164,0.11922373244936367,0.3550044877392953
66.33333333333333,0.47197767802864166,0.16747237390070663,0.2435314389834269,0.11701850908722485,0.36054994807065177
67.44444444444444,0.47524507341255756,0.1609571942680131,0.24941981315370257,0.11437791916572682,0.3637977323194294
68.55555555555556,0.47878144481246443,0.15492630458665207,0.2545299663916476,0.11176228420923594,0.36629225060088355
69.66666666666667,0.4820219887199416,0.14947737315820905,0.2592047761512491,0.1092958619706003,0.3685006381218494
70.77777777777777,0.4848471006629908,0.14458846525771862,0.2635593570872031,0.10700507699208747,0.3705644340792906
71.88888888888889,0.48726311374968867,0.14020973148491905,0.2676389508967425,0.10488820386864989,0.3725271547653924
73.0,0.48930866276153107,0.13628871962369665,0.27146691958041314,0.10293569803435912,0.3744026176147722
73.0,0.48930866276153107,0.13628871962369665,0.27146691958041314,0.10293569803435912,0.3744026176147722
74.5,0.5186191758079239,0.16268365584385255,0.20173557860717228,0.11696158974105123,0.3186971683482235
76.0,0.5006962176322183,0.19847562906346625,0.16194664601113237,0.13888150729318322,0.3008281533043156
76.0,0.5006962176322183,0.19847562906346625,0.16194664601113237,0.13888150729318322,0.3008281533043156
77.11111111111111,0.466578489308613,0.19876854755362708,0.19023841442056316,0.14441454871719675,0.3346529631377599
78.22222222222223,0.4629575161894029,0.18989844807412926,0.20540329715824812,0.14174073857821967,0.34714403573646785
79.33333333333333,0.46764566121918105,0.17955394066619773,0.21578608521595619,0.13701431289866503,0.35280039811462127
80.44444444444444,0.4737648557070201,0.1698506369788171,0.22429677746333537,0.1320877298508274,0.3563845073141628
81.55555555555556,0.4794735592684071,0.16121615950067744,0.23186200464707798,0.12744827658383748,0.35931028123091546
82.66666666666667,0.4843741337016898,0.15363770681137048,0.23878918235077884,0.12319897713616071,0.3619881594869396
83.77777777777777,0.48845985271272124,0.14700426019489077,0.24519732626688484,0.11933856082550327,0.3645358870923881
84.88888888888889,0.4918189313326117,0.14119538133735912,0.2511465850903876,0.11583910223964174,0.36698568733002934
86.0,0.49455299411057174,0.13610228111132266,0.25667708771061176,0.11266763706749384,0.3693447247781056
86.0,0.49455299411057174,0.13610228111132266,0.25667708771061176,0.11266763706749384,0.3693447247781056
87.5,0.5223660975984437,0.16047552229602977,0.19057896080013978,0.12657941930538688,0.31715838010552666
89.0,0.5033375423868768,0.1940863023080197,0.15358245852960986,0.14899369677549376,0.30257615530510357
89.0,0.5033375423868768,0.1940863023080197,0.15358245852960986,0.14899369677549376,0.30257615530510357
90.11111111111111,0.4699694236110466,0.19358809134476943,0.182532352621067,0.1539101324231169,0.33644248504418395
91.22222222222223,0.4671902994542989,0.18418923085859934,0.19856509408985085,0.1500553755972508,0.3486204696871017
92.33333333333333,0.4724749850917859,0.17354524176286448,0.20981078810123074,0.1441689850441187,0.3539797731453494
93.44444444444444,0.4789549315851022,0.16370024178538353,0.21911876732873656,0.1382260593007776,0.35734482662951417
94.55555555555556,0.48484536676850576,0.15503096229186017,0.2274041880207276,0.13271948291890642,0.36012367093963404
95.66666666666667,0.4897967170166383,0.14749140857210521,0.23497759422629821,0.12773428018495833,0.3627118744112565
96.77777777777777,0.493838197324916,0.1409481200225847,0.24196469353144745,0.12324898912105181,0.36521368265249926
97.88888888888889,0.49708479056498345,0.13526489039563294,0.2484325967794314,0.11921772225995231,0.3676503190393837
99.0,0.4996582354118271,0.13032160956637812,0.2544277892378191,0.1155923657839756,0.3700201550217947
99.0,0.4996582354118271,0.13032160956637812,0.2544277892378191,0.1155923657839756,0.3700201550217947
100.5,0.5276564230169152,0.1537362319513768,0.1890119552109002,0.12959538982080782,0.318607345031708
102.0,0.5087025778848379,0.1863496798553274,0.15259970391161673,0.15234803834821792,0.3049477422598347
102.0,0.5087025778848379,0.1863496798553274,0.15259970391161673,0.15234803834821792,0.3049477422598347
103.11111111111111,0.4748882517714399,0.186117341270794,0.18194382545075374,0.1570505815070124,0.33899440695776617
104.22222222222223,0.4717720520197212,0.1772068518276443,0.19825299859636272,0.15276809755627185,0.3510210961526346
105.33333333333333,0.47676890539291716,0.16707161973602516,0.20970012485315329,0.14645935001790436,0.35615947487105765
106.44444444444444,0.4829740987911727,0.15770562906706984,0.21916816955363008,0.14015210258812744,0.35932027214175755
107.55555555555556,0.4885948114575803,0.14947564892994605,0.22758750791768595,0.13434203169478776,0.3619295396124737
108.66666666666667,0.49328260028520426,0.14233603536066472,0.2352755306551979,0.12910583369893322,0.36438136435413115
109.77777777777777,0.49706952191851683,0.1361562783091204,0.24236149133998525,0.12441270843237752,0.3667741997723628
110.88888888888889,0.5000729596138945,0.1308036609391628,0.24891470810948702,0.12020867133745579,0.3691233794469428
112.0,0.5024162074037567,0.1261615084213171,0.25498326616891326,0.11643901800601288,0.3714222841749262
112.0,0.5024162074037567,0.1261615084213171,0.25498326616891326,0.11643901800601288,0.3714222841749262
113.5,0.5307524689782377,0.14918218258690638,0.18951067441189137,0.13055467402296456,0.3200653484348559
115.0,0.512015640906418,0.18137435432527726,0.1531022266167359,0.15350777815156877,0.30661000476830463
115.0,0.512015640906418,0.18137435432527726,0.1531022266167359,0.15350777815156877,0.30661000476830463
116.11111111111111,0.4777841580928136,0.18144747688877433,0.18262500723859076,0.15814335777982122,0.340768365018412
117.22222222222223,0.4743086458071533,0.17297322053317057,0.19900264469845866,0.1537154889612175,0.3527181336596762
118.33333333333333,0.4790168201340766,0.16325588907944547,0.21046730227943003,0.14725998850704797,0.35772729078647797
119.44444444444444,0.484978416060111,0.15426176357613816,0.219933486130146,0.140826334233605,0.360759820363751
120.55555555555556,0.49038645156092786,0.14635785636505466,0.22834364751746034,0.13491204455655717,0.3632556920740175
121.66666666666667,0.4948857988459628,0.13950400525744194,0.23601946569053095,0.12959073020606424,0.36561019589659516
122.77777777777777,0.49850486841591835,0.13357546327204745,0.2430917147199905,0.12482795359204359,0.36791966831203404
123.88888888888889,0.501358539586057,0.12844459657299068,0.2496302743124492,0.12056658952850298,0.3701968638409522
125.0,0.5035680764854146,0.12399904086578489,0.2556834580510294,0.11674942459777128,0.3724328826488007
125.0,0.5035680764854146,0.12399904086578489,0.2556834580510294,0.11674942459777128,0.3724328826488007
126.5,0.532114812117131,0.14687030265602044,0.19007626034370348,0.13093862488314514,0.3210148852268486
128.0,0.5135225678226724,0.1788942905687886,0.15358811116717846,0.1539950304413606,0.30758314160853906
128.0,0.5135225678226724,0.1788942905687886,0.15358811116717846,0.1539950304413606,0.30758314160853906
129.11111111111111,0.479070014811572,0.17914709758973527,0.1831771856291798,0.1586057019695129,0.34178288759869274
130.22222222222223,0.47539660120649374,0.17091765017068386,0.1995624389913059,0.15412330963151652,0.3536857486228224
131.33333333333334,0.479947794291334,0.161429849658277,0.2110105256520148,0.1476118303983741,0.3586223560503889
132.44444444444446,0.4857813592226123,0.15263638100685956,0.22045269691715935,0.14112956285336892,0.36158225977052827
133.55555555555554,0.49108187822264393,0.14490564959968952,0.2288374877442747,0.13517498443339196,0.36401247217766663
134.66666666666666,0.4954895028320041,0.13820137332125437,0.23648854341550565,0.12982058043123576,0.36630912384674136
135.77777777777777,0.49902973381920224,0.13240256000946138,0.24353718587693557,0.12503052029440087,0.36856770617133644
136.88888888888889,0.5018153814053452,0.12738476746530378,0.2500533779041216,0.12074647322522937,0.370799851129351
138.0,0.5039660866305103,0.12303826932196178,0.25608537360013495,0.11691027044739286,0.3729956440475278
138.0,0.5039660866305103,0.12303826932196178,0.25608537360013495,0.11691027044739286,0.3729956440475278
139.5,0.532610822869872,0.1458577166822548,0.1903938468133701,0.13113761363450302,0.3215314604478731
141.0,0.5140883235603435,0.1778188211495304,0.1538503962102834,0.1542424590798427,0.30809285529012603
141.0,0.5140883235603435,0.1778188211495304,0.1538503962102834,0.1542424590798427,0.30809285529012603
142.11111111111111,0.4795432098032283,0.17815657468876325,0.18345932692309935,0.1588408885849091,0.34230021550800843
143.22222222222223,0.475784960087468,0.17004100747755116,0.19983989318132714,0.15433413925365377,0.35417403243498086
144.33333333333334,0.4802692321268662,0.16065901409342093,0.21127401961516484,0.14779773416454808,0.3590717537797129
145.44444444444446,0.4860493057684744,0.15195719117778814,0.2206999133642526,0.1412935896894849,0.3619935030537375
146.55555555555554,0.4913060418022083,0.14430482882278697,0.22906854090508427,0.1353205884699204,0.3643891293750047
147.66666666666666,0.4956773194505897,0.13766763838109466,0.23670427837925545,0.1299507637890602,0.3666550421683156
148.77777777777777,0.49918716197624785,0.13192651039600645,0.24373860635681363,0.1251477212709319,0.36888632762774554
149.88888888888889,0.5019473110613961,0.12695858127844073,0.2502414660965962,0.12085264156356683,0.37109410766016304
151.0,0.5040765764176124,0.12265541486459967,0.2562610403361283,0.1170069683816597,0.373268008717788
151.0,0.5040765764176124,0.12265541486459967,0.2562610403361283,0.1170069683816597,0.373268008717788
152.5,0.5327591714669991,0.14545833318814008,0.19053084780123627,0.13125164754362453,0.3217824953448608
154.0,0.5142644058079735,0.17739698143400195,0.15396085016350075,0.1543777625945237,0.30833861275802443
154.0,0.5142644058079735,0.17739698143400195,0.15396085016350075,0.1543777625945237,0.30833861275802443
155.11111111111111,0.4796870265233809,0.17776980496841538,0.18357391521740427,0.15896925329079942,0.34254316850820365
156.22222222222223,0.47589856330127983,0.16970116066311527,0.19995015301707827,0.1544501230185266,0.35440027603560487
157.33333333333334,0.48035906424175007,0.16036261373524194,0.2113770627985871,0.14790125922442088,0.35927832202300797
158.44444444444446,0.4861204661749024,0.15169820944269008,0.22079522043146882,0.14138610395093879,0.36218132438240763
159.55555555555554,0.49136229520774793,0.14407763589064437,0.2291563841821724,0.13540368471943523,0.36456006890160764
160.66666666666666,0.4957215477960162,0.13746747401032836,0.236785148279913,0.1300258299137425,0.36681097819365555
161.77777777777777,0.49922164613834397,0.13174943135966177,0.24381302357421641,0.12521589892777776,0.3690289225019942
162.88888888888889,0.5019738898940653,0.1268013255079798,0.2503099251827866,0.1209148594151683,0.37122478459795494
164.0,0.504096745693323,0.12251527348145197,0.25632399606274214,0.11706398476248299,0.3733879808252251
164.0,0.504096745693323,0.12251527348145197,0.25632399606274214,0.11706398476248299,0.3733879808252251
165.5,0.532791651155312,0.14531313795277773,0.19057934395812204,0.13131586693378824,0.3218952108919103
167.0,0.5143062396526116,0.17724376118850665,0.15399907267862262,0.15445092648025913,0.30844999915888177
167.0,0.5143062396526116,0.17724376118850665,0.15399907267862262,0.15445092648025913,0.30844999915888177
168.11111111111111,0.47971976649220405,0.17762959268873327,0.18361216170422884,0.15903847911483382,0.34265064081906266
169.22222222222223,0.4759225322213661,0.16957856301191773,0.19998611243603315,0.15451279233068296,0.35449890476671614
170.33333333333334,0.48037612769069127,0.16025634993134225,0.21141007931406097,0.1479574430639055,0.3593675223779665
171.44444444444446,0.4861322186580062,0.1516059717385267,0.2208252679756507,0.1414365416278164,0.3622618096034671
172.55555555555554,0.4913699512448432,0.14399725798625052,0.22918363105865752,0.1354491597102488,0.3646327907689063
173.66666666666666,0.49572604067430914,0.13739712659688627,0.236809807644705,0.13006702508409962,0.3668768327288046
174.77777777777777,0.49922370598648824,0.1316876044622926,0.2438353068784119,0.1252533826728071,0.36908868955121904
175.88888888888889,0.5019740939678528,0.12674677525656747,0.2503300293783055,0.12094910139727422,0.3712791307755797
177.0,0.5040955524347719,0.12246697135964398,0.25634210139584657,0.11709537480973763,0.3734374762055842
177.0,0.5040955524347719,0.12246697135964398,0.25634210139584657,0.11709537480973763,0.3734374762055842
178.5,0.5327936878433979,0.1452631852001739,0.19059305450996214,0.13135007244646613,0.32194312695642824
180.0,0.5143109007137545,0.1771907417240718,0.1540095421540305,0.15448881540814327,0.3084983575621738
180.0,0.5143109007137545,0.1771907417240718,0.1540095421540305,0.15448881540814327,0.3084983575621738
181.11111111111111,0.4797226854459905,0.17758098433478722,0.18362208452513337,0.1590742456940889,0.34269633021922224
182.22222222222223,0.47592364547862054,0.16953611897906873,0.19999509685009362,0.1545451386922171,0.35454023554231073
183.33333333333334,0.4803758031637745,0.16021966669663043,0.211418083154763,0.14798644698483207,0.359404530139595
184.44444444444446,0.4861308327234027,0.15157423739572407,0.22083234518885503,0.14146258469201825,0.36229492988087325
185.55555555555554,0.4913678106186913,0.14396969822034703,0.22918985646668957,0.1354726346942722,0.36466249116096183
186.66666666666666,0.4957233843769236,0.13737308559558595,0.23681525599731437,0.13008827403017606,0.36690353002749043
187.77777777777777,0.4992207182783972,0.13166654152228838,0.24384004767531908,0.12527269252399537,0.3691127401993145
188.88888888888889,0.5019709161013437,0.12672824608909636,0.2503341261238171,0.12096671168574276,0.3713008378095599
190.0,0.5040922919839074,0.12245060964956772,0.2563456120102283,0.11711148635629659,0.3734570983665249
190.0,0.5040922919839074,0.12245060964956772,0.2563456120102283,0.11711148635629659,0.3734570983665249
191.5,0.5327909948214044,0.14524615314951583,0.1905956016955413,0.13136725033353852,0.3219628520290798
193.0,0.5143087658380049,0.17717239011276747,0.15401133072572615,0.15450751332350152,0.30851884404922764
193.0,0.5143087658380049,0.17717239011276747,0.15401133072572615,0.15450751332350152,0.30851884404922764
194.11111111111111,0.47972058356633546,0.17756403704667723,0.18362351343456343,0.15909186595242392,0.3427153793869874
195.22222222222223,0.4759214917723888,0.16952125494855533,0.19999621472357948,0.1545610385554765,0.354557253279056
196.33333333333334,0.4803735912628594,0.16020678140019354,0.21141895007317887,0.14800067726376812,0.35941962733694693
197.44444444444446,0.48612860085012294,0.15156306101189987,0.2208330000445119,0.1414753380934652,0.3623083381379771
198.55555555555554,0.49136560278166447,0.14395996543290412,0.2291903256417534,0.13548410614367812,0.3646744317854315
199.66666666666666,0.4957212374394521,0.13736456971388786,0.2368155597671804,0.13009863307947966,0.36691419284666005
200.77777777777777,0.4992186597028534,0.13165905521078444,0.24384020312488258,0.12528208196147972,0.3691222850863623
201.88888888888889,0.5019689649070754,0.1267216353923869,0.2503341484009071,0.12097525129963052,0.37130939970053767
203.0,0.5040904603740477,0.12244474769493648,0.25634551489720153,0.11711927703381408,0.3734647919310156
203.0,0.5040904603740477,0.12244474769493648,0.25634551489720153,0.11711927703381408,0.3734647919310156
204.5,0.5327891508446178,0.14523994597080084,0.19059545601424313,0.13137544717033836,0.3219709031845815
206.0,0.5143069795897197,0.17716554812529198,0.15401112026216046,0.15451635202282776,0.3085274722849882
206.0,0.5143069795897197,0.17716554812529198,0.15401112026216046,0.15451635202282776,0.3085274722849882
207.11111111111111,0.4797190278354667,0.1775576417589248,0.18362314468207205,0.1591001857235365,0.3427233304056086
208.22222222222223,0.47592012031007425,0.16951558432209307,0.19999576875556205,0.1545685266122707,0.3545642953678327
209.33333333333334,0.48037235243940524,0.160201815854351,0.21141847107204165,0.1480073606342021,0.35942583170624376
210.44444444444446,0.48612747198709966,0.15155871113304104,0.22083250592606202,0.1414813109537972,0.3623138168798592
211.55555555555554,0.4913645744148964,0.14395613913428976,0.2291898234316826,0.13548946301913128,0.3646792864508139
212.66666666666666,0.4957203042431182,0.13736118710661976,0.23681505254563018,0.13010345610463184,0.366918508650262
213.77777777777777,0.49921781718928604,0.13165604981619108,0.24383969262422642,0.1252864403702966,0.369126132994523
214.88888888888889,0.501968208484129,0.12671895234839334,0.250333635924848,0.12097920324262958,0.37131283916747754
216.0,0.5040897851941267,0.12244234164323223,0.2563450016373427,0.11712287152529842,0.37346787316264113
216.0,0.5040897851941267,0.12244234164323223,0.2563450016373427,0.11712287152529842,0.37346787316264113
217.5,0.53278841673897,0.14523734334524488,0.190595036034421,0.13137920388136412,0.32197423991578505
219.0,0.5143062304387387,0.17716262178032116,0.15401075806800554,0.15452038971293466,0.30853114778094015
219.0,0.5143062304387387,0.17716262178032116,0.15401075806800554,0.15452038971293466,0.30853114778094015
220.11111111111111,0.4797184105266489,0.17755487523018618,0.183622730299204,0.15910398394396094,0.342726714243165
221.22222222222223,0.47591961670461336,0.16951310033820083,0.19999534629562937,0.1545719366615565,0.35456728295718587
222.33333333333334,0.48037193106160175,0.16019961310165898,0.21141806059814178,0.14801039523859758,0.3594284558367394
223.44444444444446,0.48612711451937557,0.15155675718532743,0.22083211364870964,0.14148401464658725,0.36231612829529686
224.55555555555554,0.49136427032228347,0.1439543989552883,0.22918945026157278,0.13549188046085556,0.3646813307224283
225.66666666666666,0.4957200464766295,0.13735962976702565,0.23681469768595031,0.13010562607039447,0.3669203237563448
226.77777777777777,0.4992176003166058,0.13165464931629053,0.24383935485284303,0.1252883955142607,0.3691277503671037
227.88888888888889,0.5019680279581681,0.12671768706488687,0.2503333140187536,0.1209809709581915,0.37131428497694513
229.0,0.5040896370567987,0.12244119357664611,0.25634469449926933,0.1171244748672859,0.3734691693665553
229.0,0.5040896370567987,0.12244119357664611,0.25634469449926933,0.1171244748672859,0.3734691693665553
230.5,0.5327882448447674,0.14523608460275875,0.19059479337977195,0.13138087717270178,0.3219756705524737
232.0,0.51430605210594,0.1771611967863098,0.15401056048032072,0.1545221906274294,0.30853275110775014
232.0,0.51430605210594,0.1771611967863098,0.15401056048032072,0.1545221906274294,0.30853275110775014
233.11111111111111,0.4797182791675806,0.17755352137115107,0.1836225217509736,0.15910567771029466,0.34272819946126826
234.22222222222223,0.47591952716870983,0.1695118754545041,0.19999514319663406,0.15457345418015198,0.35456859737678603
235.33333333333334,0.48037187067677534,0.16019851770580823,0.21141786959179454,0.14801174202562195,0.3594296116174165
236.44444444444446,0.486127075327201,0.15155577729109362,0.22083193620088198,0.14148521118082333,0.3623171473817053
237.55555555555554,0.49136424757246566,0.14395351912423832,0.2291892859492735,0.13549294735402254,0.364682233303296
238.66666666666666,0.49572003702325446,0.13735883622857525,0.23681454553954107,0.13010658120862928,0.36692112674817035
239.77777777777777,0.4992176018477887,0.13165393039907378,0.24383921382254706,0.12528925393059048,0.36912846775313757
240.88888888888889,0.5019680386574185,0.1267170329897063,0.25033318312117026,0.12098174523170507,0.37131492835287533
242.0,0.5040896554426436,0.12244059614674561,0.2563445728548216,0.11712517555578925,0.3734697484106108
242.0,0.5040896554426436,0.12244059614674561,0.2563445728548216,0.11712517555578925,0.3734697484106108
243.5,0.5327882623045731,0.14523542801287748,0.19059469931544787,0.1313816103671016,0.32197630968254953
245.0,0.5143060729574476,0.17716045661732543,0.15401048703138004,0.15452298339384693,0.30853347042522705
245.0,0.5143060729574476,0.17716045661732543,0.15401048703138004,0.15452298339384693,0.30853347042522705
246.11111111111111,0.4797183085470627,0.17755281885957985,0.18362244916951767,0.15910642342383965,0.3427288725933574
247.22222222222223,0.4759195644316111,0.16951123885149294,0.19999507538924874,0.1545741213276473,0.3545691967168961
248.33333333333334,0.4803719123514546,0.16019794689409358,0.21141780788638398,0.14801233286806792,0.3594301407544519
249.44444444444446,0.4861271192179544,0.15155526522089985,0.22083188061716266,0.1414857349439832,0.36231761556114583
250.55555555555554,0.4913642924571742,0.1439530581072298,0.22918923605541464,0.13549341338018142,0.3646826494355961
251.66666666666666,0.495720082188274,0.13735841940930454,0.23681450079974845,0.130106997602673,0.36692149840242144
252.77777777777777,0.49921764684594383,0.13165355195083198,0.24383917371472538,0.1252896274884988,0.36912880120322417
253.88888888888889,0.5019680831940923,0.1267166880123738,0.25033314717078586,0.12098208162274815,0.37131522879353396
255.0,0.5040896993185074,0.12244028051764265,0.2563445406406872,0.11712547952316271,0.3734700201638499
255.0,0.5040896993185074,0.12244028051764265,0.2563445406406872,0.11712547952316271,0.3734700201638499
256.5,0.5327883120833015,0.1452350825244172,0.19059467522845328,0.1313819301638281,0.3219766053922814
258.0,0.5143061285517435,0.1771600704133971,0.15401046965935716,0.15452333137550228,0.30853380103485945
258.0,0.5143061285517435,0.1771600704133971,0.15401046965935716,0.15452333137550228,0.30853380103485945
259.1111111111111,0.4797183611277258,0.17755245365696537,0.18362243433318476,0.1591067508821241,0.3427291852153089
260.22222222222223,0.47591961441523883,0.16951090854508366,0.19999506296392003,0.15457441407575753,0.35456947703967756
261.3333333333333,0.48037195948790506,0.1601976510279781,0.21141779767904093,0.1480125918050758,0.35943038948411676
262.44444444444446,0.48612716342905565,0.1515550000030675,0.22083187239226865,0.1414859641756082,0.36231783656787686
263.55555555555554,0.4913643338236821,0.14395281950886113,0.22918922957485396,0.13549361709260274,0.3646828466674567
264.6666666666667,0.4957201208680158,0.13735820386087155,0.2368144958435671,0.13010717942754554,0.36692167527111264
265.77777777777777,0.49921768302624164,0.13165335642262846,0.24383917008698797,0.12528979046414188,0.3691289605511298
266.8888888888889,0.5019681170682728,0.1267165099560377,0.25033314469933593,0.12098222827635347,0.3713153729756894
268.0,0.5040897310743288,0.12244011778783115,0.25634453917502076,0.11712561196281926,0.37347015113784005
268.0,0.5040897310743288,0.12244011778783115,0.25634453917502076,0.11712561196281926,0.37347015113784005
269.5,0.532788349413722,0.14523490547223183,0.19059467469104074,0.13138207042300526,0.321976745114046
271.0,0.5143061705323188,0.1771598741436754,0.15401047033730786,0.15452348498669802,0.3085339553240059
271.0,0.5143061705323188,0.1771598741436754,0.15401047033730786,0.15452348498669802,0.3085339553240059
272.1111111111111,0.47971839889213314,0.17755226882441072,0.18362243677605897,0.15910689550739718,0.34272933228345615
273.22222222222223,0.4759196483909841,0.16951074190595697,0.1999950663324587,0.15457454337060025,0.35456960970305895
274.3333333333333,0.480371990136329,0.1601975021501767,0.21141780158710374,0.1480127061263906,0.3594305077134943
275.44444444444446,0.48612719113695957,0.1515548668601294,0.22083187665978252,0.1414860653431285,0.36231794200291095
276.55555555555554,0.49136435892672714,0.1439527000000774,0.22918923409989786,0.13549370697329755,0.3646829410731954
277.6666666666667,0.4957201436636544,0.1373580961388504,0.2368145005561638,0.13010725964133135,0.3669217601974952
278.77777777777777,0.4992177037790297,0.13165325892414237,0.24383917493294224,0.12528986236388567,0.3691290372968279
279.8888888888889,0.5019681360127147,0.12671642136833736,0.2503331496342063,0.12098229298474163,0.3713154426189479
281.0,0.5040897484172343,0.12244003700702133,0.256344544161536,0.11712567041420828,0.37347021457574425
281.0,0.5040897484172343,0.12244003700702133,0.256344544161536,0.11712567041420828,0.37347021457574425
282.5,0.5327883703487556,0.14523481809638034,0.1905946788495143,0.1313821327053497,0.3219768115548641
284.0,0.5143061943325968,0.1771597779372194,0.1540104741784022,0.1545235535517816,0.30853402773018385
284.0,0.5143061943325968,0.1771597779372194,0.1540104741784022,0.1545235535517816,0.30853402773018385
285.1111111111111,0.4797184198321241,0.17755217854858157,0.18362244152626014,0.15910696009303413,0.34272940161929427
286.22222222222223,0.47591966672450475,0.16951066078198485,0.19999507135179423,0.15457460114171614,0.35456967249351035
287.3333333333333,0.4803720062730061,0.16019742988629337,0.21141780661199797,0.1480127572287026,0.3594305638407006
288.44444444444446,0.48612720540756965,0.1515548024129016,0.22083188159406728,0.1414861105854615,0.36231799217952876
289.55555555555554,0.49136437159573326,0.14395264230736007,0.2291892389076585,0.13549374718924811,0.36468298609690664
290.6666666666667,0.4957201549504891,0.137358044272459,0.23681450522267708,0.13010729555437492,0.36692180077705194
291.77777777777777,0.4992177138698371,0.13165321210118133,0.24383917945139502,0.12528989457758655,0.3691290740289816
292.8888888888889,0.5019681450667703,0.1267163789327721,0.2503331540011807,0.12098232199927682,0.37131547600045756
