Generation,xOC,xOB,xMMd,xMMr,total xMM
0.0,0.26666666666666666,0.4,0.26666666666666666,0.06666666666666667,0.3333333333333333
0.5042016806722689,0.3902180467817125,0.32851584638533604,0.2250020428540884,0.05626406397886307,0.28126610683295145
1.0084033613445378,0.44938037434788836,0.290408639540618,0.20866767057588223,0.05154331553561152,0.26021098611149374
1.5126050420168067,0.48234223636630735,0.2660380241672493,0.2025170769739326,0.049102662492510746,0.25161973946644334
2.0168067226890756,0.5027462517755973,0.2483808503997209,0.20115042715179213,0.04772247067288973,0.24887289782468186
2.5210084033613445,0.5165164165709173,0.23440741765358275,0.20220309261127117,0.04687307316422886,0.24907616577550004
3.0252100840336134,0.5265256503827394,0.2226607219265273,0.20451420282088362,0.0462994248698497,0.25081362769073334
3.5294117647058822,0.5342644045789198,0.21238813901182654,0.20747574035531327,0.045871716053940303,0.2533474564092536
4.033613445378151,0.5405420136807996,0.20317829429269726,0.21075762008522828,0.04552207194127492,0.2562796920265032
4.53781512605042,0.5458142993180419,0.19479363331399735,0.21417734677004036,0.04521472059792042,0.2593920673679608
5.042016806722689,0.5503473274636235,0.18708832432399014,0.2176333900273437,0.04493095818504258,0.2625643482123863
5.546218487394958,0.5543028639248537,0.1799664027718145,0.22106947740724167,0.04466125589609016,0.26573073330333186
6.050420168067227,0.5577842150430317,0.1733598771379338,0.22445489165564644,0.044401016163388055,0.2688559078190345
6.554621848739496,0.5608612655412976,0.16721706283493612,0.2277734090853248,0.04414826253844146,0.2719216716237663
7.0588235294117645,0.5635843386390111,0.16149626341156476,0.23101702203988558,0.04390237590953864,0.2749193979494242
7.563025210084033,0.565991953039748,0.1561622875440018,0.23418235493147468,0.04366340448477549,0.27784575941625017
8.067226890756302,0.5681152126629245,0.15118448510940372,0.23726861177524716,0.0434316904524245,0.28070030222767167
8.571428571428571,0.5699803232846989,0.14653560442802507,0.24027640041086962,0.04320767187640642,0.28348407228727607
9.07563025210084,0.5716100640983015,0.1421910965387516,0.24320705835795137,0.04299178100499559,0.28619883936294693
9.579831932773109,0.5730246626570283,0.1381286687393992,0.2460622723558055,0.04278439624776682,0.2888466686035723
10.084033613445378,0.5742423407671887,0.13432797551007464,0.24884386143866005,0.042585822284076674,0.2914296837227367
10.588235294117647,0.5752796632240144,0.1307703910732299,0.25155365988535183,0.0423962858174037,0.2939499457027555
11.092436974789916,0.5761517787859631,0.12743882953115257,0.2541934530081875,0.04221593867469684,0.2964093916828843
11.596638655462185,0.5768725925330179,0.12431759611722139,0.2567649467037654,0.042044864645995335,0.2988098113497607
12.100840336134453,0.5774548973818098,0.12139225957051837,0.2592697553123293,0.041883087735342335,0.30115284304767165
12.605042016806722,0.5779104820399074,0.11864953902979901,0.26170939860157333,0.04173058032872029,0.3034399789302936
13.109243697478991,0.5782502204197727,0.11607720344066802,0.2640853050132064,0.041587271126353055,0.30567257613955945
13.61344537815126,0.5784841499518092,0.11366398067556137,0.26639881702857193,0.04145305234405762,0.30785186937262954
14.117647058823529,0.5786215461952808,0.11139947087079838,0.2686511983736857,0.04132778456023508,0.30997898293392073
14.621848739495798,0.5786709677779789,0.10927408054505315,0.27084364607487166,0.04121130560209632,0.312054951676968
15.126050420168067,0.5786403241068829,0.1072789482694834,0.2729772944064612,0.04110343321717248,0.3140807276236337
15.630252100840336,0.5785369387269375,0.10540587760232474,0.2750532160803918,0.041003967590346066,0.3160571836707378
16.134453781512605,0.5783675809272792,0.10364728748457958,0.27707243433557555,0.04091269725256577,0.3179851315881413
16.63865546218487,0.578138497414501,0.10199616030576962,0.2790359398007647,0.040829402478964806,0.3198653422797295
17.142857142857142,0.577855472546183,0.10044599081043716,0.28094468055059685,0.04075385609278307,0.32169853664337994
17.647058823529413,0.5775238613411671,0.09899074362208393,0.28279956917404675,0.04068582586270222,0.323485395036749
18.15126050420168,0.5771486107681937,0.09762481621848193,0.2846014957265434,0.04062507728678108,0.32522657301332447
18.655462184873947,0.5767342906328731,0.09634300317391283,0.2863513310080797,0.040571375185134526,0.32692270619321423
19.159663865546218,0.576285135872751,0.09514046029882228,0.2880499203325929,0.04052448349583395,0.3285744038284269
19.66386554621849,0.5758050586131338,0.09401267777016581,0.28969809598968593,0.040484167627014594,0.3301822636167005
20.168067226890756,0.5752976760152025,0.09295545207016068,0.2912966769909516,0.040450194923685207,0.3317468719146368
20.672268907563023,0.5747663311077372,0.09196486124218235,0.29284647229083866,0.04042233535924179,0.3332688076500805
21.176470588235293,0.57421411305202,0.09103724235513662,0.29434828241898,0.04040036217386339,0.33474864459284337
21.680672268907564,0.5736438750959357,0.09016917087894752,0.2958029016937322,0.040384052331384576,0.3361869540251168
22.18487394957983,0.5730582517056726,0.08935744187939634,0.2972111194677254,0.040373186947205784,0.33758430641493115
22.6890756302521,0.5724596726648953,0.0885990527005975,0.29857372327847104,0.04036755135603624,0.3389412746345073
23.19327731092437,0.5718503804354962,0.08789118705459666,0.299891497100808,0.0403669354090992,0.34025843250990717
23.69747899159664,0.5712324437082544,0.08723120115503051,0.30116522108608085,0.040371134050634284,0.34153635513671515
24.201680672268907,0.5706077647623982,0.08661661008671391,0.30239567839694004,0.04037994675394791,0.342775625150888
24.705882352941174,0.5699780921468716,0.08604507644165436,0.3035836531776202,0.04039317823385385,0.34397683141147406
25.210084033613445,0.5693450327547395,0.08551439887098834,0.30472993017365063,0.04041063820062158,0.3451405683742722
25.714285714285715,0.5687100678055078,0.08502250086338306,0.30583529052452996,0.040432140806579184,0.3462674313311091
26.218487394957982,0.5680745544810859,0.08456742277690123,0.30690051752603115,0.04045750521598164,0.3473580227420128
26.72268907563025,0.5674397321646794,0.08414731387766955,0.3079263980070181,0.040486555950633024,0.34841295395765115
27.22689075630252,0.5668067338735563,0.08376042369846937,0.3089137201489552,0.04051912227901917,0.3494328424279744
27.73109243697479,0.5661765973658478,0.08340509446574412,0.3098632701915008,0.04055503797690733,0.3504183081684081
28.235294117647058,0.565550266136248,0.0830797554667635,0.3107758366721051,0.040594141724883286,0.3513699783969884
28.739495798319325,0.5649285986896713,0.0827829165554546,0.31165220799851445,0.04063627675635963,0.35228848475487406
29.243697478991596,0.5643123734845642,0.08251316279428221,0.3124931728537552,0.040681290867398336,0.3531744637211536
29.747899159663866,0.5637022948706425,0.08226914931783015,0.31329951953503793,0.04072903627648954,0.3540285558115275
30.252100840336134,0.5630989980535414,0.082049596703421,0.31407203569308056,0.04077936954995713,0.35485140524303765
30.7563025210084,0.5625030539937627,0.08185328667835187,0.3148115078371476,0.040832151490737705,0.3556436593278854
31.26050420168067,0.5619149739606555,0.08167905817158232,0.31551872082985905,0.040887247037903134,0.35640596786776213
31.764705882352942,0.5613352136221784,0.08152580371364011,0.3161944574901356,0.040944525174045975,0.35713898266418154
32.26890756302521,0.5607641770910121,0.08139246607743889,0.3168394980099362,0.041003858821612754,0.357843356831549
32.773109243697476,0.5602022204168418,0.08127803526505396,0.3174546195709893,0.041065124747115045,0.35851974431810435
33.27731092436974,0.5596496553531347,0.08118154560906948,0.3180405955877169,0.041128203450078844,0.35916879903779575
33.78151260504202,0.5591067523105938,0.08110207322861536,0.3185981953774855,0.04119297908330526,0.35979117446079073
34.285714285714285,0.55857374338613,0.08103873362907889,0.3191281836250192,0.041259339359771996,0.3603875229847912
34.78991596638655,0.5580508252657012,0.08099067947347047,0.31963131980455706,0.04132717545627132,0.3609584952608284
35.294117647058826,0.5575381616889975,0.08095709862320853,0.3201083577595075,0.04139638192828651,0.361504739687794
35.79831932773109,0.557035886287867,0.08093721214986743,0.3205600449560573,0.04146685660620816,0.3620269015622654
36.30252100840336,0.5565441045372194,0.08093027268942783,0.32098712223811854,0.041538500535234335,0.3625256227733528
36.80672268907563,0.5560628958763421,0.08093556285016285,0.3213903233749206,0.041611217898574526,0.3630015412734951
37.310924369747895,0.5555923160121313,0.08095239366233298,0.3217703744089937,0.04168491591654178,0.36345529032553553
37.81512605042017,0.555132398340902,0.0809801033970307,0.32212799345873033,0.04175950480333702,0.36388749826206734
38.319327731092436,0.5546831563616271,0.08101805607603696,0.3224638899150569,0.04183489764727889,0.3642987875623358
38.8235294117647,0.5542445849762901,0.08106564042502717,0.32277876423387275,0.04191101036480991,0.3646897745986827
39.32773109243698,0.5538166618364295,0.08112226882605927,0.3230733076879899,0.0419877616495213,0.3650610693375112
39.831932773109244,0.5533993487776985,0.08118737632978108,0.32334820198508013,0.04206507290744011,0.3654132748925203
40.33613445378151,0.552992593517504,0.0812604196124827,0.3236041187084028,0.042142868161610524,0.3657469868700133
40.84033613445378,0.5525963305435702,0.08134087625629507,0.32384171917664056,0.0422210740234941,0.36606279320013463
41.344537815126046,0.5522104825944099,0.0814282438320466,0.32406165397034287,0.04229961960320074,0.36636127357354364
41.84873949579832,0.5518349615371828,0.08152203930206608,0.3242645626816916,0.042378436479059436,0.36664299916075105
42.35294117647059,0.5514696695927862,0.08162179810445178,0.32445107368919013,0.04245745861357196,0.3669085323027621
42.857142857142854,0.5511144998322071,0.08172707364900107,0.32462180417888686,0.04253662233990502,0.3671584265187919
43.36134453781513,0.5507693371171429,0.0818374368049453,0.3247773597639315,0.042615866313980254,0.3673932260779118
43.865546218487395,0.5504340593043991,0.08195247513343244,0.32491833414040766,0.042695131421760825,0.36761346556216845
44.36974789915966,0.5501085379358553,0.08207179226724831,0.32504530907123474,0.04277436072566147,0.36781966979689623
44.87394957983193,0.5497926383000078,0.08219500807651073,0.32515885409770545,0.04285349952577611,0.36801235362348156
45.3781512605042,0.549486221288549,0.08232175715923697,0.3252595264166988,0.04293249513551528,0.36819202155221414
45.88235294117647,0.549189143141209,0.08245168901428722,0.3253478708930718,0.04301129695143206,0.3683591678445039
46.38655462184874,0.5489012559641848,0.0825844677538547,0.32542441984616494,0.04308985643579553,0.36851427628196043
46.890756302521005,0.5486224084410429,0.08271977104635286,0.32548969352678647,0.04316812698581774,0.36865782051260415
47.39495798319328,0.5483524458527144,0.08285729064942116,0.32554419946609325,0.04324606403177138,0.36879026349786465
47.89915966386555,0.5480912114824783,0.08299673103479006,0.32558843266929693,0.04332362481343449,0.3689120574827314
48.403361344537814,0.5478385465057374,0.08313780957641013,0.3256228754787783,0.04340076843907408,0.36902364391785236
48.90756302521008,0.5475942903874728,0.08328025640800256,0.3256479973285829,0.043477455875941554,0.3691254532045245
49.41176470588235,0.5473582813240572,0.08342381346241867,0.32566425538984384,0.04355364982368034,0.36921790521352416
49.91596638655462,0.5471303563565296,0.08356823478111636,0.325672094085012,0.04362931477734191,0.36930140886235396
50.42016806722689,0.5469103517930286,0.08371328552077073,0.3256719457983042,0.0437044168878965,0.3693763626862007
50.924369747899156,0.5466981032286163,0.08385874254299214,0.3256642301608073,0.043778924067584116,0.36944315422839147
51.42857142857143,0.5464934463189776,0.08400439301117929,0.32564935490413066,0.043852805765712384,0.36950216066984304
51.9327731092437,0.5462962166052042,0.08415003531499705,0.3256277149483005,0.043926033131498066,0.36955374807979857
52.436974789915965,0.5461062502142952,0.08429547737153334,0.3255996936673329,0.04399857874683864,0.36959827241417154
52.94117647058823,0.5459233835742459,0.08444053797160446,0.3255656615984457,0.04407041685570405,0.3696360784541497
53.4453781512605,0.5457474537054403,0.084585044986813,0.32552597820283685,0.04414152310490975,0.3696675013077466
53.94957983193277,0.5455782984125346,0.08472883606127711,0.32548099087760823,0.04421187464857995,0.3696928655261882
54.45378151260504,0.5454157562309213,0.08487175820461497,0.32543103545844465,0.04428145010601894,0.3697124855644636
54.95798319327731,0.5452596667918282,0.08501366691666727,0.3253764368649688,0.04435022942653572,0.3697266662915045
55.46218487394958,0.5451098710807162,0.08515442622673773,0.3253175088032831,0.044418193889263026,0.3697357026925461
55.96638655462185,0.5449662114806233,0.08529390929871276,0.3252545530243309,0.044485326196333184,0.3697398792206641
56.470588235294116,0.5448285321080654,0.08543199698031233,0.32518786065647404,0.04455161025514834,0.3697394709116224
56.97478991596638,0.5446966786340434,0.08556857815837417,0.3251177119543778,0.04461703125320483,0.36973474320758265
57.47899159663865,0.5445704986359918,0.08570354924360987,0.3250443765533368,0.04468157556706157,0.3697259521203983
57.983193277310924,0.544449840831765,0.0858368142009344,0.3249681141402813,0.04474523082701927,0.36971334496730063
58.48739495798319,0.544334555152491,0.08596828425214184,0.3248891747184628,0.04480798587690438,0.36969716059536717
58.99159663865546,0.5442244933050737,0.08609787751382357,0.32480779849069713,0.04486983069040561,0.36967762918110275
59.49579831932773,0.5441195091701725,0.0862255188959936,0.32472421559766906,0.044930756336164855,0.36965497193383395
60.0,0.5440194591111287,0.08635113948733816,0.3246386465299084,0.04499075487162471,0.36962940140153316
60.0,0.5440194591111287,0.08635113948733816,0.3246386465299084,0.04499075487162471,0.36962940140153316
61.111111111111114,0.5511900918034797,0.11350908257081793,0.276256531467893,0.05904429415780945,0.33530082562570246
62.22222222222222,0.5414529526184031,0.14475139306309284,0.23777175770247141,0.07602389661603257,0.313795654318504
63.333333333333336,0.5221956714964715,0.17745232903250316,0.2052818955961097,0.09507010387491557,0.30035199947102525
64.44444444444444,0.49822382020145434,0.208879836815208,0.1776935831537319,0.11520275982960589,0.2928963429833378
65.55555555555556,0.4730795527889194,0.23677276406837855,0.1546557629858015,0.13549192015690054,0.290147683142702
66.66666666666667,0.44927689077144645,0.25969320151348624,0.13584413245492602,0.15518577526014143,0.2910299077150675
67.77777777777777,0.42837420636816903,0.277067602865137,0.12080203847846892,0.17375615228822505,0.294558190766694
68.88888888888889,0.4111267509706084,0.2890111645645195,0.10898198555321653,0.19088009891165567,0.29986208446487217
70.0,0.39770493818952096,0.2960771935098414,0.09982421645140788,0.20639365184922978,0.3062178683006377
70.0,0.39770493818952096,0.2960771935098414,0.09982421645140788,0.20639365184922978,0.3062178683006377
71.11111111111111,0.4360401597907204,0.2561761871336495,0.11926900774944034,0.18851464532618972,0.30778365307563005
72.22222222222223,0.4719722558817183,0.22182765577083993,0.13591644238912093,0.17028364595832068,0.3062000883474416
73.33333333333333,0.5015462998947642,0.19379267409574466,0.1508089687617328,0.1538520572477583,0.3046610260094911
74.44444444444444,0.5249713180587141,0.17115318868516,0.1643129444990629,0.139562548757063,0.3038754932561259
75.55555555555556,0.5432257099540693,0.15285275036619053,0.1766297043672196,0.12729183531252053,0.3039215396797401
76.66666666666667,0.557300966950517,0.13798964987884738,0.1879119049385372,0.11679747823209842,0.3047093831706356
77.77777777777777,0.5680434301782677,0.1258462561424982,0.198287338417258,0.10782297526197623,0.3061103136792342
78.88888888888889,0.5761395972480476,0.11586373049867343,0.2078640292466449,0.10013264300663395,0.30799667225327887
80.0,0.5821360368635281,0.10760947716003662,0.21673258927772457,0.09352189669871061,0.3102544859764352
80.0,0.5821360368635281,0.10760947716003662,0.21673258927772457,0.09352189669871061,0.3102544859764352
81.11111111111111,0.5734443232227229,0.12788434030442308,0.18733592594004242,0.11133541053281173,0.29867133647285415
82.22222222222223,0.5540183843379185,0.14913128936780384,0.16583855609673104,0.1310117701975467,0.29685032629427777
83.33333333333333,0.5312216449565459,0.16928853695453214,0.14851868549703978,0.15097113259188216,0.29948981808892194
84.44444444444444,0.5085229046876599,0.18708421105611123,0.13418269470298713,0.17021018955324177,0.3043928842562289
85.55555555555556,0.48767799704991915,0.2018634094171705,0.12233170174703735,0.18812689178587302,0.3104585935329104
86.66666666666667,0.4695324965600142,0.2134330542629556,0.11262991097564586,0.20440453820138427,0.3170344491770301
87.77777777777777,0.4543906513424312,0.22191352097160796,0.1047736438116401,0.21892218387432072,0.32369582768596084
88.88888888888889,0.4422270667289045,0.2276114222427606,0.09847518424246257,0.2316863267858724,0.33016151102833496
90.0,0.4328258670695082,0.23092222647552443,0.09347076066673547,0.2427811457882318,0.3362519064549673
90.0,0.4328258670695082,0.23092222647552443,0.09347076066673547,0.2427811457882318,0.3362519064549673
91.11111111111111,0.4745978549156069,0.19725403524489607,0.11379798706461676,0.21435012277488028,0.32814810983949705
92.22222222222223,0.5114117753880215,0.16921598652349623,0.1311848458330151,0.18818739225546732,0.3193722380884824
93.33333333333333,0.5402017277420706,0.1469865504407817,0.14670855601380284,0.16610316580334492,0.3128117218171477
94.44444444444444,0.5619050010505406,0.1294792139028501,0.16077656297207585,0.14783922207453348,0.30861578504660936
95.55555555555556,0.5779730718043372,0.1156298124250646,0.17361980535840446,0.13277731041219357,0.306397115770598
96.66666666666667,0.5896835664872274,0.1045924504452739,0.18540818085427044,0.12031580221322831,0.30572398306749876
97.77777777777777,0.5980479805122296,0.09572673763358365,0.19627771216312478,0.10994756969106197,0.30622528185418674
98.88888888888889,0.6038433773246608,0.0885532494075449,0.20633907086333753,0.10126430240445682,0.30760337326779436
100.0,0.607662241059872,0.08271259131574105,0.21568243506208773,0.09394273256229908,0.3096251676243868
100.0,0.607662241059872,0.08271259131574105,0.21568243506208773,0.09394273256229908,0.3096251676243868
101.11111111111111,0.6006606835777126,0.0995446233614984,0.1879609786561724,0.11183371440461658,0.299794693060789
102.22222222222223,0.5825844411331056,0.11780653662580412,0.1678401678705442,0.131768854370546,0.2996090222410902
103.33333333333333,0.5604927552350256,0.1358477398679628,0.15152854924501313,0.15213095565199844,0.30365950489701155
104.44444444444444,0.5377845802451355,0.15252870514581515,0.13783248561249656,0.17185422899655275,0.3096867146090493
105.55555555555556,0.516281526644085,0.16714239776038264,0.12630655776033828,0.1902695178351941,0.3165760755955324
106.66666666666667,0.4969616698062942,0.17934289106871218,0.11668968918689168,0.20700574993810197,0.32369543912499366
107.77777777777777,0.48028005708098787,0.18906088436346238,0.10875106025866024,0.22190799829688942,0.33065905855554967
108.88888888888889,0.46635086696656575,0.19641724983333153,0.10226320327536721,0.2349686799247354,0.3372318832001026
110.0,0.455072840675853,0.20164669430833446,0.09700754356975216,0.24627292144606033,0.3432804650158125
110.0,0.455072840675853,0.20164669430833446,0.09700754356975216,0.24627292144606033,0.3432804650158125
111.11111111111111,0.4936404104200063,0.17298780942692069,0.11724489554764998,0.2161268846054231,0.33337178015307306
112.22222222222223,0.5276346310306568,0.1490787008654056,0.13437842821781998,0.18890823988611757,0.3232866681039376
113.33333333333333,0.5539940626846467,0.13014271997387822,0.1496307432690221,0.16623247407245295,0.31586321734147504
114.44444444444444,0.5736461039153915,0.11524448505783014,0.16345496828809467,0.14765444273868367,0.31110941102677836
115.55555555555556,0.588004169285608,0.10346721160984097,0.17609275969171417,0.13243585941283698,0.30852861910455115
116.66666666666667,0.5982956116448381,0.09408665416878637,0.18771270469545345,0.11990502949092216,0.3076177341863756
117.77777777777777,0.6054817535659678,0.08655739217625502,0.19844577005183767,0.10951508420593963,0.3079608542577773
118.88888888888889,0.6102952232201051,0.08047250807561326,0.2083969062363596,0.10083536246792214,0.3092322687042817
120.0,0.6132913784684957,0.07552753807277476,0.2176510152580624,0.09353006820066709,0.31118108345872947
120.0,0.6132913784684957,0.07552753807277476,0.2176510152580624,0.09353006820066709,0.31118108345872947
121.11111111111111,0.6070305476751632,0.09152583032590793,0.18989324350807998,0.11155037849084885,0.3014436219989289
122.22222222222223,0.5894776019229165,0.1090834369510942,0.16974919919537074,0.13168976193061852,0.3014389611259893
123.33333333333333,0.5676275264312557,0.12666321103388253,0.153387758993783,0.15232150354107857,0.3057092625348616
124.44444444444444,0.5448927761773968,0.14315495813020643,0.1396022327173903,0.17235003297500648,0.31195226569239676
125.55555555555556,0.5231446080258283,0.15782981108412222,0.12795265686837648,0.19107292402167303,0.31902558089004956
126.66666666666667,0.5034228582708167,0.17029440879752314,0.11819062051415719,0.208092112417503,0.32628273293166016
127.77777777777777,0.48624183755584877,0.18042451906360993,0.1100980546328952,0.22323558874764615,0.33333364338054133
128.88888888888889,0.47176497998951866,0.18828945567536076,0.10345736688909292,0.23648819744602767,0.3399455643351206
130.0,0.4599279396788227,0.19408088873330237,0.09805647660467182,0.24793469498320309,0.3459911715878749
130.0,0.4599279396788227,0.19408088873330237,0.09805647660467182,0.24793469498320309,0.3459911715878749
131.11111111111111,0.49758054767171417,0.1668399186146621,0.11825423464484285,0.2173252990687809,0.33557953371362376
132.22222222222223,0.5308330181765702,0.14406555663852638,0.1353102473715186,0.18979117781338478,0.32510142518490337
133.33333333333334,0.5565966700061444,0.12601152256453182,0.15048245911317387,0.16690934831615,0.3173918074293239
134.44444444444446,0.5757740731835912,0.1117974877120467,0.16423423504994508,0.14819420405441694,0.312428439104362
135.55555555555554,0.5897554630214491,0.10055454958492081,0.17680914992749833,0.13288083746613175,0.3096899873936301
136.66666666666666,0.5997478268190056,0.09159544445276077,0.18837511807309015,0.12028161065514342,0.3086567287282335
137.77777777777777,0.6066956579058967,0.0844023396045629,0.19906177242128265,0.10984023006825783,0.3089020024895405
138.88888888888889,0.6113182118098173,0.07858869216777337,0.20897271460904873,0.10112038141336059,0.3100930960224093
140.0,0.6141604440459203,0.07386508820056004,0.2181916782589614,0.09378278949455814,0.31197446775351956
140.0,0.6141604440459203,0.07386508820056004,0.2181916782589614,0.09378278949455814,0.31197446775351956
141.11111111111111,0.6080597914646302,0.08967474820843895,0.19038564503690042,0.11187981529003055,0.3022654603269309
142.22222222222223,0.590617604469188,0.107069889681546,0.17020344262302753,0.1321090632262385,0.30231250584926606
143.33333333333334,0.5688182049065671,0.12453996597500366,0.1538055015632182,0.15283632755521107,0.3066418291184293
144.44444444444446,0.5460788906442069,0.14098241738421277,0.13998169863843454,0.17295699333314563,0.31293869197158014
145.55555555555554,0.5242824852557183,0.15566440380175742,0.12829219580944118,0.19176091513308324,0.3200531109425244
146.66666666666666,0.504482215835994,0.16818261295882556,0.11849012779341023,0.20884504341177026,0.32733517120518046
147.77777777777777,0.48720474770048056,0.1784009033450388,0.11035906344762898,0.22403528550685167,0.33439434895448067
148.88888888888889,0.47262346994192866,0.1863771840964237,0.10368260199164843,0.23731674396999922,0.3409993459616476
150.0,0.4606812744564695,0.19229344133890305,0.09824932292450696,0.24877596128012036,0.34702528420462736
150.0,0.4606812744564695,0.19229344133890305,0.09824932292450696,0.24877596128012036,0.34702528420462736
151.11111111111111,0.49816927167181024,0.16540064494628146,0.11843894505615345,0.21799113832575473,0.3364300833819082
152.22222222222223,0.5312929978012306,0.14290184244752652,0.13548071157580757,0.19032444817543537,0.3258051597512429
153.33333333333334,0.5569571748920951,0.1250594172019457,0.15063829001839907,0.16734511788756018,0.31798340790595925
154.44444444444446,0.5760582974391094,0.11100788329293242,0.16437664204874283,0.14855717721921538,0.3129338192679582
155.55555555555554,0.5899814240696086,0.09989081713168803,0.17693961053077337,0.13318814826793,0.3101277587987033
156.66666666666666,0.5999293231781783,0.09103033929030763,0.18849498835523185,0.12054534917628226,0.3090403375315141
157.77777777777777,0.6068431795694942,0.08391547620736907,0.19917220267449967,0.110069141548637,0.30924134422313665
158.88888888888889,0.6114397168683102,0.07816467261973523,0.20907466010503264,0.10132095040692195,0.3103956105119546
160.0,0.6142619768150169,0.07349215481880776,0.21828593437820448,0.0939599339879707,0.3122458683661752
160.0,0.6142619768150169,0.07349215481880776,0.21828593437820448,0.0939599339879707,0.3122458683661752
161.11111111111111,0.608187140619034,0.08925835272839648,0.19046807208510827,0.11208643456746126,0.3025545066525695
162.22222222222223,0.5907627684264429,0.10661452432585591,0.17027645578828415,0.13234625145941706,0.3026227072477012
163.33333333333334,0.5689716727409472,0.1240562316292294,0.15387029097431593,0.15310180465550755,0.30697209562982347
164.44444444444446,0.546232072433667,0.1404830594425323,0.14003881464708687,0.17324605347671385,0.31328486812380074
165.55555555555554,0.5244286995511462,0.15516181002182533,0.1283420332019791,0.19206745722504928,0.3204094904270284
166.66666666666666,0.5046169059640252,0.16768742370070383,0.11853314349863571,0.2091625268366354,0.3276956703352711
167.77777777777777,0.48732526972492535,0.17792144229820878,0.11039581842965238,0.2243574695472135,0.3347532879768659
168.88888888888889,0.4727286923289685,0.18591942159707023,0.10371372774149121,0.23763815833247,0.3413518860739612
170.0,0.4607711481801024,0.19186124947231373,0.09827547199574005,0.24909213035184385,0.34736760234758396
170.0,0.4607711481801024,0.19186124947231373,0.09827547199574005,0.24909213035184385,0.34736760234758396
171.11111111111111,0.4982364600291858,0.16505356232401913,0.11846387217621569,0.21824610547057935,0.33670997764679506
172.22222222222223,0.5313429632487302,0.14262188999789252,0.13550371146961765,0.19053143528375963,0.32603514675337725
173.33333333333334,0.5569944125632084,0.12483073257678198,0.15065930767039842,0.16751554718961106,0.3181748548600095
174.44444444444446,0.5760862809382006,0.11081838420649716,0.16439579434244053,0.1486995405128617,0.3130953348553022
175.55555555555554,0.5900027673831518,0.09973156442474361,0.17695703870686932,0.13330862948523522,0.31026566819210455
176.66666666666666,0.5999459642089602,0.09089472642194285,0.1885108194139624,0.12064848995513464,0.309159309369097
177.77777777777777,0.6068565433774528,0.08379858298304137,0.19918654435810546,0.11015832928140043,0.3093448736395059
178.88888888888889,0.6114508468595391,0.07806279486753818,0.20908760491730918,0.10139875335561348,0.31048635827292265
180.0,0.6142716346292525,0.07340247041382998,0.21829756485979518,0.09402833009712243,0.3123258949569176
180.0,0.6142716346292525,0.07340247041382998,0.21829756485979518,0.09402833009712243,0.3123258949569176
181.11111111111111,0.6082004180194425,0.08915754357609429,0.19047784550053307,0.11216419290393022,0.3026420384044633
182.22222222222223,0.5907786862567577,0.10650331928107104,0.1702847815596158,0.13243321290255533,0.3027179944621711
183.33333333333334,0.5689889939680896,0.12393688983678354,0.15387746199852126,0.15319665419660572,0.30707411619512703
184.44444444444446,0.5462496522039227,0.1403584928562572,0.1400450152698649,0.17334683966995512,0.31339185493982
185.55555555555554,0.5244456255425888,0.15503499790857092,0.1283473851048863,0.1921719914439539,0.3205193765488402
186.66666666666666,0.5046325325827744,0.1675610541513639,0.11853773858215365,0.209268674683708,0.32780641326586163
187.77777777777777,0.48733919529373065,0.17779773269071497,0.11039973551005863,0.22446333650549566,0.3348630720155543
188.88888888888889,0.472740711622393,0.18580006584653688,0.10371703904056175,0.23774218349050835,0.3414592225310701
190.0,0.4607812006681599,0.19174744368523,0.09827824481294228,0.24919311083366777,0.34747135564661
190.0,0.4607812006681599,0.19174744368523,0.09827824481294228,0.24919311083366777,0.34747135564661
191.11111111111111,0.4982437637160352,0.16496198453827252,0.11846649536578509,0.21832775637990706,0.33679425174569216
192.22222222222223,0.531348211965022,0.14254787223953674,0.13550613034308215,0.19059778545235917,0.3261039157954413
193.33333333333334,0.556998224145124,0.12477012280437869,0.15066151280581289,0.16757014024468436,0.3182316530504973
194.44444444444446,0.5760891346366036,0.11076802217987945,0.1643977862755553,0.14874505690796175,0.31314284318351704
195.55555555555554,0.5900050168768041,0.0996891158015474,0.1769588184187232,0.13334704890292537,0.3103058673216486
196.66666666666666,0.5999478640925388,0.09085846775874222,0.18851238705863185,0.12068128109008719,0.309193668148719
197.77777777777777,0.6068582739904104,0.08376723112081326,0.19918790012695411,0.11018659476182222,0.30937449488877633
198.88888888888889,0.6114525340842553,0.07803538348448323,0.2090887500945389,0.10142333233672253,0.31051208243126144
200.0,0.6142733647093277,0.07337826275740753,0.218298502557361,0.0940498699759037,0.3123483725332647
200.0,0.6142733647093277,0.07337826275740753,0.218298502557361,0.0940498699759037,0.3123483725332647
201.11111111111111,0.6082027568039826,0.08913016544604913,0.19047860362458718,0.11218847412538104,0.30266707774996826
202.22222222222223,0.5907815314451891,0.10647291302425581,0.17028541633146582,0.13246013919908925,0.3027455555305551
203.33333333333334,0.5689921700591728,0.12390402542282346,0.15387802514275897,0.15322577937524476,0.30710380451800373
204.44444444444446,0.5462529759259729,0.14032394253104502,0.1400455371235305,0.1733775444194515,0.313423081542982
205.55555555555554,0.5244489352734167,0.1549995785692693,0.12834787817115004,0.19220360798616384,0.3205514861573139
206.66666666666666,0.5046357000329852,0.16752552455430825,0.11853820463859148,0.20930057077411499,0.3278387754127065
207.77777777777777,0.4873421271404848,0.17776273672296222,0.11040017138665126,0.22449496474990172,0.334895136136553
208.88888888888889,0.4727433459603736,0.18576611059815054,0.10371744021074446,0.23777310323073148,0.34149054344147595
210.0,0.46078350144519065,0.19171490059391574,0.09827860724097018,0.2492229907199234,0.3475015979608935
210.0,0.46078350144519065,0.19171490059391574,0.09827860724097018,0.2492229907199234,0.3475015979608935
211.11111111111111,0.4982455794405549,0.16493571323753037,0.11846683671197336,0.21835187060994127,0.3368187073219146
212.22222222222223,0.5313496462655865,0.14252657121560994,0.1355064445991505,0.19061733791965307,0.3261237825188036
213.33333333333334,0.556999386411411,0.12475262580676827,0.15066179738359836,0.16758619039822228,0.3182479877818207
214.44444444444446,0.5760901150937062,0.11075343894338513,0.16439803905556044,0.14875840690734823,0.31315644596290865
215.55555555555554,0.5900058841416248,0.09967678733325559,0.17695903715012506,0.1333582913749946,0.3103173285251197
216.66666666666666,0.5999486684138131,0.0908479065687923,0.188512569537011,0.12069085548038357,0.3092034250173946
217.77777777777777,0.6068590513042778,0.08375807355776187,0.1991880445162218,0.11019483062173845,0.3093828751379602
218.88888888888889,0.6114533095511947,0.0780273551743591,0.2090888551795407,0.10143048009490539,0.3105193352744461
220.0,0.6142741554830543,0.07337115413116096,0.21829856788432317,0.09405612250146168,0.31235469038578484
220.0,0.6142741554830543,0.07337115413116096,0.21829856788432317,0.09405612250146168,0.31235469038578484
221.11111111111111,0.608203718037815,0.08912210315318754,0.19047866895985105,0.11219550984914636,0.3026741788089974
222.22222222222223,0.5907826438718325,0.10646393634429885,0.17028548949038097,0.1324679302934876,0.3027534197838686
223.33333333333334,0.5689933881472351,0.12389430109879845,0.15387811366614082,0.15323419708782565,0.3071123107539665
224.44444444444446,0.5462542474882016,0.14031369905798002,0.1400456428042914,0.17338641064952695,0.31343205345381836
225.55555555555554,0.5244502112556706,0.1549890594217906,0.12834799818945422,0.1922127311330846,0.3205607293225388
226.66666666666666,0.5046369392633039,0.16751495718293974,0.1185383338640801,0.20930976968967624,0.3278481035537564
227.77777777777777,0.487343297949364,0.17775231512008852,0.11040030419391915,0.22450408273662825,0.3349043869305474
228.88888888888889,0.4727444259442527,0.18575598829606213,0.10371757152458845,0.23778201423509673,0.3414995857596852
230.0,0.4607844762998777,0.1917051906769049,0.09827873298136759,0.2492316000418498,0.3475103330232174
230.0,0.4607844762998777,0.1917051906769049,0.09827873298136759,0.2492316000418498,0.3475103330232174
231.11111111111111,0.4982463859279111,0.1649278577387574,0.11846695640739822,0.2183587999259334,0.3368257563333316
232.22222222222223,0.5313503139513949,0.14252018864961274,0.1355065547952198,0.19062294260377258,0.3261294973989924
233.33333333333334,0.5569999481770784,0.12474737308598546,0.15066189717360054,0.1675907815633355,0.318252678736936
234.44444444444446,0.576090599379413,0.11074905338331696,0.1643981281796479,0.14876221905762207,0.31316034723727
235.55555555555554,0.5900063135211794,0.09967307398655413,0.17695911543378973,0.1333614970584768,0.3103206124922665
236.66666666666666,0.5999490601034101,0.09084472090469167,0.18851263680084387,0.12069358219105439,0.30920621899189826
237.77777777777777,0.6068594181417017,0.0837553075583544,0.1991881006209608,0.11019717367898313,0.3093852742999439
238.88888888888889,0.6114536609572859,0.07802492720986713,0.20908890008819137,0.10143251174465563,0.31052141183284704
240.0,0.6142744982648557,0.07336900176679291,0.2182986017064935,0.09405789826185788,0.3123564999683514
240.0,0.6142744982648557,0.07336900176679291,0.2182986017064935,0.09405789826185788,0.3123564999683514
241.11111111111111,0.6082041219784976,0.08911966130089397,0.19047870660956948,0.11219751011103894,0.3026762167206084
242.22222222222223,0.5907831008552195,0.10646121795181099,0.17028553274669767,0.1324701484462718,0.3027556811929695
243.33333333333334,0.5689938809438604,0.12389135775160191,0.15387816364534915,0.1532365976591886,0.30711476130453774
244.44444444444446,0.5462547567242209,0.1403106008402493,0.14004569877097992,0.17338894366454988,0.31343464243552976
245.55555555555554,0.5244507189538176,0.15498588061098398,0.12834805820608577,0.1922153422291127,0.3205634004351985
246.66666666666666,0.5046374305550683,0.16751176683474084,0.11853839560213676,0.20931240700805415,0.3278508026101909
247.77777777777777,0.48734376162230847,0.1777491718448978,0.11040036547521574,0.22450670105757797,0.3349070665327937
248.88888888888889,0.47274485429073715,0.18575293823284533,0.1037176305769852,0.2377845768994323,0.3415022074764175
250.0,0.46078486462104684,0.19170226759403763,0.09827878850319206,0.24923407928172356,0.34751286778491564
250.0,0.46078486462104684,0.19170226759403763,0.09827878850319206,0.24923407928172356,0.34751286778491564
251.11111111111111,0.49824670816182665,0.16492549089602573,0.11846700952227486,0.21836079141987275,0.33682780094214765
252.22222222222223,0.5313505814821834,0.14251826404587573,0.1355066037269138,0.1906245507450269,0.32613115447194074
253.33333333333334,0.5570001729899564,0.12474578812133313,0.150661941609912,0.16759209727879834,0.3182540388887104
254.44444444444446,0.5760907918510081,0.11074772936890015,0.16439816821104902,0.1487633105690426,0.31316147878009165
255.55555555555554,0.590006481988724,0.09967195243109442,0.17695915121773223,0.13336241436244936,0.31032156558018154
256.6666666666667,0.5999492110250076,0.09084375838681577,0.18851266847975864,0.12069436210841787,0.3092070305881765
257.77777777777777,0.606859556420482,0.08375447159283268,0.19918812831984134,0.11019784366684399,0.3093859719866853
258.8888888888889,0.6114537902694153,0.07802419322785614,0.20908892393120215,0.10143309257152652,0.31052201650272865
260.0,0.6142746213392335,0.07336835096520711,0.21829862183306603,0.09405840586249338,0.31235702769555945
