Generation,xOC,xOB,xMMd,xMMr,total xMM
0.0,0.26666666666666666,0.4,0.26666666666666666,0.06666666666666667,0.3333333333333333
0.5042016806722689,0.4085890786166227,0.31790828171296287,0.21886329705026814,0.05463934262014627,0.2735026396704144
1.0084033613445378,0.4737462698961484,0.27589572265895385,0.20097019534720026,0.04938781209769757,0.25035800744489783
1.5126050420168067,0.5094106689837506,0.2494755287106581,0.19441613649976802,0.04669766580582327,0.2411138023055913
2.0168067226890756,0.5313515932755413,0.2304700867295451,0.19301916765958535,0.045159152335328225,0.23817831999491357
2.5210084033613445,0.5461519658801268,0.21548865435316278,0.19417470213523438,0.04418467763147597,0.23835937976671034
3.0252100840336134,0.5569241926835129,0.20294081613576323,0.19663562408364682,0.04349936709707703,0.24013499118072384
3.5294117647058822,0.565255825453945,0.19201695082339787,0.19976066821930746,0.04296655550334975,0.2427272237226572
4.033613445378151,0.5720000500903253,0.1822766187684569,0.2032070543483246,0.04251627679289323,0.24572333114121783
4.53781512605042,0.5776355891067989,0.17346396895775357,0.20678803648190305,0.04211240545354448,0.24890044193544755
5.042016806722689,0.5824429124633957,0.16541932318087277,0.21040132172855724,0.04173644262717443,0.25213776435573165
5.546218487394958,0.5865945988612253,0.15803500723651093,0.21399122907334292,0.041379164828920685,0.2553703939022636
6.050420168067227,0.5902030702382569,0.15123264927210692,0.21752806294318935,0.04103621754644665,0.258564280489636
6.554621848739496,0.5933463301571869,0.14495124704806656,0.2209966606837142,0.04070576211103245,0.26170242279474665
7.0588235294117645,0.5960820633030279,0.1391407575433623,0.2243899640657938,0.04038721508781577,0.26477717915360954
7.563025210084033,0.5984554699636697,0.13375856343423106,0.22770539015612068,0.04008057644597866,0.2677859666020993
8.067226890756302,0.6005036879462049,0.12876745723743796,0.2309427780229417,0.03978607679341549,0.27072885481635717
8.571428571428571,0.6022583416566025,0.12413443532035587,0.2341032258389129,0.039503997184128656,0.2736072230230416
9.07563025210084,0.6037470433182855,0.11982993397545964,0.2371884398470021,0.03923458285925272,0.2764230227062548
9.579831932773109,0.6049943172132467,0.11582730797657947,0.24020036874103698,0.03897800606913675,0.27917837481017377
10.084033613445378,0.606022187249783,0.11210245055160005,0.2431410068537329,0.03873435534488407,0.281875362198617
10.588235294117647,0.6068505786758649,0.10863349614640874,0.2460122879744912,0.03850363720323513,0.2845159251777264
11.092436974789916,0.6074976021314115,0.1054005778346449,0.24881603578592348,0.038285784248020135,0.28710182003394363
11.596638655462185,0.6079797710011755,0.10238562084150615,0.2515539428346472,0.03808066532267116,0.2896346081573184
12.100840336134453,0.6083121747230734,0.09957216291248777,0.25422756635976357,0.03788809600467516,0.2921156623644387
12.605042016806722,0.6085086243499588,0.09694519516138925,0.25683833223827984,0.03770784825037212,0.294546180488652
13.109243697478991,0.6085817749496754,0.09449102072034236,0.2593875451207371,0.03753965920924529,0.2969272043299824
13.61344537815126,0.6085432256942962,0.09219713155737376,0.2618764027080897,0.03738324004024023,0.29925964274832995
14.117647058823529,0.6084036272192156,0.09005209026181106,0.2643060016471888,0.03723828087178469,0.30154428251897347
14.621848739495798,0.6081727662638542,0.08804542931752955,0.2666773477463291,0.03710445667228728,0.3037818044186164
15.126050420168067,0.6078596297444335,0.08616756158205151,0.2689913757193053,0.03698143295420958,0.3059728086735149
15.630252100840336,0.6074724770744825,0.08440969641172678,0.271248957399737,0.036868869114053834,0.3081178265137908
16.134453781512605,0.6070189098219717,0.08276376458646087,0.2734509043024797,0.036766421289087685,0.3102173255915674
16.63865546218487,0.6065059239635064,0.08122235113116597,0.2755979799896028,0.03667374491572488,0.3122717249053276
17.142857142857142,0.605939954795089,0.07977863630254256,0.27769091144577623,0.036590497456592194,0.31428140890236844
17.647058823529413,0.6053269302138929,0.0784263398815824,0.2797303903776294,0.03651633952689529,0.31624672990452474
18.15126050420168,0.6046723082626819,0.0771596725884524,0.28171708267417217,0.03645093647469351,0.3181680191488657
18.655462184873947,0.6039811166662149,0.07597329146000056,0.28365163260243964,0.03639395927134499,0.3200455918737847
19.159663865546218,0.6032579861872471,0.07486226017008578,0.285534668141918,0.03634508550074903,0.3218797536426671
19.66386554621849,0.6025071823369798,0.07382201273173367,0.2873668050569168,0.036303999874369726,0.3236708049312866
20.168067226890756,0.6017326339786154,0.07284832086503014,0.2891486504610505,0.036270394695303874,0.32541904515635434
20.672268907563023,0.6009379584589098,0.07193726442870754,0.2908808070212485,0.036243970091134024,0.3271247771123826
21.176470588235293,0.6001264860954189,0.07108520444565841,0.292563875418553,0.03622443404036965,0.3287883094589227
21.680672268907564,0.5993012827720089,0.07028876019697279,0.2941984535429396,0.03621150348807864,0.3304099570310182
22.18487394957983,0.5984651679379482,0.06954478527844785,0.29578514398780337,0.03620490279580065,0.331990046783604
22.6890756302521,0.597620732451396,0.06885034921091124,0.2973245535302492,0.03620436480744344,0.3335289183376927
23.19327731092437,0.5967703556407784,0.06820271905660398,0.29881729478496577,0.03620963051765183,0.33502692530261763
23.69747899159664,0.595916223091187,0.06759934263333736,0.3002639855407932,0.03622044873468255,0.33648443427547575
24.201680672268907,0.5950603385847337,0.06703783391000662,0.30166525144954276,0.036236576055716826,0.33790182750525954
24.705882352941174,0.5942045363691962,0.06651595973846104,0.3030217269790753,0.03625777691326741,0.3392795038923427
25.210084033613445,0.5933504929012045,0.06603162733566403,0.3043340565528594,0.0362838232102723,0.3406178797631317
25.714285714285715,0.5924997404919392,0.06558287283401441,0.30560289269136387,0.03631449398268249,0.34191738667404636
26.218487394957982,0.5916536757633939,0.0651678513157339,0.306828897548347,0.036349575372525166,0.34317847292087217
26.72268907563025,0.5908135688304313,0.06478482752609016,0.308012743229538,0.03638886041394039,0.3444016036434784
27.22689075630252,0.5899805730574066,0.06443216724273378,0.30915511096308296,0.036432148736776665,0.34558725969985965
27.73109243697479,0.589155732153809,0.06410832967792135,0.31025669168721803,0.036479246481051615,0.34673593816826964
28.235294117647058,0.5883399885001644,0.06381186027904821,0.31131818525375105,0.03652996596703617,0.3478481512207872
28.739495798319325,0.5875341899149392,0.06354138431016883,0.31234030024626985,0.03658412552862205,0.34892442577489186
29.243697478991596,0.5867390963161433,0.06329560092795435,0.31332375344214697,0.03664154931375529,0.34996530275590226
29.747899159663866,0.5859553857097626,0.06307327779679824,0.3142692694087691,0.03670206708467006,0.35097133649343915
30.252100840336134,0.585183660045733,0.06287324612248517,0.31517757980545946,0.03676551402632251,0.35194309383178196
30.7563025210084,0.5844244503067983,0.0626943961707561,0.3160494229584673,0.03683173056397819,0.3528811535224455
31.26050420168067,0.5836782218421503,0.06253567307144618,0.3168855429141381,0.03690056217226529,0.3537861050864034
31.764705882352942,0.5829453787739589,0.06239607306729379,0.3176866889435368,0.036971859215210456,0.35465854815874726
32.26890756302521,0.5822262684391374,0.0622746400265773,0.31845361475555584,0.0370454767787295,0.3554990915342853
32.773109243697476,0.581521185330769,0.06217046229695694,0.3191870778573504,0.03712127451492366,0.35630835237227404
33.27731092436974,0.5808303752762901,0.06208266972947034,0.31988783852150404,0.03719911647273547,0.3570869549942395
33.78151260504202,0.5801540387763701,0.06201043104587568,0.32055665920875986,0.03727887096899438,0.35783553017775427
34.285714285714285,0.5794923343268877,0.06195295139701374,0.3211943038229212,0.03736041045317748,0.35855471427609864
34.78991596638655,0.5788453816886725,0.06190947009673315,0.3218015368465442,0.037443611368050106,0.35924514821459436
35.294117647058826,0.5782132647037826,0.061879258615903286,0.3223791226524675,0.037528354027846635,0.3599074766803141
35.79831932773109,0.5775960344264933,0.06186161860931762,0.322927824483946,0.037614522480243225,0.3605423469641892
36.30252100840336,0.5769937113333867,0.061855880255300706,0.32344840399200225,0.03770200441931032,0.3611504084113126
36.80672268907563,0.5764062878193374,0.061861400657798826,0.3239416204491059,0.03779069107375777,0.3617323115228636
37.310924369747895,0.5758337307000964,0.061877562335727,0.32440822987665674,0.037880477087519814,0.36228870696417653
37.81512605042017,0.5752759829181482,0.06190377204023887,0.32484898458797445,0.03797126045363832,0.3628202450416128
38.319327731092436,0.5747329662272577,0.06193945933585071,0.32526463206391587,0.03806294237297588,0.3633275744368918
38.8235294117647,0.5742045826696963,0.06198407556188676,0.32565591457276916,0.03815542719564779,0.36381134176841695
39.32773109243698,0.5736907161113506,0.06203709283084967,0.32602356870137505,0.038248622356424795,0.3642721910577999
39.831932773109244,0.5731912341962375,0.06209800303374722,0.32636832450011743,0.03834243826989785,0.3647107627700153
40.33613445378151,0.5727059898957366,0.06216631693198966,0.32669090492033903,0.03843678825193476,0.3651276931722738
40.84033613445378,0.5722348225636699,0.06224156356409328,0.3269920253811796,0.038531588491057166,0.3655236138722368
41.344537815126046,0.5717775600022065,0.06232328922270865,0.3272723928648063,0.038626757910278704,0.36589915077508506
41.84873949579832,0.5713340193703339,0.06241105684782941,0.32753270565349446,0.03872221812834221,0.3662549237818366
42.35294117647059,0.5709040079783003,0.06250444550100458,0.3277736530858344,0.038817893434860765,0.3665915465206952
42.857142857142854,0.5704873244830958,0.06260304979273905,0.3279959149969561,0.03891371072720905,0.3669096257241651
43.36134453781513,0.5700837603306718,0.0627064791972217,0.3282001610647212,0.03900959940738523,0.36720976047210646
43.865546218487395,0.5696931004395284,0.06281435760754775,0.32838705060195306,0.039105491350970946,0.367492541952924
44.36974789915966,0.5693151239648919,0.0629263230448043,0.32855723210371174,0.03920132088659197,0.3677585529903037
44.87394957983193,0.5689496054949255,0.06304202703250929,0.32871134277306047,0.03929702469950483,0.36800836747256527
45.3781512605042,0.568596315775903,0.06316113401859137,0.32885000845327966,0.039392541752225896,0.36824255020550556
45.88235294117647,0.5682550217390279,0.06328332151377278,0.32897384338210645,0.03948781336509279,0.3684616567471993
46.38655462184874,0.5679254874096021,0.06340827935835901,0.32908345013576407,0.039582783096274894,0.36866623323203895
46.890756302521005,0.5676074748965036,0.06353570935217173,0.3291794190871433,0.03967739666418139,0.36885681575132473
47.39495798319328,0.567300744666294,0.06366532523000326,0.32926232812786715,0.03977160197583569,0.36903393010370283
47.89915966386555,0.5670050563494213,0.06379685202294824,0.3293327426195876,0.03986534900804296,0.36919809162763056
48.403361344537814,0.5667201688009883,0.06393002615717677,0.32939121518029674,0.03995858986153819,0.36934980504183496
48.90756302521008,0.5664458408658029,0.06406459481703523,0.3294382856781718,0.04005127863899024,0.369489564317162
49.41176470588235,0.5661818315295553,0.06420031571831004,0.3294744813289719,0.04014337142316271,0.3696178527521346
49.91596638655462,0.5659279001991808,0.06433695731287654,0.32950031615173,0.04023482633621272,0.3697351424879427
50.42016806722689,0.5656838072477784,0.06447429773446434,0.3295162916865334,0.040325603331223876,0.3698418950177573
50.924369747899156,0.5654493141082861,0.0646121255755107,0.3295228959471972,0.04041566436900595,0.36993856031620315
51.42857142857143,0.5652241839708555,0.06475023850594532,0.3295206043939247,0.040504973129274466,0.3700255775231992
51.9327731092437,0.5650081816584497,0.06488844428348758,0.32950987881340094,0.040593495244661874,0.3701033740580628
52.436974789915965,0.5648010740404719,0.06502655934488903,0.3294911685978193,0.04068119801681995,0.37017236661463926
52.94117647058823,0.5646026301850406,0.06516440939955426,0.329464909866495,0.04076805054891009,0.37023296041540515
53.4453781512605,0.5644126212793908,0.06530182895205841,0.3294315260958139,0.0408540236727368,0.3702855497685507
53.94957983193277,0.5642308211768833,0.06543866063347581,0.32939142838911895,0.04093908980052197,0.3703305181896409
54.45378151260504,0.5640570060704841,0.06557475612620142,0.3293450146571159,0.041023223146198516,0.3703682378033144
54.95798319327731,0.5638909550486804,0.06570997498506398,0.32929267049492655,0.04110639947132924,0.37039906996625577
55.46218487394958,0.5637324503692868,0.0658441847612079,0.32923476875864705,0.0411885961108584,0.3704233648695054
55.96638655462185,0.5635812775225713,0.06597726065928756,0.3291716699069539,0.041269791911187216,0.37044146181814114
56.470588235294116,0.563437225075721,0.0661090854906079,0.3291037221896512,0.0413499672440198,0.3704536894336711
56.97478991596638,0.5633000848857045,0.06623954931297042,0.32903126187015047,0.04142910393117474,0.3704603658013252
57.47899159663865,0.5631696515498723,0.06636854956926279,0.3289546135619866,0.0415071853188784,0.370461798880865
57.983193277310924,0.5630457224307357,0.0664959904774718,0.3288740909312022,0.041584196160590246,0.3704582870917924
58.48739495798319,0.5629280987383071,0.0666217830825068,0.3287899956050476,0.04166012257413853,0.37045011817918616
58.99159663865546,0.5628165859789543,0.066745844819545,0.32870261726828065,0.04173495193322002,0.3704375692015007
59.49579831932773,0.5627109932242222,0.06686809945392566,0.32861223441439547,0.04180867290745658,0.370420907321852
60.0,0.5626111318681839,0.06698847703964247,0.3285191155536842,0.04188127553848943,0.3704003910921736
60.0,0.5626111318681839,0.06698847703964247,0.3285191155536842,0.04188127553848943,0.3704003910921736
61.111111111111114,0.5358803630526343,0.08730378687638836,0.3264838849700701,0.05033196510090727,0.37681585007097734
62.22222222222222,0.5201328453394021,0.10872996451614896,0.31294416186340757,0.058193028281041274,0.37113719014444885
63.333333333333336,0.5077703016464248,0.13170419483132295,0.2946183871273035,0.0659071163949488,0.3605255035222522
64.44444444444444,0.49550457721634206,0.15623647108392583,0.2745842360662957,0.07367471563343643,0.3482589516997321
65.55555555555556,0.4822505438552571,0.18195431365919376,0.2542538358616532,0.08154130662389598,0.33579514248554915
66.66666666666667,0.46792577097831106,0.20822535212078455,0.2343690671151245,0.08947980978577985,0.32384887690090436
67.77777777777777,0.4528814777336668,0.2342835293912208,0.2153944806300597,0.09744051224505276,0.31283499287511246
68.88888888888889,0.43762989433158844,0.2593439260564231,0.197649380787089,0.10537679882489935,0.30302617961198836
70.0,0.4227013779286507,0.28269714215357905,0.18134587347780146,0.11325560643996885,0.2946014799177703
70.0,0.4227013779286507,0.28269714215357905,0.18134587347780146,0.11325560643996885,0.2946014799177703
71.11111111111111,0.4652846751436889,0.24466768090701388,0.18460767551798846,0.10543996843130868,0.29004764394929716
72.22222222222223,0.49055336430474206,0.21717790462513062,0.19216899859868042,0.1000997324714468,0.2922687310701272
73.33333333333333,0.5093563246818001,0.19491628372636965,0.20033865650671415,0.09538873508511601,0.29572739159183015
74.44444444444444,0.5245082963144472,0.17627889290389517,0.20823991510470738,0.09097289567695023,0.2992128107816576
75.55555555555556,0.5369851865945019,0.1605096279454825,0.21568397181003487,0.08682121364998072,0.30250518546001554
76.66666666666667,0.5472896382656285,0.14710263196822168,0.2226581829643147,0.08294954680183503,0.30560772976614975
77.77777777777777,0.5557749329335357,0.135663701856199,0.2291927050112347,0.07936866019903067,0.3085613652102654
78.88888888888889,0.5627258892095313,0.12587150957147375,0.23532485449496082,0.07607774672403413,0.31140260121899493
80.0,0.5683817777297429,0.11746143173207371,0.24108976579620076,0.07306702474198278,0.3141567905381835
80.0,0.5683817777297429,0.11746143173207371,0.24108976579620076,0.07306702474198278,0.3141567905381835
81.11111111111111,0.5374302011577272,0.1431859762740825,0.23491396418027163,0.08446985838791861,0.31938382256819026
82.22222222222223,0.5157945544162608,0.16757880979128878,0.2222531826822771,0.09437345311017342,0.3166266357924505
83.33333333333333,0.4975167587926139,0.1913013251136561,0.20760560150259963,0.10357631459113036,0.31118191609372997
84.44444444444444,0.48037923887703915,0.21436028068475765,0.1928399013022223,0.11242057913598082,0.3052604804382031
85.55555555555556,0.46383893504901236,0.23641346622474088,0.17872797317378344,0.12101962555246346,0.2997475987262469
86.66666666666667,0.44798217056694517,0.2570122928166669,0.16560777530017443,0.1293977613162134,0.2950055366163878
87.77777777777777,0.43307413180509824,0.2757425298409663,0.1536296375965495,0.137553700757386,0.2911833383539355
88.88888888888889,0.4193771597377522,0.29229332472661446,0.1428455836099793,0.14548393192565404,0.28832951553563335
90.0,0.4070846027639487,0.30648111398748307,0.13324601468715783,0.15318826856141035,0.2864342832485682
90.0,0.4070846027639487,0.30648111398748307,0.13324601468715783,0.15318826856141035,0.2864342832485682
91.11111111111111,0.4589885789971257,0.2574617112097103,0.14446179342247847,0.13908791637068546,0.2835497097931639
92.22222222222223,0.4932376532801707,0.22141759690508972,0.1572816715732333,0.12806307824150623,0.28534474981473956
93.33333333333333,0.5190733496072273,0.19297487453393838,0.1695966170573884,0.11835515880144587,0.2879517758588343
94.44444444444444,0.5392553109939188,0.170064322381143,0.18099687641390994,0.10968349021102833,0.2906803666249383
95.55555555555556,0.5551000616439699,0.15144387010171748,0.19147680484790278,0.10197926340640992,0.2934560682543127
96.66666666666667,0.5674927855805719,0.13620898185059796,0.2011219803685688,0.09517625220026116,0.2962982325688299
97.77777777777777,0.5771146324954556,0.12366508451349673,0.2100286314147623,0.08919165157628547,0.2992202829910478
98.88888888888889,0.5845084124701497,0.1132726768611125,0.21828346265264387,0.08393544801609401,0.3022189106687379
100.0,0.5901093942605695,0.10461140271914803,0.22595994046250506,0.07931926255777748,0.30527920302028255
100.0,0.5901093942605695,0.10461140271914803,0.22595994046250506,0.07931926255777748,0.30527920302028255
101.11111111111111,0.5602533740702975,0.12734929855682345,0.22095568767518467,0.09144163969769437,0.31239732737287906
102.22222222222223,0.5387401699397881,0.14916208653068685,0.21009764212277166,0.10200010140675349,0.31209774352952513
103.33333333333333,0.5202135136199869,0.1706260724885778,0.19735719303209276,0.11180322085934254,0.3091604138914353
104.44444444444444,0.502670614327545,0.1917489954672824,0.1843922378639246,0.12118815234124798,0.3055803902051726
105.55555555555556,0.4856229027431444,0.21222606242439135,0.17189402055596137,0.13025701427650277,0.3021510348324642
106.66666666666667,0.46916173544989964,0.231643969080177,0.1601726554665272,0.13902164000339606,0.29919429546992327
107.77777777777777,0.4535504150362654,0.2496034127031675,0.14937576340260983,0.14747040885795723,0.29684617226056703
108.88888888888889,0.4390556311289534,0.2657838601530405,0.13956690908527308,0.15559359963273306,0.29516050871800614
110.0,0.4258829862406401,0.27997085414893236,0.13075640793244395,0.16338975167798356,0.2941461596104275
110.0,0.4258829862406401,0.27997085414893236,0.13075640793244395,0.16338975167798356,0.2941461596104275
111.11111111111111,0.476600073014607,0.23426690445631837,0.14272272129314692,0.14641030123592763,0.2891330225290745
112.22222222222223,0.5099387653387089,0.20087082775436396,0.1559630321500105,0.13322737475691668,0.28919040690692716
113.33333333333333,0.5347156564752475,0.17477462009051786,0.1685811754422503,0.12192854799198423,0.29050972343423453
114.44444444444444,0.5537215762944097,0.1539480351470174,0.18023202176893308,0.11209836678963998,0.2923303885585731
115.55555555555556,0.5683555402325459,0.13715490217203197,0.19093403039873133,0.1035555271966908,0.2944895575954221
116.66666666666667,0.5795638455092308,0.12350617392603087,0.20078314451730753,0.09614683604743084,0.29692998056473835
117.77777777777777,0.5880631418451615,0.11233145770888465,0.20988032844747564,0.08972507199847823,0.29960540044595385
118.88888888888889,0.5944134635496586,0.10311865075966421,0.21831438820975754,0.08415349748091955,0.30246788569067706
120.0,0.5990559853832204,0.0954742777452707,0.22615959211753003,0.07931014475397892,0.30546973687150897
120.0,0.5990559853832204,0.0954742777452707,0.22615959211753003,0.07931014475397892,0.30546973687150897
121.11111111111111,0.5698089584705556,0.11687621241084103,0.22170220095222337,0.09161262816638008,0.3133148291186034
122.22222222222223,0.5486684176317668,0.13766932936386037,0.21128652704393464,0.10237572596043833,0.31366225300437295
123.33333333333333,0.5303569896760043,0.15837469111770217,0.1988749556940543,0.11239336351223916,0.31126831920629344
124.44444444444444,0.5128775510916077,0.17899134023189256,0.18613680242505798,0.12199430625144159,0.30813110867649957
125.55555555555556,0.4957363111506073,0.19921631934120781,0.17377540977135963,0.13127195973682523,0.3050473695081849
126.66666666666667,0.47902854800713895,0.2186297309239643,0.1621128560872769,0.14022886498161985,0.3023417210688968
127.77777777777777,0.46303354756678994,0.2368117167942281,0.15130971592513162,0.14884501971385042,0.30015473563898204
128.88888888888889,0.44804302904744375,0.25340899171125547,0.14144339674447493,0.15710458249682593,0.29854797924130083
130.0,0.4342921586933708,0.26816694487846665,0.1325380012184625,0.1650028952097001,0.2975408964281626
130.0,0.4342921586933708,0.26816694487846665,0.1325380012184625,0.1650028952097001,0.2975408964281626
131.11111111111111,0.4837807024998607,0.22454527837865457,0.1443446364540062,0.14732938266747855,0.2916740191214848
132.22222222222223,0.516056415324233,0.1927726737198515,0.15745287636689972,0.13371803458901593,0.29117091095591563
133.33333333333334,0.5398990142347273,0.16799005250064983,0.16995725575586773,0.12215367750875514,0.29211093326462284
134.44444444444446,0.5580988158499444,0.14822984072283912,0.1815107010272995,0.11216064239991715,0.2936713434272166
135.55555555555554,0.5720476229734393,0.1323025218416382,0.1921300715763367,0.10351978360858595,0.29564985518492265
136.66666666666666,0.5826784450613426,0.11935833798002342,0.20190928776313752,0.09605392919549635,0.29796321695863387
137.77777777777777,0.5906927310643518,0.10875946888330713,0.2109471288527609,0.0896006711995801,0.300547800052341
138.88888888888889,0.5966359047677139,0.1000201134259115,0.2193303282167675,0.0840136535896071,0.3033439818063746
140.0,0.6009361836427439,0.09276766709363783,0.22713133990346815,0.07916480936015025,0.30629614926361837
140.0,0.6009361836427439,0.09276766709363783,0.22713133990346815,0.07916480936015025,0.30629614926361837
141.11111111111111,0.5718473006155501,0.11382817612660955,0.22280914208662803,0.09151538117121229,0.3143245232578403
142.22222222222223,0.5508499323512981,0.13437173494432833,0.21244892212440428,0.10232941057996926,0.31477833270437355
143.33333333333334,0.5326509728932176,0.15490502407921597,0.2000448123350232,0.11239919069254323,0.3124440030275664
144.44444444444446,0.5152386574805728,0.17542488478907148,0.1872837892824484,0.12205266844790716,0.30933645773035556
145.55555555555554,0.4981121880266084,0.19562798502093393,0.1748782886279445,0.1313815383245132,0.3062598269524577
146.66666666666666,0.4813669850231839,0.21509094770235093,0.1631560249390729,0.14038604233539215,0.3035420672744651
147.77777777777777,0.46528776168210634,0.2333861759606177,0.15228212017942347,0.14904394217785244,0.30132606235727594
148.88888888888889,0.4501749326367946,0.250149206185059,0.1423381419774154,0.15733771920073117,0.29967586117814654
150.0,0.4362738007014758,0.2651123977148444,0.13335196834453342,0.16526183323914634,0.2986138015836798
150.0,0.4362738007014758,0.2651123977148444,0.13335196834453342,0.16526183323914634,0.2986138015836798
151.11111111111111,0.4853873987075607,0.22210277814449386,0.14505315235893174,0.14745667078901378,0.2925098231479455
152.22222222222223,0.5173255368242757,0.19080494517676946,0.1580883757875972,0.13378114221135753,0.2918695179989548
153.33333333333334,0.5408856560133597,0.16639546821723258,0.17053367926870405,0.12218519650070367,0.29271887576940775
154.44444444444446,0.5588569053713277,0.14692864940621453,0.18203692738305846,0.1121775178393993,0.29421444522245777
155.55555555555554,0.5726237233892991,0.1312324660246774,0.19261289008238905,0.10353092050363438,0.29614381058602346
156.66666666666666,0.5831107054123347,0.11847123282173477,0.20235416401710413,0.0960638977488266,0.2984180617659307
157.77777777777777,0.591011676130949,0.10801814770272161,0.21135849945345536,0.08961167671287411,0.3009701761663295
158.88888888888889,0.5968657083384947,0.09939587492868858,0.21971179632252025,0.08402662041029652,0.30373841673281676
160.0,0.6010959220682311,0.09223825418532085,0.2274858397869343,0.07917998395951363,0.3066658237464479
160.0,0.6010959220682311,0.09223825418532085,0.2274858397869343,0.07917998395951363,0.3066658237464479
161.11111111111111,0.5720297931497765,0.11324533167221355,0.22317995752360184,0.091544917654408,0.31472487517800984
162.22222222222223,0.5510648153577437,0.13375299446668543,0.21281188838031345,0.10237030179525744,0.31518219017557086
163.33333333333334,0.5328961305131399,0.1542652500290728,0.20038897520952723,0.11244964424826004,0.31283861945778724
164.44444444444446,0.515505870658985,0.17477829821787627,0.18760433074265576,0.12211150038048292,0.3097158311231387
165.55555555555554,0.4983909877853475,0.1949883015444028,0.17517308367344697,0.1314476269968027,0.3066207106702497
166.66666666666666,0.481646873566168,0.21447074482740636,0.16342430226640298,0.14045807934002266,0.3038823816064256
167.77777777777777,0.4655594574301229,0.2327961606621203,0.15252398060754138,0.14912040130021534,0.3016443819077567
168.88888888888889,0.4504310033937158,0.24959769893106848,0.1425543544585979,0.15741694321661784,0.29997129767521574
170.0,0.4365088768707452,0.26460513282999193,0.1335438270291874,0.1653421632700755,0.2988859902992629
170.0,0.4365088768707452,0.26460513282999193,0.1335438270291874,0.1653421632700755,0.2988859902992629
171.11111111111111,0.48555878517507295,0.2217115421576568,0.14521582174317682,0.14751385092409347,0.2927296726672703
172.22222222222223,0.51743549744182,0.19050359307008918,0.15823227679382956,0.13382863269426123,0.2920609094880908
173.33333333333334,0.5409464026802044,0.16616288157612422,0.17066279872188136,0.12222791702178999,0.2928907157436714
174.44444444444446,0.5588805893507011,0.14674842378567726,0.18215349974139267,0.11221748712222908,0.29437098686362173
175.55555555555554,0.5726203458178868,0.13109217184292649,0.19271849006822528,0.10356899227096127,0.29628748233918656
176.66666666666666,0.583088012849743,0.118361553606324,0.20245001105401522,0.0961004224899178,0.298550433543933
177.77777777777777,0.5909755270526065,0.10793211413643204,0.21144557206839817,0.08964678674256328,0.30109235881096147
178.88888888888889,0.5968204882221853,0.0993282572234208,0.21979089505121402,0.08406035950317987,0.3038512545543939
180.0,0.6010448982556359,0.09218510423266504,0.2275576310688659,0.079212366442833,0.30676999751169887
180.0,0.6010448982556359,0.09218510423266504,0.2275576310688659,0.079212366442833,0.30676999751169887
181.11111111111111,0.571978129560973,0.11319069105020417,0.22324944608672187,0.09158173330210102,0.3148311793888229
182.22222222222223,0.5510171959282165,0.13369834510289388,0.21287484707563992,0.10240961189324972,0.3152844589688897
183.33333333333334,0.5328535611423749,0.1542118169342045,0.2004443164999877,0.11249030542343275,0.3129346219234204
184.44444444444446,0.51546789736918,0.1747271478794264,0.18765220554570614,0.1221527492056874,0.3098049547513935
185.55555555555554,0.4983567417321087,0.19494031114477994,0.17521407990857116,0.13148886721454028,0.3067029471231114
186.66666666666666,0.481615487959481,0.21442655975442287,0.16345914735805964,0.14049880492803654,0.3039579522860962
187.77777777777777,0.465530215001808,0.23275617688151,0.152553428799677,0.1491601793170051,0.30171360811668213
188.88888888888889,0.45040337124977087,0.24956207563037078,0.14257913734774347,0.15745541577211486,0.3000345531198583
190.0,0.4364824935087748,0.26457382818523184,0.13356462727153784,0.16537905103445555,0.2989436783059934
190.0,0.4364824935087748,0.26457382818523184,0.13356462727153784,0.16537905103445555,0.2989436783059934
191.11111111111111,0.48553117396150525,0.22169103661062745,0.14523236567720685,0.14754542375066051,0.29277778942786736
192.22222222222223,0.5174050185413046,0.19049143154750858,0.1582464298534498,0.13385712005773698,0.2921035499111868
193.33333333333334,0.5409142085891442,0.16615666133106202,0.1706751651823859,0.12225396489740797,0.2929291300797939
194.44444444444446,0.5588479396440895,0.14674632292312004,0.18216435056870925,0.11224138686408122,0.29440573743279047
195.55555555555554,0.5725881751511912,0.13109289461425497,0.19272798390618867,0.10359094632836505,0.2963189302345537
196.66666666666666,0.583056939337422,0.11836419670485965,0.2024582579778318,0.09612060597988661,0.2985788639577184
197.77777777777777,0.5909459313217061,0.10793605087743538,0.21145265682055348,0.08966536098030492,0.3011180178008584
198.88888888888889,0.5967925857151286,0.09933305229445895,0.21979688793734253,0.08407747405306994,0.30387436199041246
200.0,0.6010187930038225,0.0921904541031507,0.22756259402834797,0.0792281588646788,0.3067907528930268
200.0,0.6010187930038225,0.0921904541031507,0.22756259402834797,0.0792281588646788,0.3067907528930268
201.11111111111111,0.5719506936100648,0.11319778871790995,0.22325264946809986,0.09159886820392531,0.3148515176720252
202.22222222222223,0.5509896144355039,0.13370685932125664,0.21287613855499532,0.10242738768824405,0.3153035262432394
203.33333333333334,0.5328262990051856,0.15422144475600058,0.20044395144768792,0.11250830479112588,0.31295225623881384
204.44444444444446,0.5154412186170262,0.1747375579159963,0.1876505381523938,0.12217068531458364,0.3098212234669775
205.55555555555554,0.49833088373916296,0.19495113402280556,0.17521146196059267,0.13150652027743875,0.30671798223803143
206.66666666666666,0.4815906915219463,0.21443740976652403,0.16345589596142374,0.1405160027501061,0.30397189871152985
207.77777777777777,0.4655067091267409,0.23276668461480626,0.1525498141645338,0.14917679209391888,0.30172660625845266
208.88888888888889,0.4503813508061302,0.2495719182230638,0.14257537818013596,0.15747135279067004,0.30004673097080603
210.0,0.43646210286807663,0.26458275029864853,0.13356089107690508,0.16539425575636973,0.2989551468332748
210.0,0.43646210286807663,0.26458275029864853,0.13356089107690508,0.16539425575636973,0.2989551468332748
211.11111111111111,0.48551381026990215,0.22169870674318712,0.1452288199692791,0.14755866301763165,0.29278748298691076
212.22222222222223,0.5173899233938105,0.1904981217006223,0.15824313904329038,0.13386881586227675,0.2921119549055671
213.33333333333334,0.540901092941295,0.1661624923365269,0.17067211048671702,0.12226430423546103,0.2929364147221781
214.44444444444446,0.5588365710282296,0.14675140490861713,0.18216149640377108,0.1122505276593822,0.2944120240631533
215.55555555555554,0.5725783347909915,0.13109733358532344,0.1927252935762861,0.10359903804739905,0.29632433162368516
216.66666666666666,0.5830484265505723,0.11836808889531382,0.2024556984130308,0.09612778614108303,0.2985834845541138
217.77777777777777,0.5909385682298767,0.10793947983091959,0.21145020002071113,0.0896717519184927,0.3011219519392038
218.88888888888889,0.5967862180615574,0.09933608864158414,0.21979451113341109,0.08408318216344725,0.3038776932968583
220.0,0.601013288563347,0.0921931566958158,0.2275602792934506,0.07923327544738648,0.3067935547408371
220.0,0.601013288563347,0.0921931566958158,0.2275602792934506,0.07923327544738648,0.3067935547408371
221.11111111111111,0.5719448504884709,0.11320089524827591,0.22324987665984689,0.09160437760340642,0.31485425426325325
222.22222222222223,0.5509835950031121,0.13371022675663016,0.21287307439412953,0.10243310384612815,0.3153061782402577
223.33333333333334,0.5328201984046566,0.15422494279304227,0.20044074345915977,0.11251411534314149,0.31295485880230123
224.44444444444446,0.515435134061983,0.17474105282827984,0.18764730294351248,0.12217651016622465,0.3098238131097371
225.55555555555554,0.49832492320876703,0.19495449013034974,0.17520829064524054,0.13151229601564277,0.3067205866608833
226.66666666666666,0.4815849641647647,0.2144404990164145,0.16345285849945482,0.14052167831936602,0.3039745368188208
227.77777777777777,0.4655013135271881,0.23276939726023582,0.15254696149717845,0.14918232771539774,0.3017292892125762
228.88888888888889,0.45037636628277516,0.2495741708328255,0.14257274380563117,0.15747671907876815,0.3000494628843994
230.0,0.43645758498138876,0.2645844896552316,0.13355849305085496,0.16539943231252452,0.29895792536337945
230.0,0.43645758498138876,0.2645844896552316,0.13355849305085496,0.16539943231252452,0.29895792536337945
231.11111111111111,0.4855102989124645,0.22169994969568477,0.145226724010915,0.14756302738093569,0.2927897513918507
232.22222222222223,0.5173872419503698,0.19049897694501658,0.15824126548058012,0.13387251562403354,0.29211378110461367
233.33333333333334,0.540899083883172,0.16616305411579882,0.17067041893437668,0.12226744306665265,0.29293786200102934
234.44444444444446,0.5588350945795075,0.14675174958455336,0.1821599592771083,0.11225319655883081,0.2944131558359391
235.55555555555554,0.5725772752114906,0.13109751946832976,0.1927238892960379,0.10360131602414174,0.29632520532017964
236.66666666666666,0.5830476916667721,0.11836815918783544,0.20245440938525175,0.09612973976014073,0.2985841491453925
237.77777777777777,0.5909380859427669,0.10793946611654949,0.21144901177885464,0.08967343616182905,0.30112244794068366
238.88888888888889,0.5967859323496114,0.09933601390324452,0.21979341176956785,0.08408464197757613,0.303878053747144
240.0,0.6010131559271991,0.09219303765722793,0.2275592589919927,0.07923454742358026,0.30679380641557297
240.0,0.6010131559271991,0.09219303765722793,0.2275592589919927,0.07923454742358026,0.30679380641557297
241.11111111111111,0.5719447094575669,0.11320071771836643,0.2232488115958428,0.09160576122822381,0.3148545728240666
242.22222222222223,0.5509834381769895,0.1337099806331745,0.21287202092561305,0.10243456026422305,0.3153065811898361
243.33333333333334,0.5328200280353563,0.15422461676150792,0.2004397346826918,0.11251562052044392,0.3129553552031357
244.44444444444446,0.5154349606607204,0.1747406352045111,0.18764635800418136,0.12217804613058712,0.30982440413476847
245.55555555555554,0.49832476114698654,0.19495397085763966,0.1752074205366774,0.13151384745869635,0.30672126799537375
246.66666666666666,0.48158482804294955,0.2144398714803569,0.16345206884069566,0.1405232316359978,0.3039753004766934
247.77777777777777,0.4655012158075407,0.23276865942996977,0.15254625390321314,0.14918387085927637,0.3017301247624895
248.88888888888889,0.45037631602282213,0.24957332562065418,0.14257211677784287,0.15747824157868082,0.30005035835652366
250.0,0.43645758742024804,0.26458354458677186,0.133557942744509,0.16540092524847114,0.29895886799298016
250.0,0.43645758742024804,0.26458354458677186,0.133557942744509,0.16540092524847114,0.29895886799298016
251.11111111111111,0.4855104250464935,0.22169909086932937,0.1452262600215828,0.14756422406259434,0.2927904840841771
252.22222222222223,0.5173874741463568,0.19049818416761768,0.15824085942741223,0.1338734822586133,0.2921143416860255
253.33333333333334,0.5408993893854633,0.16616232418887472,0.17067005880092134,0.12226822762474067,0.29293828642566205
254.44444444444446,0.5588354446506973,0.14675108016142688,0.18215963807411245,0.11225383711376336,0.2944134751878758
255.55555555555554,0.5725776484849133,0.13109690682750225,0.19272360206475492,0.10360184262282954,0.2963254446875844
256.6666666666667,0.5830480732535609,0.11836759863871232,0.20245415225829508,0.09613017584943166,0.2985843281077267
257.77777777777777,0.590938465819904,0.10793895263039649,0.21144878160622296,0.08967379994347656,0.30112258154969956
258.8888888888889,0.5967863039500076,0.09933554254670371,0.21979320592166326,0.08408494758162534,0.3038781535032886
260.0,0.6010135150815218,0.09219260382916432,0.22755907523308352,0.07923480585623041,0.30679388108931394
