Generation,xOC,xOB,xMMd,xMMr,total xMM
0.0,0.26666666666666666,0.4,0.26666666666666666,0.06666666666666667,0.3333333333333333
0.5042016806722689,0.4306197298219996,0.3026013673298662,0.21417903889271608,0.052599863955418165,0.26677890284813427
1.0084033613445378,0.5026343436314861,0.2532920309866598,0.1974926151175058,0.04658101026434848,0.24407362538185426
1.5126050420168067,0.5421793427393942,0.22140737605942803,0.1931259731254723,0.04328730807570552,0.23641328120117786
2.0168067226890756,0.5672943934636794,0.1976708204978778,0.19392315373707406,0.041111632301368765,0.23503478603844283
2.5210084033613445,0.5850171272282434,0.17849406476525076,0.19704726304847345,0.0394415449580324,0.23648880800650585
3.0252100840336134,0.5984911706071462,0.1622717784822353,0.20121892660858837,0.03801812430203005,0.23923705091061842
3.5294117647058822,0.6092503932032596,0.1481975206101941,0.20582460104680078,0.03672748513974542,0.2425520861865462
4.033613445378151,0.6181006088176393,0.13581647867662522,0.21056340220792502,0.035519510297810454,0.2460829125057355
4.53781512605042,0.6254987893957068,0.12483968206109115,0.21528871836362384,0.03437281017957812,0.24966152854320198
5.042016806722689,0.6317270175928175,0.11506231714783005,0.21993184564004598,0.03327881961930643,0.25321066525935243
5.546218487394958,0.6369755611533827,0.10632633937728919,0.22446366035777732,0.032234439111550724,0.25669809946932803
6.050420168067227,0.6413837212060964,0.0985026673408874,0.2288749664493066,0.031238645003709452,0.2601136114530161
6.554621848739496,0.6450604623590397,0.09148224311804325,0.2331663197499747,0.03029097477294244,0.26345729452291716
7.0588235294117645,0.6480951647083103,0.08517118525195373,0.2373427518375012,0.02939089820223475,0.2667336500397359
7.563025210084033,0.6505634740121158,0.07948787544374813,0.24141105069642593,0.028537599847710104,0.269948650544136
8.067226890756302,0.6525306680058818,0.0743609967499485,0.2453783896756474,0.027729945568522235,0.2731083352441696
8.571428571428571,0.6540537492544208,0.0697280688481394,0.24925165857959344,0.026966523317846387,0.27621818189743985
9.07563025210084,0.6551828511280806,0.06553427260362808,0.2530371679830287,0.026245708285262542,0.27928287626829124
9.579831932773109,0.6559622646009916,0.06173146280313243,0.2567405433461389,0.025565729249737053,0.28230627259587593
10.084033613445378,0.6564312355453635,0.05827731972278042,0.2603667174417401,0.024924727290115887,0.285291444731856
10.588235294117647,0.6566246160469597,0.05513461211386832,0.2639199676417217,0.024320804197450207,0.2882407718391719
11.092436974789916,0.656573410186986,0.052270553974755184,0.26740397551869405,0.023752060319564682,0.2911560358382587
11.596638655462185,0.656305242490977,0.049656242744495656,0.27082189166007387,0.023216623104453406,0.2940385147645273
12.100840336134453,0.6558447647443884,0.04726616932940323,0.2741763977189061,0.022712668207302254,0.29688906592620834
12.605042016806722,0.6552140046040085,0.04507779083272516,0.27746977039913284,0.022238434164133618,0.29970820456326647
13.109243697478991,0.6544326765303538,0.043071158233750524,0.2807039330472778,0.02179223218861803,0.30249616523589584
13.61344537815126,0.6535184507019356,0.041228592475151725,0.28388050464053927,0.02137245218237334,0.30525295682291265
14.117647058823529,0.6524871852800557,0.03953440286465712,0.2870008459676415,0.020977565887645714,0.3079784118552873
14.621848739495798,0.6513531370538126,0.03797464171654401,0.2900660935282964,0.020606127701346847,0.3106722212296432
15.126050420168067,0.6501291379817772,0.036536891524299765,0.29307719632184576,0.02025677417207732,0.3133339704939231
15.630252100840336,0.6488267552614104,0.03521007931625021,0.2960349433554035,0.019928222066935918,0.3159631654223394
16.134453781512605,0.6474564296924266,0.033984315229562516,0.29893998931502325,0.01961926576298763,0.31855925507801086
16.63865546218487,0.6460275965915273,0.03285075192131698,0.30179287739175836,0.019328774095397357,0.3211216514871557
17.142857142857142,0.6445487936243587,0.03180146184928072,0.3045940577160392,0.019055686810321368,0.3236497445263605
17.647058823529413,0.6430277561960712,0.0308293300713008,0.3073439029579766,0.018799010774651407,0.32614291373262805
18.15126050420168,0.6414714965165459,0.029927961018080398,0.3100427260715985,0.018557816393775267,0.3286005424653738
18.655462184873947,0.639886378848849,0.029091596477083027,0.3126907909322211,0.018331233741846985,0.33102202467406805
19.159663865546218,0.6382781850619805,0.02831504381892596,0.31528832230320436,0.01811844881588912,0.33340677111909345
19.66386554621849,0.6366521697209995,0.0275936132434136,0.3178355169898234,0.017918700045763545,0.3357542170355869
20.168067226890756,0.6350131113975069,0.02692306249171084,0.3203325512875257,0.017731274823256427,0.3380638261107822
20.672268907563023,0.6333653576488059,0.0262995482328214,0.3227795879129402,0.01755550620543252,0.3403350941183727
21.176470588235293,0.6317128643400955,0.025719583322553332,0.32517678248969845,0.017390769847652685,0.34256755233735114
21.680672268907564,0.6300592287071837,0.025179999276456144,0.32752429077365813,0.01723648124270197,0.34476077201636013
22.18487394957983,0.6284077265437221,0.024677912530117568,0.3298222682413627,0.017092092684797618,0.3469143609261603
22.6890756302521,0.626761339464085,0.024210694948782086,0.3320708748982843,0.016957090688848597,0.3490279655871329
23.19327731092437,0.6251227731657015,0.023775948181747126,0.3342702847023507,0.016830993950200695,0.35110127865255136
23.69747899159664,0.6234944859889149,0.02337148011176764,0.33642068307321027,0.016713350826107125,0.3531340338993174
24.201680672268907,0.6218787117241704,0.02299528419076493,0.3385222668895817,0.016603737195482953,0.3551260040850647
24.705882352941174,0.6202774714885035,0.022645521398419594,0.3405752523830946,0.01650175472998232,0.35707700711307694
25.210084033613445,0.618692594980631,0.022320503724366003,0.34257987234792503,0.01640702894707804,0.3589869012950031
25.714285714285715,0.6171257340897717,0.02201867963355954,0.34453637872351817,0.01631920755315058,0.3608555862766688
26.218487394957982,0.6155783767138062,0.021738621082407497,0.34644504328360703,0.01623795892017936,0.3626830022037864
26.72268907563025,0.614051859158938,0.021479011853816628,0.3483061583632327,0.01616297062401273,0.3644691289872454
27.22689075630252,0.6125473779529018,0.02123863719553021,0.3501200366620336,0.01609394818953444,0.3662139848515681
27.73109243697479,0.6110659981395172,0.021016374221599493,0.35188701407136197,0.01603061356752141,0.36791762763888336
28.235294117647058,0.6096086658204857,0.02081118380412531,0.353607446035459,0.01597270433993002,0.36958015037538905
28.739495798319325,0.6081762162600236,0.020622103047521545,0.355281708009164,0.015919972683290883,0.37120168069245485
29.243697478991596,0.6067693802482189,0.020448238095321813,0.35691019769969706,0.015872183956762244,0.37278238165645927
29.747899159663866,0.6053887915752868,0.02028875832596399,0.3584933339567504,0.015829116141998743,0.37432245009874915
30.252100840336134,0.6040349943543172,0.02014289074409891,0.36003155598009273,0.015790558921491216,0.37582211490158396
30.7563025210084,0.6027084505180328,0.020009914918329225,0.3615253217174945,0.015756312846143563,0.3772816345636381
31.26050420168067,0.6014095452222501,0.019889158440103295,0.3629751077512743,0.015726188586372366,0.37870129633764665
31.764705882352942,0.6001385912411072,0.019779992935807515,0.3643814094558485,0.015700006367236695,0.3800814158230852
32.26890756302521,0.5988958333235205,0.019681830308813816,0.365744741077874,0.015677595289791707,0.3814223363676657
32.773109243697476,0.5976814547071275,0.019594119304641083,0.367065633304703,0.015658792683528377,0.3827244259882313
33.27731092436974,0.5964955820730985,0.019516342459877593,0.36834463186906646,0.015643443597957437,0.3839880754670239
33.78151260504202,0.595338287834637,0.01944801338168394,0.36958229843617924,0.01563140034749984,0.38521369878367906
34.285714285714285,0.5942095941415254,0.019388674195301093,0.370779209650096,0.015622522013077579,0.38640173166317354
34.78991596638655,0.5931094784724755,0.019337893195343122,0.37193595431811566,0.015616674014065683,0.38755262833218135
35.294117647058826,0.5920378737459868,0.019295262832546397,0.3730531356897633,0.015613727731703574,0.38866686342146683
35.79831932773109,0.5909946744571625,0.019260397702542058,0.37413136776809497,0.015613560072200565,0.3897449278402955
36.30252100840336,0.5899797382262865,0.01923293285352497,0.37517127575852666,0.01561605316166194,0.3907873289201886
36.80672268907563,0.588992889089195,0.019212522175586902,0.3761734947194195,0.015621094015798516,0.39179458873521805
37.310924369747895,0.5880339197967139,0.019198836955920902,0.37713866900972587,0.015628574237639397,0.3927672432473652
37.81512605042017,0.5871025946154487,0.019191564538898608,0.3780674511086003,0.01563838973705247,0.39370584084565274
38.319327731092436,0.5861986514170555,0.019190407121321737,0.37896050098896755,0.015650440472655163,0.39461094146162273
38.8235294117647,0.5853218041112468,0.01919508063320593,0.3798184850481395,0.01566463020740775,0.3954831152555472
39.32773109243698,0.5844717445940708,0.019205313728485884,0.3806420753913487,0.015680866286094542,0.39632294167744325
39.831932773109244,0.5836481447551295,0.019220846854689565,0.3814319489642811,0.015699059425899872,0.397131008390181
40.33613445378151,0.582850658194462,0.019241431413077603,0.38218878686951147,0.01571912352294906,0.39790791039246054
40.84033613445378,0.5820789223006667,0.0192668289667791,0.38291327326738794,0.015740975465166146,0.3986542487325541
41.344537815126046,0.5813325595971203,0.01929681054585989,0.3836060948855207,0.015764534971499038,0.39937062985701977
41.84873949579832,0.5806111793587515,0.019331155995582817,0.38426794021114064,0.015789724434525074,0.4000576646456658
42.35294117647059,0.579914379028569,0.01936965338914322,0.384899498806198,0.015816468776089578,0.40071596758228756
42.857142857142854,0.579241745705366,0.01941209848541579,0.3855014605007433,0.015844695308475012,0.40134615580921834
43.36134453781513,0.578592857535783,0.01945829422738696,0.38607451462899595,0.015874333607834096,0.40194884823682997
43.865546218487395,0.5779672846118242,0.019508050308489382,0.38661934967187545,0.015905315407810802,0.4025246650796862
44.36974789915966,0.5773645902775468,0.01956118275504705,0.3871366524807615,0.015937574486644606,0.4030742269674061
44.87394957983193,0.5767843322147704,0.019617513551613237,0.38762710766667896,0.015971046566937337,0.40359815423361634
45.3781512605042,0.5762260633526948,0.019676870322396244,0.3880913970973004,0.01600566922760868,0.40409706632490905
45.88235294117647,0.5756893331726981,0.019739085990626765,0.38853019903048847,0.01604138180618675,0.4045715808366752
46.38655462184874,0.5751736882387083,0.019803998522835493,0.3889441879062507,0.01607812533220557,0.4050223132384563
46.890756302521005,0.5746786728852736,0.01987145067421911,0.38933403398268707,0.016115842457820297,0.4054498764405074
47.39495798319328,0.5742038303396085,0.01994128974670929,0.3897004025353565,0.016154477378325614,0.40585487991368213
47.89915966386555,0.573748703305605,0.020013367383351285,0.3900439535373492,0.016193975773694552,0.4062379293110438
48.403361344537814,0.5733128344738269,0.020087539435078353,0.390365341322521,0.016234284768573762,0.4065996260910948
48.90756302521008,0.572895767687932,0.02016366572106297,0.39066521373991403,0.016275352851090986,0.406940566591005
49.41176470588235,0.572497048305756,0.02024160987334571,0.39094421199567553,0.01631712982522275,0.4072613418208983
49.91596638655462,0.5721162232497603,0.020321239258807428,0.3912029706973017,0.016359566794130507,0.40756253749143223
50.42016806722689,0.5717528415821771,0.020402424872130103,0.3914421174215312,0.016402616124161617,0.4078447335456928
50.924369747899156,0.5714064555962594,0.020485041135098636,0.39166227190496106,0.016446231363681018,0.4081085032686421
51.42857142857143,0.5710766209401663,0.020568965814420834,0.3918640460273152,0.01649036721809759,0.4083544132454128
51.9327731092437,0.5707628966088808,0.020654080156899804,0.3920480436278525,0.016534979606366858,0.40858302323421936
52.436974789915965,0.5704648463555286,0.020740268426738765,0.392214859742947,0.016580025474785504,0.40879488521773255
52.94117647058823,0.5701820381495517,0.020827418122101374,0.392365080840102,0.016625462888244964,0.408990543728347
53.4453781512605,0.5699140446890819,0.02091541986913443,0.3924992844524166,0.01667125098936701,0.40917053544178367
53.94957983193277,0.5696604433461507,0.02100416724009075,0.3926180394828241,0.016717349930934308,0.4093353894137584
54.45378151260504,0.5694208165238266,0.021093556955933526,0.3927219055665965,0.01676372095364352,0.40948562652024
54.95798319327731,0.5691947524304841,0.021183488544356865,0.3928114327862467,0.01681032623891231,0.40962175902515896
55.46218487394958,0.5689818450728413,0.021273864508887293,0.3928871614401242,0.01685712897814709,0.40974429041827126
55.96638655462185,0.5687816946315634,0.0213645902457242,0.3929496217865959,0.016904093336116525,0.40985371512271246
56.470588235294116,0.5685939069051434,0.02145557392862282,0.3929993347529387,0.016951184413295108,0.4099505191662338
56.97478991596638,0.5684180938166082,0.021546726689689117,0.3930368111788054,0.016998368314897174,0.41003517949370255
57.47899159663865,0.5682538733876076,0.02163796234710124,0.39306255222765596,0.017045612037635275,0.4101081642652912
57.983193277310924,0.5681008701965069,0.021729197539679963,0.3930770487450499,0.01709288351876342,0.4101699322638134
58.48739495798319,0.5679587156195869,0.021820351663200652,0.3930807811099661,0.017140151607246377,0.41022093271721244
58.99159663865546,0.5678270480624645,0.02191134698571365,0.3930742188401979,0.017187386111623997,0.4102616049518219
59.49579831932773,0.5677055124273451,0.02200210839055946,0.39305782148642326,0.017234557695672257,0.41029237918209555
60.0,0.5675937606939597,0.02209256316495232,0.39303203835588696,0.01728163778520105,0.410313676141088
60.0,0.5675937606939597,0.02209256316495232,0.39303203835588696,0.01728163778520105,0.410313676141088
61.25,0.572810474507631,0.03311766556106477,0.37074652235884925,0.02332533757245494,0.3940718599313042
62.5,0.5766156620680623,0.04824808039266477,0.3442717497618516,0.030864507777421477,0.3751362575392731
63.75,0.5760200351581171,0.06828293065593949,0.31559039597781946,0.04010663820812394,0.3556970341859434
65.0,0.5694658131818141,0.09360152166103852,0.28579141799562346,0.051141247161523996,0.3369326651571475
65.0,0.5694658131818141,0.09360152166103852,0.28579141799562346,0.051141247161523996,0.3369326651571475
66.07142857142857,0.5760904805026414,0.08574932787313072,0.289170589991277,0.0489896016329508,0.3381601916242278
67.14285714285714,0.5820276800849131,0.07874171675909725,0.29235604761121353,0.046874555544775987,0.3392306031559895
68.21428571428571,0.5871199660144055,0.07253004667420891,0.29550601295238543,0.0448439743590001,0.3403499873113855
69.28571428571429,0.5913952239777553,0.06703470110683452,0.29865293955142785,0.04291713536398244,0.3415700749154103
70.35714285714286,0.5949272148030224,0.06217433310526827,0.30179630566336607,0.04110214642834334,0.3428984520917094
71.42857142857143,0.5977970893136798,0.05787348222920233,0.30492792509838695,0.03940150335873085,0.34432942845711784
72.5,0.6000826451379089,0.0540643575895913,0.3080386687232369,0.03781432854926295,0.34585299727249985
73.57142857142857,0.6018554262671921,0.050686916021347776,0.3111200946329888,0.03633756307847122,0.34745765771146003
74.64285714285714,0.6031801489315967,0.04768838837871055,0.31416472456928995,0.03496673812040284,0.3491314626896928
75.71428571428571,0.6041148684738983,0.04502262069860327,0.31716599037605225,0.03369652045144632,0.3508625108274986
76.78571428571428,0.6047114080173763,0.042649365504844265,0.3201181233389801,0.03252110313879927,0.35263922647777934
77.85714285714286,0.60501584839987,0.04053359305020412,0.3230160660414895,0.031434492508436426,0.35445055854992596
78.92857142857143,0.6050690919500018,0.038644838962145975,0.3258553658737365,0.030430703214115735,0.3562860690878522
80.0,0.6049073503388188,0.03695661640487823,0.3286321367582479,0.029503896498055147,0.358136033256303
80.0,0.6049073503388188,0.03695661640487823,0.3286321367582479,0.029503896498055147,0.358136033256303
81.25,0.6049453265016821,0.05262299116231244,0.3039204039339184,0.03851127840208695,0.34243168233600535
82.5,0.5998055517256686,0.07283382890951377,0.27799403187428906,0.04936658749052854,0.3273606193648176
83.75,0.5886692033623985,0.09766626198228888,0.2515974277484874,0.06206710690682526,0.3136645346553127
85.0,0.5716352985963683,0.12649706398246258,0.2254356216692433,0.07643201575192582,0.3018676374211691
85.0,0.5716352985963683,0.12649706398246258,0.2254356216692433,0.07643201575192582,0.3018676374211691
86.07142857142857,0.5818206728082332,0.11102111972854636,0.23612560616380365,0.07103260129941676,0.3071582074632204
87.14285714285714,0.5921953969074806,0.0975867360314738,0.24454026485879213,0.06567760220225351,0.31021786706104565
88.21428571428571,0.600955991507061,0.08628090662122505,0.252012334344061,0.060750767527652974,0.31276310187171397
89.28571428571429,0.6079281545215311,0.07681722864909518,0.25893825932270154,0.05631635750667204,0.3152546168293736
90.35714285714286,0.6133018176205053,0.06888257779265684,0.2654592113509389,0.05235639323589879,0.3178156045868377
91.42857142857143,0.617321508727843,0.062205120001823606,0.2716421611146914,0.048831210155641895,0.3204733712703333
92.5,0.6202137594871684,0.05656106703138125,0.2775286184426685,0.045696555038781804,0.3232251734814503
93.57142857142857,0.6221733591860966,0.05176885683841233,0.2831485879812553,0.04290919599423589,0.32605778397549123
94.64285714285714,0.6233641099676027,0.04768168232287989,0.28852521000968145,0.04042899769983584,0.3289542077095173
95.71428571428571,0.6239227970178729,0.0441807612911892,0.29367678047738194,0.03821966121355587,0.3318964416909378
96.78571428571428,0.6239634423523863,0.04116975290090602,0.29861794259781094,0.03624886214889666,0.3348668047467076
97.85714285714286,0.6235811499522247,0.03857025289908536,0.3033605017700362,0.034488095378653785,0.33784859714869
98.92857142857143,0.6228553284738126,0.036318203219622466,0.3079140883514689,0.03291237995509596,0.3408264683065649
100.0,0.6218524156222536,0.034361039248583004,0.3122866411682163,0.03149990396094736,0.3437865451291636
100.0,0.6218524156222536,0.034361039248583004,0.3122866411682163,0.03149990396094736,0.3437865451291636
101.25,0.6219674291212346,0.0486140941811363,0.28853303860914725,0.040885438088481774,0.329418476697629
102.5,0.6163879933805965,0.06704435388226682,0.26435683975198865,0.0522108129851482,0.31656765273713683
103.75,0.6047750277636821,0.08974750707299886,0.24003055963912517,0.06544690552419383,0.30547746516331903
105.0,0.5873885762079506,0.11621264847007373,0.21601218108927994,0.08038659423269558,0.2963987753219755
105.0,0.5873885762079506,0.11621264847007373,0.21601218108927994,0.08038659423269558,0.2963987753219755
106.07142857142857,0.5960065157249793,0.10148258586587715,0.22857368749564533,0.07393721091349811,0.30251089840914347
107.14285714285714,0.605500041899162,0.08872108293398094,0.23815234616982422,0.06762652899703298,0.3057788751668572
108.21428571428571,0.6134333569810422,0.0780967729628419,0.2465229287490833,0.06194694130703255,0.30846987005611587
109.28571428571429,0.6195363509672516,0.06930638048835193,0.2542131568466345,0.05694411169776202,0.3111572685443965
110.35714285714286,0.6240134045149458,0.06201466901139349,0.26140947960774524,0.052562446865915526,0.3139719264736608
111.42857142857143,0.6271368324965346,0.055936154536832115,0.26819895040498276,0.04872806256165047,0.3169270129666332
112.5,0.6291551584992013,0.050840970777383775,0.27463453910958197,0.04536933161383293,0.3200038707234149
113.57142857142857,0.6302775850070115,0.046546465549294154,0.28075400408561496,0.042421945358079444,0.32317594944369443
114.64285714285714,0.6306763268476986,0.042907665092068545,0.2865862402275676,0.03982976783266524,0.3264160080602328
115.71428571428571,0.6304923637742743,0.0398091656445487,0.29215404602746153,0.03754442455371558,0.32969847058117707
116.78571428571428,0.6298411218906247,0.03715868815723828,0.2974756900513602,0.0355244999007768,0.333000189952137
117.85714285714286,0.6288172830153866,0.03488206177017715,0.30256600459488153,0.03373465061955479,0.3363006552144363
118.92857142857143,0.6274987315767494,0.032919338888241376,0.30743717993232245,0.032144749602686915,0.3395819295350094
120.0,0.6259497126672425,0.03122179158594268,0.31209938423595696,0.030729111510857957,0.3428284957468149
120.0,0.6259497126672425,0.03122179158594268,0.31209938423595696,0.030729111510857957,0.3428284957468149
121.25,0.6267977134649811,0.04436290705640336,0.28888694367262446,0.03995243580599109,0.3288393794786156
122.5,0.6221280971192348,0.061500153502415965,0.26524786519619836,0.05112388418215105,0.3163717493783494
123.75,0.6115076152935301,0.08282869736973969,0.24142415201710057,0.06423953531962967,0.3056636873367302
125.0,0.5950645914750472,0.1079906160140949,0.2178271493043131,0.07911764320654463,0.2969447925108577
125.0,0.5950645914750472,0.1079906160140949,0.2178271493043131,0.07911764320654463,0.2969447925108577
126.07142857142857,0.6023082647168263,0.09456829034053403,0.23045427915192168,0.07266916579071798,0.30312344494263965
127.14285714285714,0.6106966056779775,0.08290417704720367,0.24000376114796923,0.06639545612684968,0.3063992172748189
128.21428571428572,0.6177113377851742,0.07318345311109932,0.2483267585456002,0.06077845055812631,0.3091052091037265
129.28571428571428,0.6230413984053376,0.06513481103555697,0.25597165375799813,0.05585213680110749,0.31182379055910564
130.35714285714286,0.6268656331165409,0.05845299273185273,0.26312898953016406,0.05155238462144232,0.31468137415160635
131.42857142857142,0.6294370513556513,0.05287771901309802,0.2698853590858048,0.04779987054544579,0.3176852296312506
132.5,0.6309883129485023,0.048199650173835214,0.2762922514058206,0.044519785471841884,0.32081203687766247
133.57142857142858,0.6317152985901648,0.04425264079647001,0.2823859298183237,0.04164613079504149,0.32403206061336526
134.64285714285714,0.631779021801752,0.040904918425737256,0.288194039298325,0.03912202047418579,0.32731605977251077
135.71428571428572,0.631311081033753,0.038051616606305086,0.29373840269065704,0.03689889966928483,0.3306373023599419
136.78571428571428,0.6304190549645412,0.03560887074641608,0.29903657052932053,0.034935503759722215,0.33397207428904274
137.85714285714286,0.6291910844151019,0.033509240299855844,0.3041028560528503,0.03319681923219214,0.33729967528504246
138.92857142857142,0.6276995876512238,0.031698177360570935,0.3089490997809735,0.03165313520723163,0.34060223498820513
140.0,0.6260042401033343,0.030131301259395633,0.31358524670851246,0.030279211928757512,0.34386445863727
140.0,0.6260042401033343,0.030131301259395633,0.31358524670851246,0.030279211928757512,0.34386445863727
141.25,0.6271495973741966,0.04292648969715991,0.29050997294631936,0.03941393998232405,0.3299239129286434
142.5,0.622911831070737,0.05966926423096632,0.26692775917430506,0.05049114552399163,0.31741890469829664
143.75,0.6127682212499898,0.08059351655987579,0.24311870579285838,0.063519556397276,0.30663826219013435
145.0,0.5967751313489597,0.10539566295766632,0.21949913446652297,0.07833007122685087,0.29782920569337384
145.0,0.5967751313489597,0.10539566295766632,0.21949913446652297,0.07833007122685087,0.29782920569337384
146.07142857142858,0.6036040467728995,0.09245719738895801,0.2319740244755721,0.07196473136257042,0.3039387558381425
147.14285714285714,0.6116158287827529,0.08119738276364805,0.241403639088602,0.06578314936499702,0.30718678845359904
148.21428571428572,0.6183245613195247,0.07179944720139111,0.24962467530739013,0.060251316171694,0.3098759914790841
149.28571428571428,0.6234127348149902,0.06400661301155923,0.25718062867048197,0.055400023502968604,0.31258065217345055
150.35714285714286,0.6270475595425837,0.05752799588803383,0.2642593164220128,0.051165128147369635,0.3154244445693824
151.42857142857142,0.6294715167804475,0.052114980219529414,0.2709453160754027,0.04746818692462035,0.31841350300002297
152.5,0.6309086744583615,0.047567284573974536,0.277288530825846,0.04423551014181791,0.3215240409676639
153.57142857142858,0.6315480738731784,0.04372572310016119,0.28332397778677487,0.04140222523988557,0.32472620302666044
154.64285714285714,0.6315453187189153,0.0404638638274578,0.28907833123277504,0.03891248622085179,0.32799081745362685
155.71428571428572,0.6310277312650033,0.03768094761070048,0.2945726627353761,0.03671865838892004,0.3312913211242961
156.78571428571428,0.6300995047454151,0.03529628102854717,0.2998239429354191,0.03478027129061873,0.3346042142260378
157.85714285714286,0.628846091755603,0.03324488358405956,0.3048460381302537,0.03306298653008375,0.33790902466033745
158.92857142857142,0.6273377687443797,0.031474125859725706,0.3096504435042156,0.031537661891679024,0.3411881053958946
160.0,0.6256324973363249,0.029941131721397955,0.3142468368933517,0.03017953404892547,0.3444263709422771
160.0,0.6256324973363249,0.029941131721397955,0.3142468368933517,0.03017953404892547,0.3444263709422771
161.25,0.626837526570241,0.042688578672887195,0.291177195567772,0.0392966991890997,0.33047389475687167
162.5,0.6227002583608918,0.059380166228706836,0.26756591363269333,0.0503536617777079,0.3179195754104012
163.75,0.6126673458229078,0.08025770509080188,0.24371300488974573,0.06336194419654458,0.3070749490862903
165.0,0.5967763575591853,0.10502705863976698,0.22004152407244085,0.07815505972860676,0.2981965838010476
165.0,0.5967763575591853,0.10502705863976698,0.22004152407244085,0.07815505972860676,0.2981965838010476
166.07142857142858,0.6035598491505986,0.09217828825152569,0.23244360331169212,0.0718182592861836,0.3042618625978757
167.14285714285714,0.61151599494523,0.08099310518107855,0.24182403944621209,0.06566686042747928,0.3074908998736913
168.21428571428572,0.6181811362496906,0.07165234823396004,0.2500055619629373,0.06016095355341204,0.31016651551634933
169.28571428571428,0.6232391867606976,0.0639025272238884,0.2575274425485592,0.05533084346685499,0.3128582860154142
170.35714285714286,0.6268549267535637,0.05745619350836578,0.2645758934390686,0.05111298629900202,0.31568887973807064
171.42857142857142,0.6292682131219204,0.052067456715006816,0.2712346601173729,0.04742967004569996,0.31866433016307283
172.5,0.6307009573105242,0.04753807510263436,0.2775531051499139,0.04420786243692742,0.3217609675868413
173.57142857142858,0.6313405379916794,0.043710368528563394,0.2835658541744073,0.04138323930534988,0.32494909347975715
174.64285714285714,0.6313413002675218,0.040459014978374334,0.28929928516757064,0.03890039958653327,0.32819968475410394
175.71428571428572,0.6308296184425086,0.03768407574752283,0.2947742407831502,0.036712065026818265,0.33148630580996846
176.78571428571428,0.6299089722406278,0.03530546647959581,0.3000075123460543,0.034778048933722064,0.3347855612797764
177.85714285714286,0.628664276763736,0.03325866109512216,0.3050128239989046,0.0330642381422372,0.33807706214114186
178.92857142857142,0.6271654032499926,0.03149137102364585,0.30980155666736225,0.031541669058999224,0.3413432257263615
180.0,0.6254700076697091,0.029960977181254612,0.31438329506589974,0.030185720083136563,0.3445690151490363
180.0,0.6254700076697091,0.029960977181254612,0.31438329506589974,0.030185720083136563,0.3445690151490363
181.25,0.6266719996119179,0.04272059660164836,0.2913020829419103,0.03930532084452346,0.3306074037864338
182.5,0.6225360292078818,0.0594275533258579,0.2676721674058715,0.050364250060388915,0.31803641746626043
183.75,0.6125040977468499,0.08032339180172637,0.2437985596603393,0.0633739507910845,0.3071725104514238
185.0,0.596612683897255,0.10511281767897261,0.22010676084288355,0.07816773758088881,0.29827449842377235
185.0,0.596612683897255,0.10511281767897261,0.22010676084288355,0.07816773758088881,0.29827449842377235
186.07142857142858,0.6034170702365222,0.09225695601895857,0.23249268005585305,0.07183329368866626,0.3043259737445193
187.14285714285714,0.6113859390306305,0.08106572334610242,0.24186395281544318,0.06568438480782392,0.30754833762326705
188.21428571428572,0.6180620865746508,0.07171910612266551,0.25003870667432737,0.0601801006283563,0.3102188073026837
189.28571428571428,0.623130684061911,0.06396365273907613,0.25755486927236565,0.055350793926647185,0.31290566319901286
190.35714285714286,0.6267566066471048,0.05751203471895846,0.26459822779349634,0.05113313084044044,0.3157313586339368
191.42857142857142,0.6291796099251394,0.05211843329387578,0.27125236746859166,0.04744958931239303,0.3187019567809847
192.5,0.630621514894015,0.04758462964350085,0.27756657453327555,0.0442272809292086,0.3217938554624841
193.57142857142858,0.631269650931073,0.04375293490346538,0.2835754294334907,0.041401984731970966,0.3249774141654616
194.64285714285714,0.6312783482900544,0.04049800079419207,0.2893052789745741,0.038918371941179454,0.32822365091575356
195.71428571428572,0.6307739896811712,0.037719854077115214,0.2947769421212294,0.03672921412048438,0.33150615624171376
196.78571428571428,0.6298600774233282,0.03533837319792907,0.300007191007753,0.034794358370989646,0.3348015493787427
197.85714285714286,0.6286215571069425,0.033288995408634135,0.30500973347832744,0.033079714006096037,0.3380894474844235
198.92857142857142,0.6271283342107428,0.03151939769083895,0.3097959361231312,0.031556331975287046,0.34135226809841823
200.0,0.6254381001394016,0.02998692951409702,0.31437537066052906,0.030199599685972373,0.3445749703465014
200.0,0.6254381001394016,0.02998692951409702,0.31437537066052906,0.030199599685972373,0.3445749703465014
201.25,0.6266330102199235,0.042756090538489985,0.29128857434627276,0.0393223248953138,0.3306108992415866
202.5,0.6224878259842167,0.05947421886152263,0.2676534835493675,0.050384471604893184,0.3180379551542607
203.75,0.6124455261245273,0.0803819777036641,0.24377533466222245,0.063397161509586,0.3071724961718084
205.0,0.5965439635989307,0.10518267055108818,0.22008001923458811,0.07819334661539294,0.29827336584998104
205.0,0.5965439635989307,0.10518267055108818,0.22008001923458811,0.07819334661539294,0.29827336584998104
206.07142857142858,0.6033617021121427,0.09231538651124514,0.23246631588038236,0.07185659549622982,0.30432291137661216
207.14285714285714,0.6113414113971454,0.08111460378038605,0.2418386252595174,0.0657053595629512,0.3075439848224686
208.21428571428572,0.6180264727341817,0.0717601720225032,0.2500144784187668,0.06019887682454839,0.31021335524331517
209.28571428571428,0.6231024618647691,0.0639983408294256,0.25753164349003066,0.05536755381577449,0.3128991973058052
210.35714285714286,0.626734536700667,0.05754150480219996,0.26457588458956316,0.05114807390756991,0.3157239584971331
211.42857142857142,0.6291626691847453,0.052143616120702514,0.27123080133614047,0.04746291335841167,0.3186937146945521
212.5,0.6306088544757263,0.04760627196793228,0.2775457015479855,0.04423917200835581,0.32178487355634133
213.57142857142858,0.6312605646916344,0.043771637108743565,0.2835551857941191,0.04141261240550292,0.324967798199622
214.64285714285714,0.6312722475575083,0.04051424720955482,0.289285617522794,0.03892788771014293,0.32821350523293696
215.71428571428572,0.6307703824902615,0.03773403704065722,0.2947578288093987,0.03673775165968249,0.3314955804690812
216.78571428571428,0.6298585514311199,0.03535081201688262,0.299988601852108,0.034802034699889406,0.3347906365519974
217.85714285714286,0.6286217656062094,0.03329995125251672,0.3049916520607886,0.033086631080485256,0.3380782831412738
218.92857142857142,0.627129984701131,0.03152908528245536,0.3097783516176452,0.03156257839876854,0.34134093001641375
220.0,0.6254409450393769,0.029995526315642954,0.3143582762682803,0.0302052523767,0.3445635286449803
220.0,0.6254409450393769,0.029995526315642954,0.3143582762682803,0.0302052523767,0.3445635286449803
221.25,0.626633203615558,0.04276739055758332,0.29127024995707185,0.039329155869786935,0.33059940582685876
222.5,0.6224840558286772,0.05948856898820942,0.26763480005995044,0.05039257512316306,0.31802737518311347
223.75,0.612437335782306,0.08039938383957182,0.24375677978121005,0.06340650059691216,0.3071632803781222
225.0,0.5965315784849169,0.10520267026059703,0.22006200587384403,0.07820374538064225,0.29826575125448623
225.0,0.5965315784849169,0.10520267026059703,0.22006200587384403,0.07820374538064225,0.29826575125448623
226.07142857142858,0.6033528658980245,0.09233140861109533,0.23245008519652238,0.07186564029435787,0.30431572549088026
227.14285714285714,0.6113358634446298,0.0811273176539822,0.24182376474922365,0.06571305415216448,0.3075368189013881
228.21428571428572,0.6180235674974014,0.07177027145457295,0.2500007760079961,0.06020538504002943,0.3102061610480255
229.28571428571428,0.6231016029551597,0.06400639210774617,0.2575189519796608,0.055373052957433375,0.3128920049370941
230.35714285714286,0.6267352387866074,0.05754794843289468,0.2645640890989348,0.05115272368156317,0.31571681278049796
231.42857142857142,0.6291645486749966,0.05214879150785846,0.27121980912144084,0.04746685069570405,0.3186866598171449
232.5,0.6306116103349201,0.04761044078898735,0.2775354367685289,0.04424251210756354,0.32177794887609246
233.57142857142858,0.6312639609611318,0.04377500190908009,0.28354558580044764,0.04141545132934061,0.32496103712978824
234.64285714285714,0.6312760992090161,0.04051696558706823,0.2892766299757766,0.0389303052281391,0.32820693520391564
235.71428571428572,0.6307745443265584,0.03773623233945022,0.29474940942459604,0.03673981390939535,0.3314892233339914
236.78571428571428,0.6298629094585652,0.03535258136881231,0.29998071264700205,0.03480379652562047,0.33478450917262254
237.85714285714286,0.6286262303503009,0.03330137163174904,0.30498425999512646,0.03308813802282362,0.3380723980179501
238.92857142857142,0.6271344860180504,0.031530218077605345,0.3097714275500264,0.0315638683543178,0.34133529590434425
240.0,0.6254454280889182,0.02999642079627786,0.3143517941482502,0.030206356966553556,0.34455815111480376
240.0,0.6254454280889182,0.02999642079627786,0.3143517941482502,0.030206356966553556,0.34455815111480376
241.25,0.6266372931214874,0.042768428805004796,0.29126380594264195,0.039330472130865775,0.3305942780735077
242.5,0.6224874179044078,0.05948972606180828,0.2676287200359931,0.05039413599779083,0.31802285603378394
243.75,0.6124398936191018,0.08040058121838425,0.24375121010721204,0.06340831505530196,0.307159525162514
245.0,0.5965334027190913,0.1052037758074662,0.22005702278569342,0.07820579868774898,0.2982628214734424
245.0,0.5965334027190913,0.1052037758074662,0.22005702278569342,0.07820579868774898,0.2982628214734424
246.07142857142858,0.6033548358203826,0.0923320293450168,0.23244582286939194,0.07186731196520875,0.30431313483460065
247.14285714285714,0.6113381196319997,0.08112754190211538,0.24181998326407003,0.06571435520181487,0.3075343384658849
248.21428571428572,0.618026031229282,0.07177021099199259,0.24999737918171197,0.0602063785970134,0.3102037577787254
249.28571428571428,0.6231041762942072,0.06400613578413811,0.25751588683029536,0.05537380109135946,0.3128896879216548
250.35714285714286,0.6267378424535757,0.05754756085131939,0.2645613185925396,0.05115327810256532,0.315714596695105
251.42857142857142,0.6291671246080742,0.05214831850795806,0.27121730416551726,0.047467252718450516,0.3186845568839678
252.5,0.6306141177621637,0.04760991462675058,0.27753317329043764,0.04424279432064816,0.3217759676110858
253.57142857142858,0.6312663721539223,0.043774445181763356,0.28354354332559534,0.041415639338719036,0.3249591826643144
254.64285714285714,0.6312783960426366,0.04051639405611512,0.2892747907568166,0.03893041914443165,0.32820520990124824
255.71428571428572,0.6307767156828693,0.03773565693155066,0.29474775783951257,0.03673986954606744,0.3314876273855801
256.7857142857143,0.629864949306276,0.03535200958963153,0.29997923476102506,0.0348038063430674,0.33478304110409246
257.85714285714283,0.628628136335939,0.0333008085652794,0.30498294323385683,0.03308811186492475,0.3380710550987816
258.92857142857144,0.6271362584319121,0.031529667093984214,0.30977026045375583,0.0315638140203478,0.34133407447410363
260.0,0.6254470691061259,0.02999588405441033,0.3143507661848582,0.030206280654605552,0.34455704683946375
260.0,0.6254470691061259,0.02999588405441033,0.3143507661848582,0.030206280654605552,0.34455704683946375
261.25,0.6266390423538841,0.04276766505808357,0.2912629192504358,0.03933037333759651,0.3305932925880323
262.5,0.6224892692614703,0.05948868690816628,0.2676280240191241,0.05039401981123923,0.3180220438303633
263.75,0.6124418611907534,0.08039923089592586,0.24375071835760975,0.06340818955571098,0.30715890791332073
265.0,0.5965354928186253,0.10520210463492909,0.2200567268771683,0.0782056756692775,0.2982624025464458
265.0,0.5965354928186253,0.10520210463492909,0.2200567268771683,0.0782056756692775,0.2982624025464458
266.07142857142856,0.6033566209654325,0.09233057279869264,0.2324456531601018,0.07186715307577299,0.3043128062358748
267.14285714285717,0.6113396859543262,0.08112626723249564,0.24181987992255743,0.06571416689062076,0.3075340468131782
268.2142857142857,0.6180274114376357,0.071769092763672,0.24999732285323337,0.06020617294545882,0.3102034957986922
269.2857142857143,0.6231053900595045,0.06400515211671448,0.25751586986011105,0.05537358796366987,0.3128894578237809
270.35714285714283,0.6267389060623321,0.05754669272444933,0.26456133680580934,0.051153064407409216,0.3157144012132186
271.42857142857144,0.6291680529576685,0.05214754953109707,0.271217354514529,0.04746704299670537,0.31868439751123434
272.5,0.6306149246353145,0.047609230803160874,0.2775332531490991,0.04424259141242541,0.3217758445615245
273.57142857142856,0.6312670701944032,0.04377383463296234,0.2835436502636321,0.04141544490900228,0.3249590951726343
274.64285714285717,0.6312789967382869,0.0405158467362463,0.2892749224627942,0.03893023406267263,0.32820515652546683
275.7142857142857,0.6307772293973577,0.03773516435623449,0.2947479120942563,0.03673969415215154,0.33148760624640783
276.7857142857143,0.6298653853472668,0.035351564592106255,0.2999794094293892,0.034803640631237684,0.3347830500606269
277.85714285714283,0.628628503042127,0.033300405084232494,0.3049831362636914,0.033087955609949246,0.33807109187364065
278.92857142857144,0.6271365632666054,0.03152929999274047,0.3097704698771511,0.031563666863503155,0.34133413674065427
280.0,0.6254473187489287,0.02999554896887222,0.3143509901203129,0.030206142161886128,0.34455713228219903
280.0,0.6254473187489287,0.02999554896887222,0.3143509901203129,0.030206142161886128,0.34455713228219903
281.25,0.6266393807674644,0.042767213825185786,0.29126319996513567,0.03933020544221417,0.3305934054073498
282.5,0.6224897289690952,0.05948810057923238,0.2676283489607895,0.050393821490882985,0.3180221704516725
283.75,0.6124424562645944,0.08039850169060557,0.24375107854446604,0.06340796350033408,0.3071590420448001
285.0,0.5965362184657349,0.10520124186633503,0.22005711115303309,0.07820542851489708,0.29826253966793015
285.0,0.5965362184657349,0.10520124186633503,0.22005711115303309,0.07820542851489708,0.29826253966793015
286.07142857142856,0.6033571988393618,0.09232985689169079,0.2324460176167959,0.07186692665215151,0.3043129442689474
287.14285714285717,0.6113401385230762,0.08112567436985646,0.24182022366222025,0.06571396344484703,0.3075341871070673
288.2142857142857,0.61802776102578,0.0717685998026163,0.249997647472105,0.060205991699498744,0.31020363917160376
289.2857142857143,0.6231056554094417,0.0640047399021215,0.2575161775056974,0.05537342718273937,0.31288960468843674
290.35714285714283,0.6267391025313298,0.05754634593837975,0.26456162947196155,0.05115292205832897,0.31571455153029054
291.42857142857144,0.6291681930996393,0.052147256013640474,0.2712176338608714,0.04746691702584872,0.3186845508867201
