Generation,xOC,xOB,xMMd,xMMr,total xMM
0.0,0.26666666666666666,0.4,0.26666666666666666,0.06666666666666667,0.3333333333333333
0.5042016806722689,0.4085890786166227,0.31790828171296287,0.21886329705026814,0.05463934262014627,0.2735026396704144
1.0084033613445378,0.4737462698961484,0.27589572265895385,0.20097019534720026,0.04938781209769757,0.25035800744489783
1.5126050420168067,0.5094106689837506,0.2494755287106581,0.19441613649976802,0.04669766580582327,0.2411138023055913
2.0168067226890756,0.5313515932755413,0.2304700867295451,0.19301916765958535,0.045159152335328225,0.23817831999491357
2.5210084033613445,0.5461519658801268,0.21548865435316278,0.19417470213523438,0.04418467763147597,0.23835937976671034
3.0252100840336134,0.5569241926835129,0.20294081613576323,0.19663562408364682,0.04349936709707703,0.24013499118072384
3.5294117647058822,0.565255825453945,0.19201695082339787,0.19976066821930746,0.04296655550334975,0.2427272237226572
4.033613445378151,0.5720000500903253,0.1822766187684569,0.2032070543483246,0.04251627679289323,0.24572333114121783
4.53781512605042,0.5776355891067989,0.17346396895775357,0.20678803648190305,0.04211240545354448,0.24890044193544755
5.042016806722689,0.5824429124633957,0.16541932318087277,0.21040132172855724,0.04173644262717443,0.25213776435573165
5.546218487394958,0.5865945988612253,0.15803500723651093,0.21399122907334292,0.041379164828920685,0.2553703939022636
6.050420168067227,0.5902030702382569,0.15123264927210692,0.21752806294318935,0.04103621754644665,0.258564280489636
6.554621848739496,0.5933463301571869,0.14495124704806656,0.2209966606837142,0.04070576211103245,0.26170242279474665
7.0588235294117645,0.5960820633030279,0.1391407575433623,0.2243899640657938,0.04038721508781577,0.26477717915360954
7.563025210084033,0.5984554699636697,0.13375856343423106,0.22770539015612068,0.04008057644597866,0.2677859666020993
8.067226890756302,0.6005036879462049,0.12876745723743796,0.2309427780229417,0.03978607679341549,0.27072885481635717
8.571428571428571,0.6022583416566025,0.12413443532035587,0.2341032258389129,0.039503997184128656,0.2736072230230416
9.07563025210084,0.6037470433182855,0.11982993397545964,0.2371884398470021,0.03923458285925272,0.2764230227062548
9.579831932773109,0.6049943172132467,0.11582730797657947,0.24020036874103698,0.03897800606913675,0.27917837481017377
10.084033613445378,0.606022187249783,0.11210245055160005,0.2431410068537329,0.03873435534488407,0.281875362198617
10.588235294117647,0.6068505786758649,0.10863349614640874,0.2460122879744912,0.03850363720323513,0.2845159251777264
11.092436974789916,0.6074976021314115,0.1054005778346449,0.24881603578592348,0.038285784248020135,0.28710182003394363
11.596638655462185,0.6079797710011755,0.10238562084150615,0.2515539428346472,0.03808066532267116,0.2896346081573184
12.100840336134453,0.6083121747230734,0.09957216291248777,0.25422756635976357,0.03788809600467516,0.2921156623644387
12.605042016806722,0.6085086243499588,0.09694519516138925,0.25683833223827984,0.03770784825037212,0.294546180488652
13.109243697478991,0.6085817749496754,0.09449102072034236,0.2593875451207371,0.03753965920924529,0.2969272043299824
13.61344537815126,0.6085432256942962,0.09219713155737376,0.2618764027080897,0.03738324004024023,0.29925964274832995
14.117647058823529,0.6084036272192156,0.09005209026181106,0.2643060016471888,0.03723828087178469,0.30154428251897347
14.621848739495798,0.6081727662638542,0.08804542931752955,0.2666773477463291,0.03710445667228728,0.3037818044186164
15.126050420168067,0.6078596297444335,0.08616756158205151,0.2689913757193053,0.03698143295420958,0.3059728086735149
15.630252100840336,0.6074724770744825,0.08440969641172678,0.271248957399737,0.036868869114053834,0.3081178265137908
16.134453781512605,0.6070189098219717,0.08276376458646087,0.2734509043024797,0.036766421289087685,0.3102173255915674
16.63865546218487,0.6065059239635064,0.08122235113116597,0.2755979799896028,0.03667374491572488,0.3122717249053276
17.142857142857142,0.605939954795089,0.07977863630254256,0.27769091144577623,0.036590497456592194,0.31428140890236844
17.647058823529413,0.6053269302138929,0.0784263398815824,0.2797303903776294,0.03651633952689529,0.31624672990452474
18.15126050420168,0.6046723082626819,0.0771596725884524,0.28171708267417217,0.03645093647469351,0.3181680191488657
18.655462184873947,0.6039811166662149,0.07597329146000056,0.28365163260243964,0.03639395927134499,0.3200455918737847
19.159663865546218,0.6032579861872471,0.07486226017008578,0.285534668141918,0.03634508550074903,0.3218797536426671
19.66386554621849,0.6025071823369798,0.07382201273173367,0.2873668050569168,0.036303999874369726,0.3236708049312866
20.168067226890756,0.6017326339786154,0.07284832086503014,0.2891486504610505,0.036270394695303874,0.32541904515635434
20.672268907563023,0.6009379584589098,0.07193726442870754,0.2908808070212485,0.036243970091134024,0.3271247771123826
21.176470588235293,0.6001264860954189,0.07108520444565841,0.292563875418553,0.03622443404036965,0.3287883094589227
21.680672268907564,0.5993012827720089,0.07028876019697279,0.2941984535429396,0.03621150348807864,0.3304099570310182
22.18487394957983,0.5984651679379482,0.06954478527844785,0.29578514398780337,0.03620490279580065,0.331990046783604
22.6890756302521,0.597620732451396,0.06885034921091124,0.2973245535302492,0.03620436480744344,0.3335289183376927
23.19327731092437,0.5967703556407784,0.06820271905660398,0.29881729478496577,0.03620963051765183,0.33502692530261763
23.69747899159664,0.595916223091187,0.06759934263333736,0.3002639855407932,0.03622044873468255,0.33648443427547575
24.201680672268907,0.5950603385847337,0.06703783391000662,0.30166525144954276,0.036236576055716826,0.33790182750525954
24.705882352941174,0.5942045363691962,0.06651595973846104,0.3030217269790753,0.03625777691326741,0.3392795038923427
25.210084033613445,0.5933504929012045,0.06603162733566403,0.3043340565528594,0.0362838232102723,0.3406178797631317
25.714285714285715,0.5924997404919392,0.06558287283401441,0.30560289269136387,0.03631449398268249,0.34191738667404636
26.218487394957982,0.5916536757633939,0.0651678513157339,0.306828897548347,0.036349575372525166,0.34317847292087217
26.72268907563025,0.5908135688304313,0.06478482752609016,0.308012743229538,0.03638886041394039,0.3444016036434784
27.22689075630252,0.5899805730574066,0.06443216724273378,0.30915511096308296,0.036432148736776665,0.34558725969985965
27.73109243697479,0.589155732153809,0.06410832967792135,0.31025669168721803,0.036479246481051615,0.34673593816826964
28.235294117647058,0.5883399885001644,0.06381186027904821,0.31131818525375105,0.03652996596703617,0.3478481512207872
28.739495798319325,0.5875341899149392,0.06354138431016883,0.31234030024626985,0.03658412552862205,0.34892442577489186
29.243697478991596,0.5867390963161433,0.06329560092795435,0.31332375344214697,0.03664154931375529,0.34996530275590226
29.747899159663866,0.5859553857097626,0.06307327779679824,0.3142692694087691,0.03670206708467006,0.35097133649343915
30.252100840336134,0.585183660045733,0.06287324612248517,0.31517757980545946,0.03676551402632251,0.35194309383178196
30.7563025210084,0.5844244503067983,0.0626943961707561,0.3160494229584673,0.03683173056397819,0.3528811535224455
31.26050420168067,0.5836782218421503,0.06253567307144618,0.3168855429141381,0.03690056217226529,0.3537861050864034
31.764705882352942,0.5829453787739589,0.06239607306729379,0.3176866889435368,0.036971859215210456,0.35465854815874726
32.26890756302521,0.5822262684391374,0.0622746400265773,0.31845361475555584,0.0370454767787295,0.3554990915342853
32.773109243697476,0.581521185330769,0.06217046229695694,0.3191870778573504,0.03712127451492366,0.35630835237227404
33.27731092436974,0.5808303752762901,0.06208266972947034,0.31988783852150404,0.03719911647273547,0.3570869549942395
33.78151260504202,0.5801540387763701,0.06201043104587568,0.32055665920875986,0.03727887096899438,0.35783553017775427
34.285714285714285,0.5794923343268877,0.06195295139701374,0.3211943038229212,0.03736041045317748,0.35855471427609864
34.78991596638655,0.5788453816886725,0.06190947009673315,0.3218015368465442,0.037443611368050106,0.35924514821459436
35.294117647058826,0.5782132647037826,0.061879258615903286,0.3223791226524675,0.037528354027846635,0.3599074766803141
35.79831932773109,0.5775960344264933,0.06186161860931762,0.322927824483946,0.037614522480243225,0.3605423469641892
36.30252100840336,0.5769937113333867,0.061855880255300706,0.32344840399200225,0.03770200441931032,0.3611504084113126
36.80672268907563,0.5764062878193374,0.061861400657798826,0.3239416204491059,0.03779069107375777,0.3617323115228636
37.310924369747895,0.5758337307000964,0.061877562335727,0.32440822987665674,0.037880477087519814,0.36228870696417653
37.81512605042017,0.5752759829181482,0.06190377204023887,0.32484898458797445,0.03797126045363832,0.3628202450416128
38.319327731092436,0.5747329662272577,0.06193945933585071,0.32526463206391587,0.03806294237297588,0.3633275744368918
38.8235294117647,0.5742045826696963,0.06198407556188676,0.32565591457276916,0.03815542719564779,0.36381134176841695
39.32773109243698,0.5736907161113506,0.06203709283084967,0.32602356870137505,0.038248622356424795,0.3642721910577999
39.831932773109244,0.5731912341962375,0.06209800303374722,0.32636832450011743,0.03834243826989785,0.3647107627700153
40.33613445378151,0.5727059898957366,0.06216631693198966,0.32669090492033903,0.03843678825193476,0.3651276931722738
40.84033613445378,0.5722348225636699,0.06224156356409328,0.3269920253811796,0.038531588491057166,0.3655236138722368
41.344537815126046,0.5717775600022065,0.06232328922270865,0.3272723928648063,0.038626757910278704,0.36589915077508506
41.84873949579832,0.5713340193703339,0.06241105684782941,0.32753270565349446,0.03872221812834221,0.3662549237818366
42.35294117647059,0.5709040079783003,0.06250444550100458,0.3277736530858344,0.038817893434860765,0.3665915465206952
42.857142857142854,0.5704873244830958,0.06260304979273905,0.3279959149969561,0.03891371072720905,0.3669096257241651
43.36134453781513,0.5700837603306718,0.0627064791972217,0.3282001610647212,0.03900959940738523,0.36720976047210646
43.865546218487395,0.5696931004395284,0.06281435760754775,0.32838705060195306,0.039105491350970946,0.367492541952924
44.36974789915966,0.5693151239648919,0.0629263230448043,0.32855723210371174,0.03920132088659197,0.3677585529903037
44.87394957983193,0.5689496054949255,0.06304202703250929,0.32871134277306047,0.03929702469950483,0.36800836747256527
45.3781512605042,0.568596315775903,0.06316113401859137,0.32885000845327966,0.039392541752225896,0.36824255020550556
45.88235294117647,0.5682550217390279,0.06328332151377278,0.32897384338210645,0.03948781336509279,0.3684616567471993
46.38655462184874,0.5679254874096021,0.06340827935835901,0.32908345013576407,0.039582783096274894,0.36866623323203895
46.890756302521005,0.5676074748965036,0.06353570935217173,0.3291794190871433,0.03967739666418139,0.36885681575132473
47.39495798319328,0.567300744666294,0.06366532523000326,0.32926232812786715,0.03977160197583569,0.36903393010370283
47.89915966386555,0.5670050563494213,0.06379685202294824,0.3293327426195876,0.03986534900804296,0.36919809162763056
48.403361344537814,0.5667201688009883,0.06393002615717677,0.32939121518029674,0.03995858986153819,0.36934980504183496
48.90756302521008,0.5664458408658029,0.06406459481703523,0.3294382856781718,0.04005127863899024,0.369489564317162
49.41176470588235,0.5661818315295553,0.06420031571831004,0.3294744813289719,0.04014337142316271,0.3696178527521346
49.91596638655462,0.5659279001991808,0.06433695731287654,0.32950031615173,0.04023482633621272,0.3697351424879427
50.42016806722689,0.5656838072477784,0.06447429773446434,0.3295162916865334,0.040325603331223876,0.3698418950177573
50.924369747899156,0.5654493141082861,0.0646121255755107,0.3295228959471972,0.04041566436900595,0.36993856031620315
51.42857142857143,0.5652241839708555,0.06475023850594532,0.3295206043939247,0.040504973129274466,0.3700255775231992
51.9327731092437,0.5650081816584497,0.06488844428348758,0.32950987881340094,0.040593495244661874,0.3701033740580628
52.436974789915965,0.5648010740404719,0.06502655934488903,0.3294911685978193,0.04068119801681995,0.37017236661463926
52.94117647058823,0.5646026301850406,0.06516440939955426,0.329464909866495,0.04076805054891009,0.37023296041540515
53.4453781512605,0.5644126212793908,0.06530182895205841,0.3294315260958139,0.0408540236727368,0.3702855497685507
53.94957983193277,0.5642308211768833,0.06543866063347581,0.32939142838911895,0.04093908980052197,0.3703305181896409
54.45378151260504,0.5640570060704841,0.06557475612620142,0.3293450146571159,0.041023223146198516,0.3703682378033144
54.95798319327731,0.5638909550486804,0.06570997498506398,0.32929267049492655,0.04110639947132924,0.37039906996625577
55.46218487394958,0.5637324503692868,0.0658441847612079,0.32923476875864705,0.0411885961108584,0.3704233648695054
55.96638655462185,0.5635812775225713,0.06597726065928756,0.3291716699069539,0.041269791911187216,0.37044146181814114
56.470588235294116,0.563437225075721,0.0661090854906079,0.3291037221896512,0.0413499672440198,0.3704536894336711
56.97478991596638,0.5633000848857045,0.06623954931297042,0.32903126187015047,0.04142910393117474,0.3704603658013252
57.47899159663865,0.5631696515498723,0.06636854956926279,0.3289546135619866,0.0415071853188784,0.370461798880865
57.983193277310924,0.5630457224307357,0.0664959904774718,0.3288740909312022,0.041584196160590246,0.3704582870917924
58.48739495798319,0.5629280987383071,0.0666217830825068,0.3287899956050476,0.04166012257413853,0.37045011817918616
58.99159663865546,0.5628165859789543,0.066745844819545,0.32870261726828065,0.04173495193322002,0.3704375692015007
59.49579831932773,0.5627109932242222,0.06686809945392566,0.32861223441439547,0.04180867290745658,0.370420907321852
60.0,0.5626111318681839,0.06698847703964247,0.3285191155536842,0.04188127553848943,0.3704003910921736
60.0,0.5626111318681839,0.06698847703964247,0.3285191155536842,0.04188127553848943,0.3704003910921736
61.333333333333336,0.5241686244385443,0.08676777402042114,0.3364375160143712,0.05262608552666337,0.3890636015410346
62.666666666666664,0.5112069473449747,0.10422834759093784,0.3229353227364329,0.061629382327654574,0.38456470506408746
64.0,0.5056387004732101,0.12118669700378325,0.30284932052895464,0.0703252819940519,0.37317460252300655
64.0,0.5056387004732101,0.12118669700378325,0.30284932052895464,0.0703252819940519,0.37317460252300655
65.33333333333333,0.5486338323646819,0.10736447010241637,0.28056141522566486,0.06344028230723692,0.3440016975329018
66.66666666666667,0.5601837160023034,0.10086995053164322,0.2781432817430108,0.06080305172304256,0.33894633346605335
68.0,0.5647416374183846,0.09628113472646602,0.27985395128040175,0.05912327657474757,0.33897722785514933
68.0,0.5647416374183846,0.09628113472646602,0.27985395128040175,0.05912327657474757,0.33897722785514933
69.33333333333333,0.5255604633017991,0.11994964980761157,0.28176885080164077,0.07272103608894849,0.3544898868905893
70.66666666666667,0.5099333003801783,0.13913139009492614,0.2673121138662718,0.08362319565862363,0.3509353095248954
72.0,0.5010045271063117,0.15649736519035928,0.248676644388257,0.09382146331507213,0.34249810770332917
72.0,0.5010045271063117,0.15649736519035928,0.248676644388257,0.09382146331507213,0.34249810770332917
73.33333333333333,0.5458611663739993,0.13406632446857988,0.23704756404785346,0.08302494510956719,0.3200725091574207
74.66666666666667,0.560664963261289,0.1215800506899596,0.24003333171929786,0.07772165432945358,0.3177549860487514
76.0,0.5683446029791885,0.11224567772076133,0.24561730425811099,0.07379241504193909,0.3194097193000501
76.0,0.5683446029791885,0.11224567772076133,0.24561730425811099,0.07379241504193909,0.3194097193000501
77.33333333333333,0.5289476977002302,0.1363378042561093,0.24543358109999358,0.08928091694366702,0.33471449804366066
78.66666666666667,0.5118001203685808,0.15480739546466057,0.2320797895655401,0.1013126946012186,0.3333924841667587
80.0,0.5010898707035835,0.1708255743030656,0.21576528114946322,0.11231927384388779,0.32808455499335104
80.0,0.5010898707035835,0.1708255743030656,0.21576528114946322,0.11231927384388779,0.32808455499335104
81.33333333333333,0.5476988997012961,0.143370897258837,0.21106888480838393,0.09786131823148286,0.3089302030398668
82.66666666666667,0.5651630540469276,0.1272487201231557,0.21765820175709535,0.08993002407282129,0.3075882258299167
84.0,0.5750756480483721,0.11519937111931017,0.22586399629051962,0.08386098454179816,0.30972498083231775
84.0,0.5750756480483721,0.11519937111931017,0.22586399629051962,0.08386098454179816,0.30972498083231775
85.33333333333333,0.5360972148271718,0.13823980618316672,0.22524723121657306,0.10041574777308827,0.32566297898966134
86.66666666666667,0.5182338293398678,0.155548349466722,0.21315376896620197,0.11306405222720821,0.3262178211934102
88.0,0.5065776799539502,0.1703429709407055,0.19858881767736797,0.12449053142797632,0.3230793491053443
88.0,0.5065776799539502,0.1703429709407055,0.19858881767736797,0.12449053142797632,0.3230793491053443
89.33333333333333,0.5537438781493599,0.14142919561088543,0.1976220001480721,0.10720492609168257,0.3048269262397547
90.66666666666667,0.5724156815458005,0.12415141535586216,0.20617829126020376,0.09725461183813343,0.3034329030983372
92.0,0.5832199907077604,0.11133053568554735,0.2158344235974411,0.0896150500092511,0.3054494736066922
92.0,0.5832199907077604,0.11133053568554735,0.2158344235974411,0.0896150500092511,0.3054494736066922
93.33333333333333,0.5447330999404891,0.13315325398993824,0.21537526537384852,0.10673838069572403,0.32211364606957255
94.66666666666667,0.5264931035011391,0.14957740645595158,0.20419837988346368,0.11973111015944567,0.32392949004290933
96.0,0.5142611618008645,0.16365192002888965,0.19069033184717687,0.13139658632306908,0.322086918170246
96.0,0.5142611618008645,0.16365192002888965,0.19069033184717687,0.13139658632306908,0.322086918170246
97.33333333333333,0.561038867750292,0.1352341816799097,0.19147579139403068,0.11225115917576771,0.30372695056979837
98.66666666666667,0.5798252040286613,0.11818829385832479,0.2009699609765858,0.10101654113642806,0.30198650211301387
100.0,0.5906260793259251,0.10561897685856712,0.21133169495206802,0.09242324886343965,0.3037549438155077
100.0,0.5906260793259251,0.10561897685856712,0.21133169495206802,0.09242324886343965,0.3037549438155077
101.33333333333333,0.5525175299904764,0.12645132545522103,0.21118850959182142,0.10984263496248121,0.32103114455430265
102.66666666666667,0.5340761365789164,0.14229368397511788,0.2005977171844235,0.1230324622615424,0.3236301794459659
104.0,0.5214960395949293,0.15598965240847013,0.18767099464636053,0.13484331335024005,0.3225143079966006
104.0,0.5214960395949293,0.15598965240847013,0.18767099464636053,0.13484331335024005,0.3225143079966006
105.33333333333333,0.567505252756288,0.12872776494474072,0.1891478982022648,0.11461908409670644,0.30376698229897126
106.66666666666667,0.5858982382581066,0.11239985194952458,0.19902558649670202,0.10267632329566675,0.30170190979236877
108.0,0.5963167934051463,0.10041333082685074,0.20968794171742122,0.0935819340505817,0.3032698757680029
108.0,0.5963167934051463,0.10041333082685074,0.20968794171742122,0.0935819340505817,0.3032698757680029
109.33333333333333,0.5584616214611343,0.12052791827830246,0.20985903128991606,0.11115142897064716,0.32101046026056324
110.66666666666667,0.5399266677898326,0.13599844501084613,0.19962278282409138,0.12445210437522987,0.32407488719932126
112.0,0.5271574887128478,0.14949684180374778,0.18699556236586184,0.13635010711754253,0.3233456694834044
112.0,0.5271574887128478,0.14949684180374778,0.18699556236586184,0.13635010711754253,0.3233456694834044
113.33333333333333,0.5723950674080873,0.12339942667503268,0.18864667681029332,0.11555882910658667,0.30420550591688
114.66666666666667,0.5902742058555955,0.10781944598823309,0.1986365065711003,0.10326984158507116,0.30190634815617146
116.0,0.600241874039909,0.09641517671540334,0.20939815582859647,0.093944793416091,0.30334294924468747
116.0,0.600241874039909,0.09641517671540334,0.20939815582859647,0.093944793416091,0.30334294924468747
117.33333333333333,0.5625440242217842,0.11604205245001245,0.20982630243931866,0.11158762088888466,0.3214139233282033
118.66666666666667,0.5439779956406716,0.1312796662653096,0.19979463827307298,0.12494769982094574,0.3247423380940187
120.0,0.5311211992055844,0.14467518824722958,0.18730884733116876,0.13689476521601726,0.32420361254718605
120.0,0.5311211992055844,0.14467518824722958,0.18730884733116876,0.13689476521601726,0.32420361254718605
121.33333333333333,0.575739667971295,0.11951835061462114,0.18891152890613216,0.1158304525079516,0.3047419814140838
122.66666666666667,0.5931622733446613,0.10455035736485876,0.19889439096961334,0.10339297832086655,0.30228736929047983
124.0,0.6027433640382409,0.0936140184749024,0.20966418835054762,0.09397842913630894,0.30364261748685656
124.0,0.6027433640382409,0.0936140184749024,0.20966418835054762,0.09397842913630894,0.30364261748685656
125.33333333333333,0.5651369971348534,0.11292666788174616,0.2102807888347215,0.11165554614867898,0.32193633498340046
126.66666666666667,0.5465707313446003,0.1280237646975307,0.20036009266900226,0.12504541128886668,0.3254055039578689
128.0,0.5336829598157153,0.1413683892170352,0.18793086338115245,0.13701778758609703,0.32494865096724945
128.0,0.5336829598157153,0.1413683892170352,0.18793086338115245,0.13701778758609703,0.32494865096724945
129.33333333333334,0.5778614745152115,0.11689240467812298,0.1894117672456658,0.11583435356099968,0.30524612080666547
130.66666666666666,0.5949384660360661,0.10237079853593356,0.19934543997512588,0.10334529545287437,0.30269073542800023
132.0,0.6042324099457492,0.09177227248802607,0.21008854843042257,0.09390676913580197,0.30399531756622455
132.0,0.6042324099457492,0.09177227248802607,0.21008854843042257,0.09390676913580197,0.30399531756622455
133.33333333333334,0.5666753658917778,0.11089290336901027,0.21083248613193226,0.11159924460727991,0.32243173073921216
134.66666666666666,0.5481206483333779,0.12590990568999083,0.20096664944744713,0.12500279652918406,0.3259694459766312
136.0,0.5352292340480238,0.13923264163864277,0.18855136403275533,0.13698676028057818,0.3255381243133335
136.0,0.5352292340480238,0.13923264163864277,0.18855136403275533,0.13698676028057818,0.3255381243133335
137.33333333333334,0.5791201293236131,0.11521525686745857,0.18990613659005842,0.11575847721886971,0.3056646138089281
138.66666666666666,0.5959595659142722,0.10099606594324546,0.19978431250966966,0.10326005563281261,0.30304436814248226
140.0,0.6050586472169055,0.0906247781831581,0.2104928574092045,0.09382371719073193,0.30431657459993644
140.0,0.6050586472169055,0.0906247781831581,0.2104928574092045,0.09382371719073193,0.30431657459993644
141.33333333333334,0.5675255591799229,0.109634665822957,0.2113168829754779,0.1115228920216422,0.32283977499712013
142.66666666666666,0.5489844511712939,0.12460945349962191,0.20147413910281056,0.12493195622627358,0.32640609532908416
144.0,0.5361001158655926,0.1379258029369276,0.18905385417171802,0.13692022702576176,0.3259740811974798
144.0,0.5361001158655926,0.1379258029369276,0.18905385417171802,0.13692022702576176,0.3259740811974798
145.33333333333334,0.5798156283842391,0.11419987970958503,0.1903047979783677,0.11567969392780822,0.3059844919061759
146.66666666666666,0.5965033290197789,0.10017386789413901,0.20013566368569216,0.10318713940038991,0.30332280308608206
148.0,0.6054792404453933,0.08994689628757382,0.21081323597793264,0.0937606272891003,0.30457386326703295
148.0,0.6054792404453933,0.08994689628757382,0.21081323597793264,0.0937606272891003,0.30457386326703295
149.33333333333334,0.5679558839969288,0.10889716245681966,0.21168414872460492,0.11146280482164661,0.32314695354625156
150.66666666666666,0.5494264092128625,0.12385210615863106,0.2018479144512664,0.12487357017724023,0.32672148462850664
152.0,0.5365516178340172,0.1371694710038886,0.18941624072268898,0.13686267043940525,0.3262789111620943
152.0,0.5365516178340172,0.1371694710038886,0.18941624072268898,0.13686267043940525,0.3262789111620943
153.33333333333334,0.5801673407241735,0.1136189021833788,0.1905915380911967,0.11562221900125079,0.30621375709244747
154.66666666666666,0.5967643974453317,0.09970968247425396,0.20038718291444954,0.1031387371659648,0.30352592008041435
156.0,0.6056674805201306,0.0895694784227568,0.21104101462991895,0.09372202642719361,0.30476304105711255
156.0,0.6056674805201306,0.0895694784227568,0.21104101462991895,0.09372202642719361,0.30476304105711255
157.33333333333334,0.5681465755626385,0.108490451235584,0.21193722694093406,0.11142574626084345,0.32336297320177754
158.66666666666666,0.5496256829001702,0.1234377965278246,0.20209987184455475,0.1248366487274505,0.32693652057200523
160.0,0.5367594187915375,0.13675895030088786,0.1896564607807597,0.13682517012681494,0.32648163090757465
160.0,0.5367594187915375,0.13675895030088786,0.1896564607807597,0.13682517012681494,0.32648163090757465
161.33333333333334,0.5803227998522956,0.1133078876145169,0.19078120811525923,0.11558810441792827,0.3063693125331875
162.66666666666666,0.5968694429531815,0.0994652777912161,0.2005529242744685,0.10311235498113394,0.30366527925560244
164.0,0.6057325001607335,0.08937425817706195,0.21119027291230946,0.09370296874989514,0.3048932416622046
164.0,0.6057325001607335,0.08937425817706195,0.21119027291230946,0.09370296874989514,0.3048932416622046
165.33333333333334,0.5682108077330458,0.10828277505811867,0.2120987280971109,0.11140768911172468,0.3235064172088356
166.66666666666666,0.549695672183451,0.12322857676065127,0.2022575188953113,0.12481823216058653,0.32707575105589787
168.0,0.5368358675038473,0.13655390619643185,0.18980443314684048,0.13680579315288055,0.32661022629972103
168.0,0.5368358675038473,0.13655390619643185,0.18980443314684048,0.13680579315288055,0.32661022629972103
169.33333333333334,0.5803747585906579,0.11315550692570846,0.19089780462510128,0.11557192985853232,0.30646973448363357
170.66666666666666,0.5968957542533412,0.09934835158515137,0.20065444657310025,0.1031014475884072,0.30375589416150744
172.0,0.6057387795270448,0.08928331069539353,0.21128121168256814,0.09369669809499337,0.3049779097775615
172.0,0.6057387795270448,0.08928331069539353,0.21128121168256814,0.09369669809499337,0.3049779097775615
173.33333333333334,0.5682152245315671,0.10818797223066515,0.2121945973515972,0.11140220588617046,0.3235968032377677
174.66666666666666,0.5497036699323803,0.12313477636417956,0.20234921044432647,0.1248123432591136,0.3271615537034401
176.0,0.5368482883825941,0.13646364007207082,0.18988906358586052,0.13679900795947444,0.32668807154533497
176.0,0.5368482883825941,0.13646364007207082,0.18988906358586052,0.13679900795947444,0.32668807154533497
177.33333333333334,0.5803778642830827,0.11309060068213121,0.19096433856613038,0.11556719646865574,0.30653153503478614
178.66666666666666,0.5968874496309236,0.09930064396956338,0.2007121528595675,0.10309975353994552,0.303811906399513
180.0,0.6057218116043792,0.08924806318305437,0.21133259939776108,0.09369752581480527,0.3050301252125664
180.0,0.6057218116043792,0.08924806318305437,0.21133259939776108,0.09369752581480527,0.3050301252125664
181.33333333333334,0.5681963503346602,0.1081527587955994,0.21224719072061396,0.11140370014912647,0.3236508908697404
182.66666666666666,0.5496868702358151,0.1231012996384842,0.20239829402771614,0.12481353609798464,0.32721183012570076
184.0,0.5368342898730206,0.13643277164713197,0.18993342286794065,0.1367995156119068,0.3267329384798474
184.0,0.5368342898730206,0.13643277164713197,0.18993342286794065,0.1367995156119068,0.3267329384798474
185.33333333333334,0.5803620509356324,0.11307019645985913,0.1909991083812042,0.11556864422330425,0.30656775260450847
186.66666666666666,0.5968677781335545,0.0992874213016846,0.20074215937661682,0.10310264118814404,0.3038448005647609
188.0,0.6056994230346582,0.08923993485251967,0.21135911840744945,0.09370152370537281,0.30506064211282224
188.0,0.6056994230346582,0.08923993485251967,0.21135911840744945,0.09370152370537281,0.30506064211282224
189.33333333333334,0.5681724119777242,0.10814606003988922,0.21227326997989304,0.11140825800249347,0.32368152798238653
190.66666666666666,0.5496640430406244,0.12309625365657974,0.20242178667756738,0.12481791662522858,0.32723970330279595
192.0,0.5368131130029669,0.13642947401994265,0.1899539813259213,0.13680343165116923,0.32675741297709054
192.0,0.5368131130029669,0.13642947401994265,0.1899539813259213,0.13680343165116923,0.32675741297709054
193.33333333333334,0.5803422286646317,0.1130698996506233,0.19101514493363578,0.11557272675110908,0.3065878716847449
194.66666666666666,0.5968476822781679,0.09928925144237762,0.2007558903758194,0.10310717590363508,0.3038630662794545
196.0,0.6056793712344805,0.08924317865866369,0.21137110669055967,0.09370634341629624,0.3050774501068559
196.0,0.6056793712344805,0.08924317865866369,0.21137110669055967,0.09370634341629624,0.3050774501068559
197.33333333333334,0.5681512491583656,0.10815094069221483,0.21228427962540466,0.11141353052401505,0.32369781014941973
198.66666666666666,0.5496434173380803,0.12310241777449805,0.2024310556252418,0.12482310926217997,0.32725416488742176
200.0,0.536793386175551,0.13643671768304472,0.18996155775727683,0.13680833838412754,0.3267698961414044
200.0,0.536793386175551,0.13643671768304472,0.18996155775727683,0.13680833838412754,0.3267698961414044
201.33333333333334,0.5803247832341346,0.11307685699717189,0.19102098999203207,0.11557736977666143,0.3065983597686935
202.66666666666666,0.5968313624543736,0.09929608581806985,0.20076080608735436,0.10311174564020226,0.3038725517275566
204.0,0.6056641240548665,0.08924981517582711,0.21137527726477634,0.09371078350453015,0.30508606076930644
204.0,0.6056641240548665,0.08924981517582711,0.21137527726477634,0.09371078350453015,0.30508606076930644
205.33333333333334,0.5681352752096748,0.10815894760851191,0.2122874565988514,0.111418320582962,0.32370577718181337
206.66666666666666,0.5496276627613397,0.12311130824403281,0.20243314725331737,0.12482788174131022,0.32726102899462756
208.0,0.5367780741276377,0.1364462217569244,0.18996275293787687,0.1368129511775611,0.326775704115438
208.0,0.5367780741276377,0.1364462217569244,0.18996275293787687,0.1368129511775611,0.326775704115438
209.33333333333334,0.5803116551639097,0.11308495803876574,0.19102184444653544,0.11558154235078895,0.3066033867973244
210.66666666666666,0.5968196654872336,0.09930328154037142,0.20076143232551028,0.10311562064688466,0.3038770529723949
212.0,0.6056536765912157,0.08925627495559826,0.21137568051059005,0.09371436794259602,0.3050900484531861
212.0,0.6056536765912157,0.08925627495559826,0.21137568051059005,0.09371436794259602,0.3050900484531861
213.33333333333334,0.5681243894276289,0.10816639378401625,0.21228705300518957,0.11142216378316538,0.323709216788355
214.66666666666666,0.5496168357079354,0.12311930794113234,0.20243211585742463,0.12483174049350768,0.3272638563509323
216.0,0.5367674323069038,0.13645453722796974,0.18996129943573611,0.13681673102939035,0.32677803046512643
216.0,0.5367674323069038,0.13645453722796974,0.18996129943573611,0.13681673102939035,0.32677803046512643
217.33333333333334,0.580302732950805,0.11309176397559828,0.19102064242708972,0.11558486064650685,0.3066055030735966
218.66666666666666,0.5968120087865639,0.09930908940178558,0.2007603120391939,0.10311858977245665,0.30387890181165056
220.0,0.6056470911254052,0.08926130648797846,0.21137457838419738,0.093717024002419,0.3050916023866164
220.0,0.6056470911254052,0.08926130648797846,0.21137457838419738,0.093717024002419,0.3050916023866164
221.33333333333334,0.5681175613320049,0.10817206399083154,0.2122853712799987,0.11142500339716502,0.32371037467716374
222.66666666666666,0.5496099954100083,0.12312529465679106,0.20243010095916097,0.12483460897403968,0.32726470993320067
224.0,0.5367606445566503,0.13646066405180252,0.18995912359332937,0.13681956779821786,0.32677869139154725
224.0,0.5367606445566503,0.13646066405180252,0.18995912359332937,0.13681956779821786,0.32677869139154725
225.33333333333334,0.5802971525640563,0.11309666113476924,0.1910188934791412,0.11558729282203334,0.30660618630117453
226.66666666666666,0.5968073832026787,0.09931316423510966,0.20075874658001192,0.1031207059821998,0.3038794525622117
228.0,0.6056432594657688,0.08926475307834567,0.21137311909403547,0.09371886836185012,0.3050919874558856
228.0,0.6056432594657688,0.08926475307834567,0.21137311909403547,0.09371886836185012,0.3050919874558856
229.33333333333334,0.5681136092273801,0.1081758866873952,0.2122835310657128,0.11142697301951189,0.32371050408522467
230.66666666666666,0.5496060073690768,0.12312927969254851,0.20242810370215797,0.12483660923621676,0.3272647129383747
232.0,0.5367566489631499,0.1364646943990321,0.18995709544485562,0.13682156119296246,0.3267786566378181
232.0,0.5367566489631499,0.1364646943990321,0.18995709544485562,0.13682156119296246,0.3267786566378181
233.33333333333334,0.5802939339783338,0.1130998234950398,0.1910172758263954,0.11558896670023097,0.3066062425266264
234.66666666666666,0.5968048147007082,0.0993157411712991,0.20075731552398882,0.10312212860400388,0.30387944412799267
236.0,0.6056412243804055,0.08926688775028839,0.21137180709626976,0.09372008077303637,0.30509188786930613
236.0,0.6056412243804055,0.08926688775028839,0.21137180709626976,0.09372008077303637,0.30509188786930613
237.33333333333334,0.5681115240329337,0.10817822059208053,0.21228198753778643,0.11142826783719927,0.3237102553749857
238.66666666666666,0.5496038846793985,0.12313168411156039,0.20242650035743912,0.12483793085160207,0.3272644312090412
240.0,0.536754497602717,0.13646709871829427,0.18995551647793169,0.13682288720105726,0.3267784036789889
240.0,0.536754497602717,0.13646709871829427,0.18995551647793169,0.13682288720105726,0.3267784036789889
241.33333333333334,0.5802922442663018,0.11310167602279286,0.19101602144364502,0.11559005826726042,0.3066060797109054
242.66666666666666,0.5968035321944638,0.09931721841160944,0.200756212797648,0.10312303659627875,0.30387924939392674
244.0,0.6056402720449295,0.08926808404134721,0.21137080530008764,0.09372083861363546,0.3050916439137231
244.0,0.6056402720449295,0.08926808404134721,0.21137080530008764,0.09372083861363546,0.3050916439137231
245.33333333333334,0.5681105584180502,0.10817950761582219,0.21228085596760032,0.11142907799852717,0.3237099339661275
246.66666666666666,0.5496028885373533,0.12313299194293745,0.2024253574889106,0.12483876203079874,0.32726411951970935
248.0,0.5367534704545952,0.1364683888056598,0.18995441423016374,0.13682372650958116,0.32677814073974487
248.0,0.5367534704545952,0.1364683888056598,0.18995441423016374,0.13682372650958116,0.32677814073974487
249.33333333333334,0.5802914685441678,0.11310264800795088,0.19101514815181464,0.11559073529606653,0.30660588344788114
250.66666666666666,0.5968029916840647,0.09931797186217915,0.20075544852302524,0.10312358793073094,0.3038790364537562
252.0,0.6056399198528494,0.0892686753830246,0.21137011554252735,0.09372128922159864,0.305091404764126
252.0,0.6056399198528494,0.0892686753830246,0.21137011554252735,0.09372128922159864,0.305091404764126
253.33333333333334,0.5681102097817281,0.10818012916834277,0.21228010037894612,0.11142956067098295,0.32370966104992904
254.66666666666666,0.5496025181170692,0.12313361064338756,0.20242461125320127,0.1248392599863419,0.3272638712395432
256.0,0.5367530742229097,0.1364689862284349,0.1899537069157968,0.13682423263285856,0.3267779395486554
256.0,0.5367530742229097,0.1364689862284349,0.1899537069157968,0.13682423263285856,0.3267779395486554
257.3333333333333,0.5802911944481679,0.11310308194150356,0.19101458900737509,0.11559113460295355,0.3066057236103286
258.6666666666667,0.5968028412886597,0.09931829181392018,0.2007549610721455,0.1031239058252747,0.3038788668974202
260.0,0.6056398669140144,0.08926891175784415,0.21136967814695717,0.09372154318118417,0.30509122132814137
