Generation,xOC,xOB,xMMd,xMMr,total xMM
0.0,0.26666666666666666,0.4,0.26666666666666666,0.06666666666666667,0.3333333333333333
0.5042016806722689,0.4085890786166227,0.31790828171296287,0.21886329705026814,0.05463934262014627,0.2735026396704144
1.0084033613445378,0.4737462698961484,0.27589572265895385,0.20097019534720026,0.04938781209769757,0.25035800744489783
1.5126050420168067,0.5094106689837506,0.2494755287106581,0.19441613649976802,0.04669766580582327,0.2411138023055913
2.0168067226890756,0.5313515932755413,0.2304700867295451,0.19301916765958535,0.045159152335328225,0.23817831999491357
2.5210084033613445,0.5461519658801268,0.21548865435316278,0.19417470213523438,0.04418467763147597,0.23835937976671034
3.0252100840336134,0.5569241926835129,0.20294081613576323,0.19663562408364682,0.04349936709707703,0.24013499118072384
3.5294117647058822,0.565255825453945,0.19201695082339787,0.19976066821930746,0.04296655550334975,0.2427272237226572
4.033613445378151,0.5720000500903253,0.1822766187684569,0.2032070543483246,0.04251627679289323,0.24572333114121783
4.53781512605042,0.5776355891067989,0.17346396895775357,0.20678803648190305,0.04211240545354448,0.24890044193544755
5.042016806722689,0.5824429124633957,0.16541932318087277,0.21040132172855724,0.04173644262717443,0.25213776435573165
5.546218487394958,0.5865945988612253,0.15803500723651093,0.21399122907334292,0.041379164828920685,0.2553703939022636
6.050420168067227,0.5902030702382569,0.15123264927210692,0.21752806294318935,0.04103621754644665,0.258564280489636
6.554621848739496,0.5933463301571869,0.14495124704806656,0.2209966606837142,0.04070576211103245,0.26170242279474665
7.0588235294117645,0.5960820633030279,0.1391407575433623,0.2243899640657938,0.04038721508781577,0.26477717915360954
7.563025210084033,0.5984554699636697,0.13375856343423106,0.22770539015612068,0.04008057644597866,0.2677859666020993
8.067226890756302,0.6005036879462049,0.12876745723743796,0.2309427780229417,0.03978607679341549,0.27072885481635717
8.571428571428571,0.6022583416566025,0.12413443532035587,0.2341032258389129,0.039503997184128656,0.2736072230230416
9.07563025210084,0.6037470433182855,0.11982993397545964,0.2371884398470021,0.03923458285925272,0.2764230227062548
9.579831932773109,0.6049943172132467,0.11582730797657947,0.24020036874103698,0.03897800606913675,0.27917837481017377
10.084033613445378,0.606022187249783,0.11210245055160005,0.2431410068537329,0.03873435534488407,0.281875362198617
10.588235294117647,0.6068505786758649,0.10863349614640874,0.2460122879744912,0.03850363720323513,0.2845159251777264
11.092436974789916,0.6074976021314115,0.1054005778346449,0.24881603578592348,0.038285784248020135,0.28710182003394363
11.596638655462185,0.6079797710011755,0.10238562084150615,0.2515539428346472,0.03808066532267116,0.2896346081573184
12.100840336134453,0.6083121747230734,0.09957216291248777,0.25422756635976357,0.03788809600467516,0.2921156623644387
12.605042016806722,0.6085086243499588,0.09694519516138925,0.25683833223827984,0.03770784825037212,0.294546180488652
13.109243697478991,0.6085817749496754,0.09449102072034236,0.2593875451207371,0.03753965920924529,0.2969272043299824
13.61344537815126,0.6085432256942962,0.09219713155737376,0.2618764027080897,0.03738324004024023,0.29925964274832995
14.117647058823529,0.6084036272192156,0.09005209026181106,0.2643060016471888,0.03723828087178469,0.30154428251897347
14.621848739495798,0.6081727662638542,0.08804542931752955,0.2666773477463291,0.03710445667228728,0.3037818044186164
15.126050420168067,0.6078596297444335,0.08616756158205151,0.2689913757193053,0.03698143295420958,0.3059728086735149
15.630252100840336,0.6074724770744825,0.08440969641172678,0.271248957399737,0.036868869114053834,0.3081178265137908
16.134453781512605,0.6070189098219717,0.08276376458646087,0.2734509043024797,0.036766421289087685,0.3102173255915674
16.63865546218487,0.6065059239635064,0.08122235113116597,0.2755979799896028,0.03667374491572488,0.3122717249053276
17.142857142857142,0.605939954795089,0.07977863630254256,0.27769091144577623,0.036590497456592194,0.31428140890236844
17.647058823529413,0.6053269302138929,0.0784263398815824,0.2797303903776294,0.03651633952689529,0.31624672990452474
18.15126050420168,0.6046723082626819,0.0771596725884524,0.28171708267417217,0.03645093647469351,0.3181680191488657
18.655462184873947,0.6039811166662149,0.07597329146000056,0.28365163260243964,0.03639395927134499,0.3200455918737847
19.159663865546218,0.6032579861872471,0.07486226017008578,0.285534668141918,0.03634508550074903,0.3218797536426671
19.66386554621849,0.6025071823369798,0.07382201273173367,0.2873668050569168,0.036303999874369726,0.3236708049312866
20.168067226890756,0.6017326339786154,0.07284832086503014,0.2891486504610505,0.036270394695303874,0.32541904515635434
20.672268907563023,0.6009379584589098,0.07193726442870754,0.2908808070212485,0.036243970091134024,0.3271247771123826
21.176470588235293,0.6001264860954189,0.07108520444565841,0.292563875418553,0.03622443404036965,0.3287883094589227
21.680672268907564,0.5993012827720089,0.07028876019697279,0.2941984535429396,0.03621150348807864,0.3304099570310182
22.18487394957983,0.5984651679379482,0.06954478527844785,0.29578514398780337,0.03620490279580065,0.331990046783604
22.6890756302521,0.597620732451396,0.06885034921091124,0.2973245535302492,0.03620436480744344,0.3335289183376927
23.19327731092437,0.5967703556407784,0.06820271905660398,0.29881729478496577,0.03620963051765183,0.33502692530261763
23.69747899159664,0.595916223091187,0.06759934263333736,0.3002639855407932,0.03622044873468255,0.33648443427547575
24.201680672268907,0.5950603385847337,0.06703783391000662,0.30166525144954276,0.036236576055716826,0.33790182750525954
24.705882352941174,0.5942045363691962,0.06651595973846104,0.3030217269790753,0.03625777691326741,0.3392795038923427
25.210084033613445,0.5933504929012045,0.06603162733566403,0.3043340565528594,0.0362838232102723,0.3406178797631317
25.714285714285715,0.5924997404919392,0.06558287283401441,0.30560289269136387,0.03631449398268249,0.34191738667404636
26.218487394957982,0.5916536757633939,0.0651678513157339,0.306828897548347,0.036349575372525166,0.34317847292087217
26.72268907563025,0.5908135688304313,0.06478482752609016,0.308012743229538,0.03638886041394039,0.3444016036434784
27.22689075630252,0.5899805730574066,0.06443216724273378,0.30915511096308296,0.036432148736776665,0.34558725969985965
27.73109243697479,0.589155732153809,0.06410832967792135,0.31025669168721803,0.036479246481051615,0.34673593816826964
28.235294117647058,0.5883399885001644,0.06381186027904821,0.31131818525375105,0.03652996596703617,0.3478481512207872
28.739495798319325,0.5875341899149392,0.06354138431016883,0.31234030024626985,0.03658412552862205,0.34892442577489186
29.243697478991596,0.5867390963161433,0.06329560092795435,0.31332375344214697,0.03664154931375529,0.34996530275590226
29.747899159663866,0.5859553857097626,0.06307327779679824,0.3142692694087691,0.03670206708467006,0.35097133649343915
30.252100840336134,0.585183660045733,0.06287324612248517,0.31517757980545946,0.03676551402632251,0.35194309383178196
30.7563025210084,0.5844244503067983,0.0626943961707561,0.3160494229584673,0.03683173056397819,0.3528811535224455
31.26050420168067,0.5836782218421503,0.06253567307144618,0.3168855429141381,0.03690056217226529,0.3537861050864034
31.764705882352942,0.5829453787739589,0.06239607306729379,0.3176866889435368,0.036971859215210456,0.35465854815874726
32.26890756302521,0.5822262684391374,0.0622746400265773,0.31845361475555584,0.0370454767787295,0.3554990915342853
32.773109243697476,0.581521185330769,0.06217046229695694,0.3191870778573504,0.03712127451492366,0.35630835237227404
33.27731092436974,0.5808303752762901,0.06208266972947034,0.31988783852150404,0.03719911647273547,0.3570869549942395
33.78151260504202,0.5801540387763701,0.06201043104587568,0.32055665920875986,0.03727887096899438,0.35783553017775427
34.285714285714285,0.5794923343268877,0.06195295139701374,0.3211943038229212,0.03736041045317748,0.35855471427609864
34.78991596638655,0.5788453816886725,0.06190947009673315,0.3218015368465442,0.037443611368050106,0.35924514821459436
35.294117647058826,0.5782132647037826,0.061879258615903286,0.3223791226524675,0.037528354027846635,0.3599074766803141
35.79831932773109,0.5775960344264933,0.06186161860931762,0.322927824483946,0.037614522480243225,0.3605423469641892
36.30252100840336,0.5769937113333867,0.061855880255300706,0.32344840399200225,0.03770200441931032,0.3611504084113126
36.80672268907563,0.5764062878193374,0.061861400657798826,0.3239416204491059,0.03779069107375777,0.3617323115228636
37.310924369747895,0.5758337307000964,0.061877562335727,0.32440822987665674,0.037880477087519814,0.36228870696417653
37.81512605042017,0.5752759829181482,0.06190377204023887,0.32484898458797445,0.03797126045363832,0.3628202450416128
38.319327731092436,0.5747329662272577,0.06193945933585071,0.32526463206391587,0.03806294237297588,0.3633275744368918
38.8235294117647,0.5742045826696963,0.06198407556188676,0.32565591457276916,0.03815542719564779,0.36381134176841695
39.32773109243698,0.5736907161113506,0.06203709283084967,0.32602356870137505,0.038248622356424795,0.3642721910577999
39.831932773109244,0.5731912341962375,0.06209800303374722,0.32636832450011743,0.03834243826989785,0.3647107627700153
40.33613445378151,0.5727059898957366,0.06216631693198966,0.32669090492033903,0.03843678825193476,0.3651276931722738
40.84033613445378,0.5722348225636699,0.06224156356409328,0.3269920253811796,0.038531588491057166,0.3655236138722368
41.344537815126046,0.5717775600022065,0.06232328922270865,0.3272723928648063,0.038626757910278704,0.36589915077508506
41.84873949579832,0.5713340193703339,0.06241105684782941,0.32753270565349446,0.03872221812834221,0.3662549237818366
42.35294117647059,0.5709040079783003,0.06250444550100458,0.3277736530858344,0.038817893434860765,0.3665915465206952
42.857142857142854,0.5704873244830958,0.06260304979273905,0.3279959149969561,0.03891371072720905,0.3669096257241651
43.36134453781513,0.5700837603306718,0.0627064791972217,0.3282001610647212,0.03900959940738523,0.36720976047210646
43.865546218487395,0.5696931004395284,0.06281435760754775,0.32838705060195306,0.039105491350970946,0.367492541952924
44.36974789915966,0.5693151239648919,0.0629263230448043,0.32855723210371174,0.03920132088659197,0.3677585529903037
44.87394957983193,0.5689496054949255,0.06304202703250929,0.32871134277306047,0.03929702469950483,0.36800836747256527
45.3781512605042,0.568596315775903,0.06316113401859137,0.32885000845327966,0.039392541752225896,0.36824255020550556
45.88235294117647,0.5682550217390279,0.06328332151377278,0.32897384338210645,0.03948781336509279,0.3684616567471993
46.38655462184874,0.5679254874096021,0.06340827935835901,0.32908345013576407,0.039582783096274894,0.36866623323203895
46.890756302521005,0.5676074748965036,0.06353570935217173,0.3291794190871433,0.03967739666418139,0.36885681575132473
47.39495798319328,0.567300744666294,0.06366532523000326,0.32926232812786715,0.03977160197583569,0.36903393010370283
47.89915966386555,0.5670050563494213,0.06379685202294824,0.3293327426195876,0.03986534900804296,0.36919809162763056
48.403361344537814,0.5667201688009883,0.06393002615717677,0.32939121518029674,0.03995858986153819,0.36934980504183496
48.90756302521008,0.5664458408658029,0.06406459481703523,0.3294382856781718,0.04005127863899024,0.369489564317162
49.41176470588235,0.5661818315295553,0.06420031571831004,0.3294744813289719,0.04014337142316271,0.3696178527521346
49.91596638655462,0.5659279001991808,0.06433695731287654,0.32950031615173,0.04023482633621272,0.3697351424879427
50.42016806722689,0.5656838072477784,0.06447429773446434,0.3295162916865334,0.040325603331223876,0.3698418950177573
50.924369747899156,0.5654493141082861,0.0646121255755107,0.3295228959471972,0.04041566436900595,0.36993856031620315
51.42857142857143,0.5652241839708555,0.06475023850594532,0.3295206043939247,0.040504973129274466,0.3700255775231992
51.9327731092437,0.5650081816584497,0.06488844428348758,0.32950987881340094,0.040593495244661874,0.3701033740580628
52.436974789915965,0.5648010740404719,0.06502655934488903,0.3294911685978193,0.04068119801681995,0.37017236661463926
52.94117647058823,0.5646026301850406,0.06516440939955426,0.329464909866495,0.04076805054891009,0.37023296041540515
53.4453781512605,0.5644126212793908,0.06530182895205841,0.3294315260958139,0.0408540236727368,0.3702855497685507
53.94957983193277,0.5642308211768833,0.06543866063347581,0.32939142838911895,0.04093908980052197,0.3703305181896409
54.45378151260504,0.5640570060704841,0.06557475612620142,0.3293450146571159,0.041023223146198516,0.3703682378033144
54.95798319327731,0.5638909550486804,0.06570997498506398,0.32929267049492655,0.04110639947132924,0.37039906996625577
55.46218487394958,0.5637324503692868,0.0658441847612079,0.32923476875864705,0.0411885961108584,0.3704233648695054
55.96638655462185,0.5635812775225713,0.06597726065928756,0.3291716699069539,0.041269791911187216,0.37044146181814114
56.470588235294116,0.563437225075721,0.0661090854906079,0.3291037221896512,0.0413499672440198,0.3704536894336711
56.97478991596638,0.5633000848857045,0.06623954931297042,0.32903126187015047,0.04142910393117474,0.3704603658013252
57.47899159663865,0.5631696515498723,0.06636854956926279,0.3289546135619866,0.0415071853188784,0.370461798880865
57.983193277310924,0.5630457224307357,0.0664959904774718,0.3288740909312022,0.041584196160590246,0.3704582870917924
58.48739495798319,0.5629280987383071,0.0666217830825068,0.3287899956050476,0.04166012257413853,0.37045011817918616
58.99159663865546,0.5628165859789543,0.066745844819545,0.32870261726828065,0.04173495193322002,0.3704375692015007
59.49579831932773,0.5627109932242222,0.06686809945392566,0.32861223441439547,0.04180867290745658,0.370420907321852
60.0,0.5626111318681839,0.06698847703964247,0.3285191155536842,0.04188127553848943,0.3704003910921736
60.0,0.5626111318681839,0.06698847703964247,0.3285191155536842,0.04188127553848943,0.3704003910921736
61.111111111111114,0.5280575247622971,0.08370141615108205,0.3372309890598492,0.051010070026771756,0.388241059086621
62.22222222222222,0.5141483371759364,0.09852391088282618,0.3286160220052903,0.05871172993594705,0.3873277519412373
63.333333333333336,0.5080608958736403,0.11271145533855786,0.3132628318881468,0.06596481689965501,0.3792276487878018
64.44444444444444,0.5041592125105638,0.12685285873579843,0.29571616647211457,0.07327176228152313,0.36898792875363773
65.55555555555556,0.5003466117138201,0.14107210469818202,0.2777501579655907,0.08083112562240727,0.35858128358799796
66.66666666666667,0.49595276106743036,0.15526023236045886,0.26009061846337406,0.08869638810873673,0.34878700657211076
67.77777777777777,0.4908519043876227,0.16920767764254802,0.2430834453213367,0.09685697264849259,0.33994041796982927
68.88888888888889,0.4851262321542642,0.18267292050586117,0.22692641036205555,0.105274436977819,0.33220084733987454
70.0,0.4789368225767628,0.1954197715546903,0.21174499102739935,0.11389841484114745,0.3256434058685468
70.0,0.4789368225767628,0.1954197715546903,0.21174499102739935,0.11389841484114745,0.3256434058685468
71.11111111111111,0.5244113321007257,0.16736410681378963,0.20678982548028352,0.10143473560520117,0.3082245610854847
72.22222222222223,0.5442150050142139,0.14994154666633536,0.21148519923423453,0.09435824908521616,0.3058434483194507
73.33333333333333,0.5562457772530194,0.13663443809086026,0.21819463354934338,0.08892515110677714,0.3071197846561205
74.44444444444444,0.5649298124393445,0.12571668475848927,0.22508582031754143,0.08426768248462481,0.3093535028021663
75.55555555555556,0.5716199619203784,0.11653489258270094,0.2317025518458495,0.08014259365107115,0.31184514549692066
76.66666666666667,0.5768608384721764,0.10873367580278913,0.23794889558670027,0.07645659013833427,0.3144054857250346
77.77777777777777,0.5809537939475173,0.10206752272920312,0.24382370236691422,0.07315498095636538,0.3169786833232796
78.88888888888889,0.5841087662343365,0.09634779081746231,0.24934849995289154,0.07019494299530969,0.3195434429482012
80.0,0.5864892414520226,0.09142360418971365,0.25454797017246694,0.06753918418579681,0.32208715435826374
80.0,0.5864892414520226,0.09142360418971365,0.25454797017246694,0.06753918418579681,0.32208715435826374
81.11111111111111,0.5517428073741084,0.10990228095964927,0.2580931607246545,0.08026175094158776,0.33835491166624226
82.22222222222223,0.5349551033617268,0.12502605809770784,0.24957486355443775,0.09044397498612747,0.34001883854056525
83.33333333333333,0.5248815108453552,0.1385951199684013,0.23687287785708497,0.09965049132915839,0.33652336918624337
84.44444444444444,0.5168412916696107,0.15138740878400622,0.2231632962116916,0.1086080033346915,0.3317712995463831
85.55555555555556,0.5092048374753951,0.1636003053038684,0.2096162725433032,0.11757858467743323,0.32719485722073643
86.66666666666667,0.5015171887507293,0.17518769268141268,0.1966712436359162,0.1266238749319418,0.323295118567858
87.77777777777777,0.4937422155452368,0.18602407211875668,0.1845062464949251,0.13572746584108145,0.32023371233600656
88.88888888888889,0.4859813325415065,0.19597619759417062,0.1731969733193707,0.14484549654495216,0.31804246986432283
90.0,0.4783698664064449,0.20493309393271303,0.16277012736047985,0.15392691230036223,0.3166970396608421
90.0,0.4783698664064449,0.20493309393271303,0.16277012736047985,0.15392691230036223,0.3166970396608421
91.11111111111111,0.5278665435229704,0.17108556366180203,0.16725025507128333,0.13379763774394426,0.3010478928152276
92.22222222222223,0.553086887418636,0.14895876091671356,0.17715895917086363,0.12079539249378683,0.29795435166465045
93.33333333333333,0.5696291066602301,0.13217981930195716,0.18766043077664998,0.11053064326116278,0.29819107403781275
94.44444444444444,0.5815657357709676,0.11882120847995137,0.19768663956079544,0.10192641618828571,0.29961305574908115
95.55555555555556,0.5903969278823223,0.10797947969276188,0.20703859054465018,0.09458500188026561,0.3016235924249158
96.66666666666667,0.5969072362448978,0.09908689631916319,0.2157278470065491,0.08827802042938986,0.30400586743593894
97.77777777777777,0.6016162860183089,0.09173684931080553,0.223810571393175,0.08283629327771064,0.30664686467088564
98.88888888888889,0.6049079268891576,0.0856234132026152,0.23134548663567367,0.07812317327255357,0.30946865990822725
100.0,0.6070781786104742,0.08051157929894429,0.2383843447847338,0.07402589730584767,0.3124102420905815
100.0,0.6070781786104742,0.08051157929894429,0.2383843447847338,0.07402589730584767,0.3124102420905815
101.11111111111111,0.5732550025517672,0.09680258048259102,0.24242136907412307,0.08752104789151853,0.3299424169656416
102.22222222222223,0.5561204325645175,0.1103090083834978,0.23531425367384184,0.09825630537814285,0.3335705590519847
103.33333333333333,0.5452890674315148,0.12257519448234142,0.22423623290693828,0.10789950517920552,0.33213573808614383
104.44444444444444,0.5363933948782932,0.1342738531671369,0.2121079371502289,0.11722481480434112,0.32933275195457
105.55555555555556,0.5278942972785362,0.14557603631097749,0.20001792374279206,0.1265117426676942,0.32652966641048625
106.66666666666667,0.5193553474570404,0.15643686678344282,0.18838168927642884,0.13582609648308788,0.3242077857595167
107.77777777777777,0.5107393586748222,0.16673667691700048,0.17737331987959715,0.14515064452858012,0.3225239644081773
108.88888888888889,0.5021434373628455,0.17634405225496158,0.1670730575567683,0.15443945282542462,0.32151251038219286
110.0,0.4937000080127554,0.18514345766210172,0.1575167471986395,0.16363978712650343,0.3211565343251429
110.0,0.4937000080127554,0.18514345766210172,0.1575167471986395,0.16363978712650343,0.3211565343251429
111.11111111111111,0.5419161472001491,0.1541624640594662,0.16310184317733323,0.14081954556305154,0.30392138874038477
112.22222222222223,0.5664931393120546,0.13394723932445346,0.1736219890726897,0.1259376322908022,0.2995596213634919
113.33333333333333,0.5823874381291396,0.11872755411949112,0.1845852684420885,0.11429973930928093,0.29888500775136945
114.44444444444444,0.5935994471998691,0.10670786244111914,0.19501142632013993,0.10468126403887179,0.29969269035901175
115.55555555555556,0.6016591410494588,0.09702721897203402,0.2047280285709071,0.09658561140759996,0.3013136399785071
116.66666666666667,0.607387139096178,0.08914294240066965,0.21375606124974686,0.08971385725340553,0.3034699185031524
117.77777777777777,0.6113286844907093,0.08266942731471873,0.22215569130678756,0.08384619688778443,0.30600188819457197
118.88888888888889,0.6138831341441007,0.07731958997495589,0.22998766597816298,0.07880960990278042,0.3087972758809434
120.0,0.6153548673697313,0.07287510981306881,0.23730492114051105,0.07446510167668881,0.31177002281719984
120.0,0.6153548673697313,0.07287510981306881,0.23730492114051105,0.07446510167668881,0.31177002281719984
121.11111111111111,0.5819329359523527,0.08806223689663153,0.24195457935101186,0.08805024780000388,0.33000482715101576
122.22222222222223,0.5648934800044332,0.10084373026934675,0.23539865757485728,0.09886413215136279,0.33426278972622003
123.33333333333333,0.5540670153697662,0.11259933730713555,0.22475930919034895,0.10857433813274937,0.33333364732309834
124.44444444444444,0.5451313168195776,0.12393801265838632,0.2129685160782291,0.11796215444380706,0.3309306705220361
125.55555555555556,0.5365457730792359,0.1350121951260124,0.20113026201179623,0.1273117697829553,0.3284420317947515
126.66666666666667,0.5278659437360633,0.14577186833297,0.18967171695263788,0.13669047097832882,0.3263621879309667
127.77777777777777,0.5190499186898279,0.1560930240153939,0.1787766435753078,0.1460804137194704,0.3248570572947782
128.88888888888889,0.5101948186844486,0.16583666196278282,0.16853454145778227,0.15543397789498625,0.32396851935276855
130.0,0.5014372358875675,0.17487585088154028,0.15899055724978728,0.1646963559811049,0.3236869132308922
130.0,0.5014372358875675,0.17487585088154028,0.15899055724978728,0.1646963559811049,0.3236869132308922
131.11111111111111,0.548506507173657,0.145813529997201,0.16433828467572534,0.14134167815341664,0.30567996282914195
132.22222222222223,0.5721481581003817,0.12694503933393964,0.17473454560404536,0.12617225696163328,0.30090680256567864
133.33333333333334,0.587243400064246,0.11277170902369932,0.18561813387366619,0.11436675703838849,0.29998489091205466
134.44444444444446,0.5977744580191876,0.10158946025444288,0.1959876734173973,0.10464840830897218,0.3006360817263695
135.55555555555554,0.605256548030702,0.09258774612390512,0.20566220766883916,0.09649349817655387,0.302155705845393
136.66666666666666,0.6104950710984551,0.08525911993284782,0.21465829066031233,0.08958751830838477,0.30424580896869713
137.77777777777777,0.6140210561722446,0.07924443087856402,0.22303325139876998,0.08370126155042149,0.30673451294919146
138.88888888888889,0.616221501343952,0.07427682546864006,0.23084579107848227,0.07865588210892557,0.30950167318740784
140.0,0.6173904291289737,0.07015355548620149,0.2381472979395773,0.07430871744524747,0.31245601538482476
140.0,0.6173904291289737,0.07015355548620149,0.2381472979395773,0.07430871744524747,0.31245601538482476
141.11111111111111,0.5840709012915707,0.08498983851359607,0.24304553286288347,0.08789372733194976,0.3309392601948332
142.22222222222223,0.5671092588169004,0.09755213967361853,0.23662977974213512,0.09870882176734601,0.3353386015094811
143.33333333333334,0.5563571577592406,0.10916395351403256,0.22605998507573283,0.10841890365099409,0.3344788887267269
144.44444444444446,0.547484293237156,0.12041280926643502,0.214295633728138,0.11780726376827104,0.33210289749640903
145.55555555555554,0.5389407428115758,0.13144468590221292,0.2024547593596034,0.1271598119266079,0.32961457128621124
146.66666666666666,0.5302763542155604,0.14220734160058743,0.190971745673078,0.13654455851077407,0.3275163041838521
147.77777777777777,0.5214468508497118,0.15257458798498158,0.18003493205263277,0.145943629112674,0.32597856116530677
148.88888888888889,0.5125495244654364,0.16240400903799956,0.16973753836076336,0.15530892813580066,0.325046466496564
150.0,0.5037229983721434,0.17156390444550773,0.16012814150402568,0.16458495567832332,0.324713097182349
150.0,0.5037229983721434,0.17156390444550773,0.16012814150402568,0.16458495567832332,0.324713097182349
151.11111111111111,0.55037363771859,0.1431850211915676,0.16527125738182924,0.14117008370801315,0.3064413410898424
152.22222222222223,0.5736372184699199,0.12480324559161189,0.1755599466807184,0.12599958925774976,0.3015595359384682
153.33333333333334,0.5884173002418447,0.11100245058319506,0.18636924171866115,0.11421100745629915,0.3005802491749603
154.44444444444446,0.5986940872731292,0.10011173340934766,0.19668001458296758,0.10451416473455533,0.3011941793175229
155.55555555555554,0.6059735182783336,0.09134096457244126,0.2063050351359255,0.09638048201329981,0.3026855171492253
156.66666666666666,0.6110509779499567,0.0841972441766654,0.21525805061278883,0.08949372726058906,0.3047517778733779
157.77777777777777,0.6144488248951804,0.0783321520655467,0.22359480725777015,0.0836242157815028,0.30721902303927295
158.88888888888889,0.616547085336215,0.07348682666699895,0.23137295710688574,0.07859313088990025,0.309966087996786
160.0,0.6176343220050244,0.06946450975912616,0.23864313294160328,0.07425803529424618,0.31290116823584946
160.0,0.6176343220050244,0.06946450975912616,0.23864313294160328,0.07425803529424618,0.31290116823584946
161.11111111111111,0.5843284237160867,0.08422476966921477,0.24360470325617442,0.08784210335852412,0.33144680661469855
162.22222222222223,0.5673955163421305,0.09674396643352802,0.23720580386112164,0.09865471336321985,0.33586051722434146
163.33333333333334,0.55667800287027,0.10833165059855404,0.22662924485406602,0.1083611016771098,0.3349903465311758
164.44444444444446,0.5478377163727584,0.11957002643659002,0.21484669588157618,0.11774556130907546,0.3325922571906516
165.55555555555554,0.5393205284817034,0.13060329790478364,0.2029815258700324,0.12709464774348067,0.33007617361351305
166.66666666666666,0.5306744054766694,0.14137841159107228,0.19147051808983526,0.1364766648424231,0.32794718293225833
167.77777777777777,0.5218544948864479,0.15176835754530515,0.18050333402992352,0.14587381353832352,0.32637714756824704
168.88888888888889,0.5129582906491494,0.1616296102784184,0.17017414487084026,0.155237954201592,0.3254120990724323
170.0,0.5041251166686836,0.17082906562583153,0.160532333459815,0.16451348424566986,0.32504581770548485
170.0,0.5041251166686836,0.17082906562583153,0.160532333459815,0.16451348424566986,0.32504581770548485
171.11111111111111,0.5506795868825741,0.14261852353570179,0.1656005197447383,0.14110136983698573,0.30670188958172406
172.22222222222223,0.5738470748147645,0.12435811222778187,0.17584978287668385,0.12594503008076985,0.3017948129574537
173.33333333333334,0.5885485377882544,0.11064897043659729,0.1866312928032378,0.11417119897191066,0.3008024917751485
174.44444444444446,0.5987649324287748,0.09982850812905919,0.19691947648269148,0.10448708295947452,0.301406559442166
175.55555555555554,0.6059991958396856,0.09111216262251824,0.20652493022802204,0.09636371130977414,0.3028886415377962
176.66666666666666,0.6110433735638018,0.08401105140647858,0.21546048659513203,0.0894850884345877,0.30494557502971975
177.77777777777777,0.6144170086453505,0.07817968279095124,0.22378140666653765,0.08362190189716054,0.3074033085636982
178.88888888888889,0.6164979348832336,0.0733613363255547,0.2315450356487067,0.07859569314250488,0.3101407287912116
180.0,0.6175730512047105,0.06936082744933297,0.2388017921870349,0.07426432915892155,0.31306612134595646
180.0,0.6175730512047105,0.06936082744933297,0.2388017921870349,0.07426432915892155,0.31306612134595646
181.11111111111111,0.5842647854317803,0.08411443865498872,0.24377088749848067,0.08784988841475032,0.331620775913231
182.22222222222223,0.5673387088613318,0.09663182587897062,0.23736716551282894,0.09866229974686867,0.3360294652596976
183.33333333333334,0.556630933808901,0.10822049356910117,0.2267809583000423,0.10836761432195562,0.33514857262199793
184.44444444444446,0.5478003049740742,0.11946183227528359,0.21498725785519013,0.117750604895452,0.3327378627506421
185.55555555555554,0.5392915620291483,0.1304996938991176,0.20311069825863431,0.12709804581309983,0.3302087440717342
186.66666666666666,0.5306523229908563,0.14128079191888776,0.1915885477058426,0.13647833738441337,0.328066885090256
187.77777777777777,0.5218377068659977,0.15167788644062222,0.18061067930049096,0.14587372739288917,0.32648440669338014
188.88888888888889,0.5129453187818604,0.16154719932791098,0.17027137747293958,0.15523610441728894,0.32550748189022854
190.0,0.5041146598285267,0.17075535710292372,0.16062009542526626,0.1645098876432832,0.32512998306854946
190.0,0.5041146598285267,0.17075535710292372,0.16062009542526626,0.1645098876432832,0.32512998306854946
191.11111111111111,0.5506606432016734,0.1425678144792634,0.16567147762870546,0.14110006469035766,0.3067715423190632
192.22222222222223,0.5738161450805208,0.12432434618616116,0.17591189414182806,0.12594761459149012,0.3018595087333182
193.33333333333334,0.5885083162645635,0.1106275684609032,0.18668702839265333,0.11417708688187983,0.30086411527453316
194.44444444444446,0.598718634855858,0.09981609740499832,0.19696987828507292,0.1044953894540708,0.3014652677391437
195.55555555555554,0.6059494428266947,0.09110630679923498,0.20657058454700594,0.09637366582706433,0.3029442503740703
196.66666666666666,0.6109920987995158,0.08401000012156491,0.21550180269586486,0.08949609838305458,0.3049979010789195
197.77777777777777,0.6143655859180495,0.07818217424638292,0.2238187081419852,0.08363353169358241,0.3074522398355676
198.88888888888889,0.6164473206590504,0.07336645388755014,0.2315785962382967,0.0786076292151028,0.3101862254533995
200.0,0.6175238994950442,0.06936789881015752,0.23883185304355142,0.07427634865124691,0.3131082016947983
200.0,0.6175238994950442,0.06936789881015752,0.23883185304355142,0.07427634865124691,0.3131082016947983
201.11111111111111,0.5842134298913775,0.08412452096750675,0.2437988197931477,0.08786322934796818,0.33166204914111586
202.22222222222223,0.567288107267777,0.09664452374187762,0.23739130000010747,0.09867606899023801,0.33606736899034545
203.33333333333334,0.5565818973879658,0.10823557149641082,0.2268011411588427,0.10838138995678075,0.33518253111562346
204.44444444444446,0.547752938216053,0.11947909364861309,0.21500381421375273,0.11776415392158139,0.3327679681353341
205.55555555555554,0.539245814834882,0.1305189142685336,0.2031240706830237,0.12711120021356076,0.33023527089658444
206.66666666666666,0.5306081537558955,0.14130170104435122,0.19159919011617862,0.13649095508357473,0.3280901451997534
207.77777777777777,0.5217951170518496,0.1517001740154836,0.18061902470978522,0.14588568422288153,0.3265047089326667
208.88888888888889,0.5129043493612724,0.16157053025016202,0.17027782523289184,0.1552472951556738,0.3255251203885656
210.0,0.5040753776834546,0.1707793893311676,0.1606250044673778,0.16452022851800005,0.32514523298537784
210.0,0.5040753776834546,0.1707793893311676,0.1606250044673778,0.16452022851800005,0.32514523298537784
211.11111111111111,0.5506257581856768,0.14258900954504175,0.16567522714026575,0.14111000512901578,0.30678523226928156
212.22222222222223,0.5737840463359215,0.12434360218179916,0.175915038065863,0.12595731341641628,0.30187235148227926
213.33333333333334,0.5884787368037895,0.11064515980981415,0.1866896813270816,0.11418642205931477,0.30087610338639637
214.44444444444446,0.5986914793979834,0.09983219950211598,0.19697206183722896,0.10450425926267172,0.3014763210999007
215.55555555555554,0.6059246010532968,0.09112107800453197,0.20657230144520417,0.09638201949696691,0.30295432094217106
216.66666666666666,0.6109694331266641,0.08402358875155513,0.21550305463942124,0.08950392348235947,0.30500697812178074
217.77777777777777,0.6143449447401788,0.078194715657823,0.22381950019414895,0.08364083940784924,0.3074603396019982
218.88888888888889,0.6164285499671273,0.07337806854113978,0.23157893768498244,0.07861444380675052,0.310193381491733
220.0,0.617506849921731,0.0693786921067845,0.23883175721793834,0.07428270075354612,0.31311445797148446
220.0,0.617506849921731,0.0693786921067845,0.23883175721793834,0.07428270075354612,0.31311445797148446
221.11111111111111,0.584195606119848,0.08413710065307375,0.24379707372234719,0.08787021950473109,0.3316672932270783
222.22222222222223,0.5672700694226286,0.09665835629776034,0.23738821183549447,0.09868336244411659,0.3360715742796111
223.33333333333334,0.5565637576392447,0.1082503431542477,0.22679706582102643,0.10838883338548122,0.33518589920650765
224.44444444444446,0.5477347421156867,0.11949456510180725,0.21499903787730262,0.11777165490520347,0.3327706927825061
225.55555555555554,0.5392276360059681,0.13053485864057832,0.20311882233866815,0.12711868301478538,0.33023750535345353
226.66666666666666,0.5305901012843136,0.14131788862566425,0.19159366056879001,0.13649834952123208,0.32809201009002215
227.77777777777777,0.5217773236622746,0.15171637559398082,0.18061337567073413,0.1458929250730105,0.3265063007437446
228.88888888888889,0.5128869575887023,0.16158652620168168,0.17027219219936107,0.15525432401025507,0.32552651620961615
230.0,0.5040585277824414,0.17079497910502328,0.16061949752494312,0.16452699558759212,0.3251464931125353
230.0,0.5040585277824414,0.17079497910502328,0.16061949752494312,0.16452699558759212,0.3251464931125353
231.11111111111111,0.5506116392679599,0.14260166388202608,0.16567067229785218,0.14111602455216182,0.306786696850014
232.22222222222223,0.5737722303135107,0.12435413822768444,0.175910989171189,0.125962642287616,0.30187363145880497
233.33333333333334,0.5884688695159596,0.1106540421841303,0.18668597248333477,0.11419111581657539,0.3008770882999101
234.44444444444446,0.598683238899682,0.09983976308621373,0.19696861032705942,0.10450838768704487,0.3014769980141043
235.55555555555554,0.605917710104801,0.09112757884741952,0.20656905611338464,0.09638565493439481,0.3029547110477795
236.66666666666666,0.6109636617461037,0.08402922538750067,0.21549997955025832,0.08950713331613727,0.3050071128663956
237.77777777777777,0.6143401051877226,0.0781996430249329,0.22381656859698026,0.08364368319036432,0.30746025178734454
238.88888888888889,0.616424489611784,0.07338240832827195,0.23157612925179943,0.07861697280814475,0.3101931020599442
240.0,0.6175034444442388,0.06938254057501511,0.23882905643920183,0.07428495854154421,0.31311401498074604
240.0,0.6175034444442388,0.06938254057501511,0.23882905643920183,0.07428495854154421,0.31311401498074604
241.11111111111111,0.5841920510082654,0.08414144564278316,0.243793802539734,0.08787270080921744,0.3316665033489515
242.22222222222223,0.5672663615769861,0.09666301051530389,0.23738465655484695,0.09868597135286315,0.3360706279077101
243.33333333333334,0.5565598749005379,0.1082551957385676,0.2267934031390726,0.10839152622182183,0.33518492936089445
244.44444444444446,0.5477306931773914,0.11949953138676743,0.2149953714426797,0.11777440399316132,0.332769775435841
245.55555555555554,0.5392234560294336,0.13053986041194204,0.2031152191929011,0.1271214643657233,0.33023668355862446
246.66666666666666,0.5305858412101437,0.14132284975397014,0.1915901690157568,0.13650114002012928,0.32809130903588607
247.77777777777777,0.5217730418430832,0.1517212233441464,0.18061003227477654,0.1458957025379939,0.32650573481277045
248.88888888888889,0.5128827137953161,0.161591194063616,0.17026902426552842,0.1552570678755395,0.3255260921410679
250.0,0.5040543788606577,0.170799409497678,0.16061652410847713,0.1645296875331871,0.32514621164166424
250.0,0.5040543788606577,0.170799409497678,0.16061652410847713,0.1645296875331871,0.32514621164166424
251.11111111111111,0.550608340940126,0.14260511788266875,0.16566824035249694,0.1411183008247083,0.3067865411772053
252.22222222222223,0.5737697307408655,0.12435687222137576,0.17590884474421584,0.12596455229354298,0.30187339703775884
253.33333333333334,0.5884670316359485,0.11065622557724022,0.18668402898826775,0.11419271379854344,0.3008767427868112
254.44444444444446,0.5986819249380626,0.09984152114225536,0.1969668276317993,0.10450972628788273,0.30147655391968203
255.55555555555554,0.6059168039221596,0.09112900559489664,0.20656741028044617,0.0963867802024976,0.30295419048294375
256.6666666666667,0.6109630711162614,0.08403039160028229,0.2154984537460713,0.08950808353738499,0.3050065372834563
257.77777777777777,0.6143397583364943,0.07820060223518616,0.22381514993020798,0.08364448949811146,0.3074596394283195
258.8888888888889,0.6164243309311542,0.0733832013320391,0.23157480742870204,0.07861766030810478,0.3101924677368068
260.0,0.6175034307685562,0.06938319874239447,0.23882782304233527,0.07428554744671405,0.3131133704890493
