Generation,xOC,xOB,xMMd,xMMr,total xMM
0.0,0.26666666666666666,0.4,0.26666666666666666,0.06666666666666667,0.3333333333333333
0.5042016806722689,0.4085890786166227,0.31790828171296287,0.21886329705026814,0.05463934262014627,0.2735026396704144
1.0084033613445378,0.4737462698961484,0.27589572265895385,0.20097019534720026,0.04938781209769757,0.25035800744489783
1.5126050420168067,0.5094106689837506,0.2494755287106581,0.19441613649976802,0.04669766580582327,0.2411138023055913
2.0168067226890756,0.5313515932755413,0.2304700867295451,0.19301916765958535,0.045159152335328225,0.23817831999491357
2.5210084033613445,0.5461519658801268,0.21548865435316278,0.19417470213523438,0.04418467763147597,0.23835937976671034
3.0252100840336134,0.5569241926835129,0.20294081613576323,0.19663562408364682,0.04349936709707703,0.24013499118072384
3.5294117647058822,0.565255825453945,0.19201695082339787,0.19976066821930746,0.04296655550334975,0.2427272237226572
4.033613445378151,0.5720000500903253,0.1822766187684569,0.2032070543483246,0.04251627679289323,0.24572333114121783
4.53781512605042,0.5776355891067989,0.17346396895775357,0.20678803648190305,0.04211240545354448,0.24890044193544755
5.042016806722689,0.5824429124633957,0.16541932318087277,0.21040132172855724,0.04173644262717443,0.25213776435573165
5.546218487394958,0.5865945988612253,0.15803500723651093,0.21399122907334292,0.041379164828920685,0.2553703939022636
6.050420168067227,0.5902030702382569,0.15123264927210692,0.21752806294318935,0.04103621754644665,0.258564280489636
6.554621848739496,0.5933463301571869,0.14495124704806656,0.2209966606837142,0.04070576211103245,0.26170242279474665
7.0588235294117645,0.5960820633030279,0.1391407575433623,0.2243899640657938,0.04038721508781577,0.26477717915360954
7.563025210084033,0.5984554699636697,0.13375856343423106,0.22770539015612068,0.04008057644597866,0.2677859666020993
8.067226890756302,0.6005036879462049,0.12876745723743796,0.2309427780229417,0.03978607679341549,0.27072885481635717
8.571428571428571,0.6022583416566025,0.12413443532035587,0.2341032258389129,0.039503997184128656,0.2736072230230416
9.07563025210084,0.6037470433182855,0.11982993397545964,0.2371884398470021,0.03923458285925272,0.2764230227062548
9.579831932773109,0.6049943172132467,0.11582730797657947,0.24020036874103698,0.03897800606913675,0.27917837481017377
10.084033613445378,0.606022187249783,0.11210245055160005,0.2431410068537329,0.03873435534488407,0.281875362198617
10.588235294117647,0.6068505786758649,0.10863349614640874,0.2460122879744912,0.03850363720323513,0.2845159251777264
11.092436974789916,0.6074976021314115,0.1054005778346449,0.24881603578592348,0.038285784248020135,0.28710182003394363
11.596638655462185,0.6079797710011755,0.10238562084150615,0.2515539428346472,0.03808066532267116,0.2896346081573184
12.100840336134453,0.6083121747230734,0.09957216291248777,0.25422756635976357,0.03788809600467516,0.2921156623644387
12.605042016806722,0.6085086243499588,0.09694519516138925,0.25683833223827984,0.03770784825037212,0.294546180488652
13.109243697478991,0.6085817749496754,0.09449102072034236,0.2593875451207371,0.03753965920924529,0.2969272043299824
13.61344537815126,0.6085432256942962,0.09219713155737376,0.2618764027080897,0.03738324004024023,0.29925964274832995
14.117647058823529,0.6084036272192156,0.09005209026181106,0.2643060016471888,0.03723828087178469,0.30154428251897347
14.621848739495798,0.6081727662638542,0.08804542931752955,0.2666773477463291,0.03710445667228728,0.3037818044186164
15.126050420168067,0.6078596297444335,0.08616756158205151,0.2689913757193053,0.03698143295420958,0.3059728086735149
15.630252100840336,0.6074724770744825,0.08440969641172678,0.271248957399737,0.036868869114053834,0.3081178265137908
16.134453781512605,0.6070189098219717,0.08276376458646087,0.2734509043024797,0.036766421289087685,0.3102173255915674
16.63865546218487,0.6065059239635064,0.08122235113116597,0.2755979799896028,0.03667374491572488,0.3122717249053276
17.142857142857142,0.605939954795089,0.07977863630254256,0.27769091144577623,0.036590497456592194,0.31428140890236844
17.647058823529413,0.6053269302138929,0.0784263398815824,0.2797303903776294,0.03651633952689529,0.31624672990452474
18.15126050420168,0.6046723082626819,0.0771596725884524,0.28171708267417217,0.03645093647469351,0.3181680191488657
18.655462184873947,0.6039811166662149,0.07597329146000056,0.28365163260243964,0.03639395927134499,0.3200455918737847
19.159663865546218,0.6032579861872471,0.07486226017008578,0.285534668141918,0.03634508550074903,0.3218797536426671
19.66386554621849,0.6025071823369798,0.07382201273173367,0.2873668050569168,0.036303999874369726,0.3236708049312866
20.168067226890756,0.6017326339786154,0.07284832086503014,0.2891486504610505,0.036270394695303874,0.32541904515635434
20.672268907563023,0.6009379584589098,0.07193726442870754,0.2908808070212485,0.036243970091134024,0.3271247771123826
21.176470588235293,0.6001264860954189,0.07108520444565841,0.292563875418553,0.03622443404036965,0.3287883094589227
21.680672268907564,0.5993012827720089,0.07028876019697279,0.2941984535429396,0.03621150348807864,0.3304099570310182
22.18487394957983,0.5984651679379482,0.06954478527844785,0.29578514398780337,0.03620490279580065,0.331990046783604
22.6890756302521,0.597620732451396,0.06885034921091124,0.2973245535302492,0.03620436480744344,0.3335289183376927
23.19327731092437,0.5967703556407784,0.06820271905660398,0.29881729478496577,0.03620963051765183,0.33502692530261763
23.69747899159664,0.595916223091187,0.06759934263333736,0.3002639855407932,0.03622044873468255,0.33648443427547575
24.201680672268907,0.5950603385847337,0.06703783391000662,0.30166525144954276,0.036236576055716826,0.33790182750525954
24.705882352941174,0.5942045363691962,0.06651595973846104,0.3030217269790753,0.03625777691326741,0.3392795038923427
25.210084033613445,0.5933504929012045,0.06603162733566403,0.3043340565528594,0.0362838232102723,0.3406178797631317
25.714285714285715,0.5924997404919392,0.06558287283401441,0.30560289269136387,0.03631449398268249,0.34191738667404636
26.218487394957982,0.5916536757633939,0.0651678513157339,0.306828897548347,0.036349575372525166,0.34317847292087217
26.72268907563025,0.5908135688304313,0.06478482752609016,0.308012743229538,0.03638886041394039,0.3444016036434784
27.22689075630252,0.5899805730574066,0.06443216724273378,0.30915511096308296,0.036432148736776665,0.34558725969985965
27.73109243697479,0.589155732153809,0.06410832967792135,0.31025669168721803,0.036479246481051615,0.34673593816826964
28.235294117647058,0.5883399885001644,0.06381186027904821,0.31131818525375105,0.03652996596703617,0.3478481512207872
28.739495798319325,0.5875341899149392,0.06354138431016883,0.31234030024626985,0.03658412552862205,0.34892442577489186
29.243697478991596,0.5867390963161433,0.06329560092795435,0.31332375344214697,0.03664154931375529,0.34996530275590226
29.747899159663866,0.5859553857097626,0.06307327779679824,0.3142692694087691,0.03670206708467006,0.35097133649343915
30.252100840336134,0.585183660045733,0.06287324612248517,0.31517757980545946,0.03676551402632251,0.35194309383178196
30.7563025210084,0.5844244503067983,0.0626943961707561,0.3160494229584673,0.03683173056397819,0.3528811535224455
31.26050420168067,0.5836782218421503,0.06253567307144618,0.3168855429141381,0.03690056217226529,0.3537861050864034
31.764705882352942,0.5829453787739589,0.06239607306729379,0.3176866889435368,0.036971859215210456,0.35465854815874726
32.26890756302521,0.5822262684391374,0.0622746400265773,0.31845361475555584,0.0370454767787295,0.3554990915342853
32.773109243697476,0.581521185330769,0.06217046229695694,0.3191870778573504,0.03712127451492366,0.35630835237227404
33.27731092436974,0.5808303752762901,0.06208266972947034,0.31988783852150404,0.03719911647273547,0.3570869549942395
33.78151260504202,0.5801540387763701,0.06201043104587568,0.32055665920875986,0.03727887096899438,0.35783553017775427
34.285714285714285,0.5794923343268877,0.06195295139701374,0.3211943038229212,0.03736041045317748,0.35855471427609864
34.78991596638655,0.5788453816886725,0.06190947009673315,0.3218015368465442,0.037443611368050106,0.35924514821459436
35.294117647058826,0.5782132647037826,0.061879258615903286,0.3223791226524675,0.037528354027846635,0.3599074766803141
35.79831932773109,0.5775960344264933,0.06186161860931762,0.322927824483946,0.037614522480243225,0.3605423469641892
36.30252100840336,0.5769937113333867,0.061855880255300706,0.32344840399200225,0.03770200441931032,0.3611504084113126
36.80672268907563,0.5764062878193374,0.061861400657798826,0.3239416204491059,0.03779069107375777,0.3617323115228636
37.310924369747895,0.5758337307000964,0.061877562335727,0.32440822987665674,0.037880477087519814,0.36228870696417653
37.81512605042017,0.5752759829181482,0.06190377204023887,0.32484898458797445,0.03797126045363832,0.3628202450416128
38.319327731092436,0.5747329662272577,0.06193945933585071,0.32526463206391587,0.03806294237297588,0.3633275744368918
38.8235294117647,0.5742045826696963,0.06198407556188676,0.32565591457276916,0.03815542719564779,0.36381134176841695
39.32773109243698,0.5736907161113506,0.06203709283084967,0.32602356870137505,0.038248622356424795,0.3642721910577999
39.831932773109244,0.5731912341962375,0.06209800303374722,0.32636832450011743,0.03834243826989785,0.3647107627700153
40.33613445378151,0.5727059898957366,0.06216631693198966,0.32669090492033903,0.03843678825193476,0.3651276931722738
40.84033613445378,0.5722348225636699,0.06224156356409328,0.3269920253811796,0.038531588491057166,0.3655236138722368
41.344537815126046,0.5717775600022065,0.06232328922270865,0.3272723928648063,0.038626757910278704,0.36589915077508506
41.84873949579832,0.5713340193703339,0.06241105684782941,0.32753270565349446,0.03872221812834221,0.3662549237818366
42.35294117647059,0.5709040079783003,0.06250444550100458,0.3277736530858344,0.038817893434860765,0.3665915465206952
42.857142857142854,0.5704873244830958,0.06260304979273905,0.3279959149969561,0.03891371072720905,0.3669096257241651
43.36134453781513,0.5700837603306718,0.0627064791972217,0.3282001610647212,0.03900959940738523,0.36720976047210646
43.865546218487395,0.5696931004395284,0.06281435760754775,0.32838705060195306,0.039105491350970946,0.367492541952924
44.36974789915966,0.5693151239648919,0.0629263230448043,0.32855723210371174,0.03920132088659197,0.3677585529903037
44.87394957983193,0.5689496054949255,0.06304202703250929,0.32871134277306047,0.03929702469950483,0.36800836747256527
45.3781512605042,0.568596315775903,0.06316113401859137,0.32885000845327966,0.039392541752225896,0.36824255020550556
45.88235294117647,0.5682550217390279,0.06328332151377278,0.32897384338210645,0.03948781336509279,0.3684616567471993
46.38655462184874,0.5679254874096021,0.06340827935835901,0.32908345013576407,0.039582783096274894,0.36866623323203895
46.890756302521005,0.5676074748965036,0.06353570935217173,0.3291794190871433,0.03967739666418139,0.36885681575132473
47.39495798319328,0.567300744666294,0.06366532523000326,0.32926232812786715,0.03977160197583569,0.36903393010370283
47.89915966386555,0.5670050563494213,0.06379685202294824,0.3293327426195876,0.03986534900804296,0.36919809162763056
48.403361344537814,0.5667201688009883,0.06393002615717677,0.32939121518029674,0.03995858986153819,0.36934980504183496
48.90756302521008,0.5664458408658029,0.06406459481703523,0.3294382856781718,0.04005127863899024,0.369489564317162
49.41176470588235,0.5661818315295553,0.06420031571831004,0.3294744813289719,0.04014337142316271,0.3696178527521346
49.91596638655462,0.5659279001991808,0.06433695731287654,0.32950031615173,0.04023482633621272,0.3697351424879427
50.42016806722689,0.5656838072477784,0.06447429773446434,0.3295162916865334,0.040325603331223876,0.3698418950177573
50.924369747899156,0.5654493141082861,0.0646121255755107,0.3295228959471972,0.04041566436900595,0.36993856031620315
51.42857142857143,0.5652241839708555,0.06475023850594532,0.3295206043939247,0.040504973129274466,0.3700255775231992
51.9327731092437,0.5650081816584497,0.06488844428348758,0.32950987881340094,0.040593495244661874,0.3701033740580628
52.436974789915965,0.5648010740404719,0.06502655934488903,0.3294911685978193,0.04068119801681995,0.37017236661463926
52.94117647058823,0.5646026301850406,0.06516440939955426,0.329464909866495,0.04076805054891009,0.37023296041540515
53.4453781512605,0.5644126212793908,0.06530182895205841,0.3294315260958139,0.0408540236727368,0.3702855497685507
53.94957983193277,0.5642308211768833,0.06543866063347581,0.32939142838911895,0.04093908980052197,0.3703305181896409
54.45378151260504,0.5640570060704841,0.06557475612620142,0.3293450146571159,0.041023223146198516,0.3703682378033144
54.95798319327731,0.5638909550486804,0.06570997498506398,0.32929267049492655,0.04110639947132924,0.37039906996625577
55.46218487394958,0.5637324503692868,0.0658441847612079,0.32923476875864705,0.0411885961108584,0.3704233648695054
55.96638655462185,0.5635812775225713,0.06597726065928756,0.3291716699069539,0.041269791911187216,0.37044146181814114
56.470588235294116,0.563437225075721,0.0661090854906079,0.3291037221896512,0.0413499672440198,0.3704536894336711
56.97478991596638,0.5633000848857045,0.06623954931297042,0.32903126187015047,0.04142910393117474,0.3704603658013252
57.47899159663865,0.5631696515498723,0.06636854956926279,0.3289546135619866,0.0415071853188784,0.370461798880865
57.983193277310924,0.5630457224307357,0.0664959904774718,0.3288740909312022,0.041584196160590246,0.3704582870917924
58.48739495798319,0.5629280987383071,0.0666217830825068,0.3287899956050476,0.04166012257413853,0.37045011817918616
58.99159663865546,0.5628165859789543,0.066745844819545,0.32870261726828065,0.04173495193322002,0.3704375692015007
59.49579831932773,0.5627109932242222,0.06686809945392566,0.32861223441439547,0.04180867290745658,0.370420907321852
60.0,0.5626111318681839,0.06698847703964247,0.3285191155536842,0.04188127553848943,0.3704003910921736
60.0,0.5626111318681839,0.06698847703964247,0.3285191155536842,0.04188127553848943,0.3704003910921736
61.111111111111114,0.5703544278208544,0.09803165336427985,0.27145525035574075,0.060158668459124945,0.3316139188148657
62.22222222222222,0.5558464123663112,0.1360815610075324,0.22481783046455497,0.0832541961616015,0.30807202662615646
63.333333333333336,0.526711864599538,0.17760440373020225,0.18572549516650108,0.10995823650375862,0.2956837316702597
64.44444444444444,0.49016063128281945,0.21796888706077544,0.15344427081818948,0.13842621083821566,0.29187048165640517
65.55555555555556,0.45249747929927936,0.2530907351330671,0.1276181982613401,0.16679358730631336,0.29441178556765346
66.66666666666667,0.4181777039391368,0.28054689491778334,0.10762266409864764,0.19365273704443225,0.3012754011430799
67.77777777777777,0.3895640430460665,0.29969932956597956,0.09255180549555768,0.21818482189239635,0.310736627387954
68.88888888888889,0.3673617572225936,0.31117655840218433,0.08141583227805087,0.24004585209717128,0.3214616843752221
70.0,0.351265775924149,0.31623837161241797,0.07330712387562216,0.2591887285878107,0.3324958524634329
70.0,0.351265775924149,0.31623837161241797,0.07330712387562216,0.2591887285878107,0.3324958524634329
71.11111111111111,0.41764338045439625,0.2593253366889905,0.09384388578989183,0.22918739706672145,0.3230312828566133
72.22222222222223,0.47209959538687596,0.21431036776432552,0.11267626739937214,0.20091376944942635,0.31359003684879855
73.33333333333333,0.5143843847055786,0.17950327718941272,0.12977979795533445,0.1763325401496742,0.3061123381050086
74.44444444444444,0.5464061742992016,0.1526836599188541,0.14525617645539626,0.15565398932654817,0.30091016578194446
75.55555555555556,0.5703052637816908,0.13192280895441505,0.1592832360042428,0.13848869125965127,0.29777192726389407
76.66666666666667,0.5879385890689026,0.11571798267116476,0.17205343767375633,0.12428999058617625,0.2963434282599326
77.77777777777777,0.6007859188443426,0.10294568449029146,0.18374262895479343,0.11252576771057253,0.296268396665366
78.88888888888889,0.6099858003097051,0.09277859698602874,0.19449973881733695,0.10273586388692933,0.29723560270426624
80.0,0.6164021635440595,0.08460904230241054,0.20444651929582658,0.09454227485770342,0.29898879415352997
80.0,0.6164021635440595,0.08460904230241054,0.20444651929582658,0.09454227485770342,0.29898879415352997
81.11111111111111,0.5987263801276455,0.10888236536289672,0.1719421198114563,0.12044913469800142,0.2923912545094577
82.22222222222223,0.5687719225654291,0.13479504134714151,0.14739159046081768,0.14904144562661173,0.29643303608742944
83.33333333333333,0.5345101898262332,0.15975387906600932,0.1277042404455174,0.17803169066224003,0.3057359311077575
84.44444444444444,0.5008097584847722,0.18177887068093318,0.11177814153037066,0.20563322930392405,0.31741137083429477
85.55555555555556,0.4704718879021674,0.199758462788311,0.09903796624342755,0.23073168306609418,0.3297696493095217
86.66666666666667,0.444805486532252,0.21337433128835012,0.08900199368014727,0.25281818849925053,0.34182018217939786
87.77777777777777,0.42412329338419974,0.222859918277241,0.08120552126036175,0.27181126707819736,0.35301678833855915
88.88888888888889,0.40815532479476224,0.22874783774239182,0.07521768643185485,0.2878791510309911,0.363096837462846
90.0,0.3963474792559101,0.23167971591778186,0.07066314819659185,0.3013096566297161,0.37197280482630796
90.0,0.3963474792559101,0.23167971591778186,0.07066314819659185,0.3013096566297161,0.37197280482630796
91.11111111111111,0.46655369305756034,0.1869410472206517,0.09149544972232053,0.2550098099994673,0.3465052597217878
92.22222222222223,0.5207229086114342,0.15289877603078028,0.11040948054212425,0.21596883481566126,0.3263783153577855
93.33333333333333,0.5604835174974657,0.12742077650215827,0.12751478830569526,0.18458091769468077,0.31209570600037606
94.44444444444444,0.5890228935887519,0.10829641677459832,0.14300517251836284,0.15967551711828706,0.3026806896366499
95.55555555555556,0.6091947499400894,0.09379666981593335,0.15710330948147702,0.13990527076250017,0.2970085802439772
96.66666666666667,0.6232084890079591,0.08266674563587494,0.17001492102891494,0.12410984432725106,0.294124765356166
97.77777777777777,0.632695752051842,0.07401635272894676,0.18191234244948062,0.11137555276973046,0.2932878952192111
98.88888888888889,0.6388440094895723,0.06721535471299352,0.19293373662390068,0.10100689917353343,0.2939406357974341
100.0,0.6425168785034664,0.061814754426683695,0.20318799808872556,0.09248036898112427,0.29566836706984984
100.0,0.6425168785034664,0.061814754426683695,0.20318799808872556,0.09248036898112427,0.29566836706984984
101.11111111111111,0.6281855830193318,0.08094140128261054,0.17259127695657434,0.11828173874148337,0.29087301569805774
102.22222222222223,0.600919018252472,0.10227948625273817,0.14958675312079955,0.1472147423739902,0.29680149549478974
103.33333333333333,0.5681470453278012,0.1238949215197654,0.13096267995265978,0.1769953531997735,0.30795803315243325
104.44444444444444,0.5346081944233602,0.14407602677247863,0.11561946156543651,0.20569631723872472,0.32131577880416123
105.55555555555556,0.5032867425592014,0.16163676034564248,0.10307389845742483,0.23200259863773126,0.33507649709515613
106.66666666666667,0.4758180861024521,0.17598724079739245,0.09296515449067437,0.25522951860948107,0.34819467310015545
107.77777777777777,0.4528468851734028,0.1870309093272449,0.0849362679224711,0.27518593757688115,0.36012220549935225
108.88888888888889,0.4343703159495767,0.19499717321488702,0.07863556031079443,0.29199695052474184,0.3706325108355363
110.0,0.4200204380871078,0.2002860892956271,0.07373913930598631,0.30595433331127875,0.37969347261726505
110.0,0.4200204380871078,0.2002860892956271,0.07373913930598631,0.30595433331127875,0.37969347261726505
111.11111111111111,0.48663330598006405,0.162116992635754,0.0944052355349412,0.2568444658492407,0.35124970138418193
112.22222222222223,0.5374531662836647,0.13317479183883799,0.11300072937137437,0.21637131250612296,0.32937204187749736
113.33333333333333,0.5743150334469639,0.11156924923989002,0.12978585082140304,0.1843298664917431,0.31411571731314614
114.44444444444444,0.6004691018799602,0.09536761013299036,0.14500232546943156,0.15916096251761805,0.30416328798704967
115.55555555555556,0.6187226041223779,0.0830835831802673,0.15888149797646364,0.1393123147208911,0.2981938126973548
116.66666666666667,0.6312035381342664,0.07365041264937652,0.17162400218161475,0.12352204703474226,0.295146049216357
117.77777777777777,0.6394631670544113,0.0663160037765399,0.18339340514471067,0.11082742402433816,0.29422082916904885
118.88888888888889,0.6446213807534363,0.06054972529674438,0.1943191676445254,0.10050972630529384,0.2948288939498192
120.0,0.6474885472963294,0.055973921467923966,0.2045027271951566,0.09203480404059008,0.2965375312357467
120.0,0.6474885472963294,0.055973921467923966,0.2045027271951566,0.09203480404059008,0.2965375312357467
121.11111111111111,0.6342445662565285,0.07384894547474606,0.17394086989317487,0.11796561837555058,0.29190648826872545
122.22222222222223,0.6077953557150126,0.09406022103312262,0.15097452313021847,0.14716990012164613,0.29814442325186463
123.33333333333333,0.5754553081608671,0.11484081426421779,0.13234995173255693,0.177353925842358,0.30970387757491497
124.44444444444444,0.5419592404172516,0.13455186691318638,0.11695335165160664,0.2065355410179555,0.3234888926695621
125.55555555555556,0.5103645046873034,0.15199526556345638,0.1043103884049345,0.23332984134430557,0.3376402297492401
126.66666666666667,0.4824095244829863,0.16651793782826171,0.0940781629397342,0.2569943747490178,0.351072537688752
127.77777777777777,0.4588361074689773,0.17794300048618208,0.08591659656437625,0.2773042954804645,0.3632208920448407
128.88888888888889,0.4397158470168938,0.18642438424600058,0.07948588576520438,0.2943738829719012,0.3738597687371056
130.0,0.42473008120293093,0.19230116893247176,0.0744689212412709,0.3084998286233265,0.38296874986459734
130.0,0.42473008120293093,0.19230116893247176,0.0744689212412709,0.3084998286233265,0.38296874986459734
131.11111111111111,0.4904247823300449,0.1559261136968082,0.09509223020524898,0.25855687376789793,0.35364910397314686
132.22222222222223,0.5404722471976369,0.12832999132802902,0.11361674048024008,0.2175810209940941,0.3311977614743342
133.33333333333334,0.5767122403000026,0.10771957854750983,0.13033278894368022,0.18523539220880736,0.3155681811524876
134.44444444444446,0.6023813594825446,0.09225465855273905,0.1454903518295708,0.1598736301351456,0.30536398196471637
135.55555555555554,0.6202616811486787,0.08052143769336245,0.15932149862023692,0.13989538253772185,0.29921688115795875
136.66666666666666,0.6324559004975792,0.07150580639637165,0.17202532747191918,0.12401296563412997,0.2960382931060491
137.77777777777777,0.6404942106285356,0.0644927991382319,0.1837634784764601,0.11124951175677232,0.29501299023323246
138.88888888888889,0.6454802558519508,0.05897778118302388,0.1946636946127662,0.10087826835225915,0.29554196296502533
140.0,0.6482122747027413,0.054601368970505805,0.20482604204901947,0.09236031427773334,0.2971863563267528
140.0,0.6482122747027413,0.054601368970505805,0.20482604204901947,0.09236031427773334,0.2971863563267528
141.11111111111111,0.6351748256534137,0.07217963584852823,0.17424055299725807,0.11840498550080003,0.2926455384980581
142.22222222222223,0.6088817203388974,0.09211534201348824,0.151257000940639,0.14774593670697522,0.29900293764761426
143.33333333333334,0.5766259358104866,0.11268131566961202,0.1326150067103704,0.17807774180953093,0.31069274851990136
144.44444444444446,0.5431423703688887,0.13225862675711447,0.11719715373126702,0.20740184914272972,0.32459900287399673
145.55555555555554,0.5115023388442711,0.1496500772655445,0.104529232430346,0.23431835145983845,0.33884758389018443
146.66666666666666,0.48346337721901333,0.16419099189710526,0.09427026129914103,0.2580753695847404,0.35234563088388143
147.77777777777777,0.4597850928040905,0.17568764046818053,0.08608220825257293,0.27844505847515605,0.36452726672772895
148.88888888888889,0.4405526020685128,0.18427701739318617,0.07962671655678304,0.2955436639815179,0.37517038053830093
150.0,0.42545613585882003,0.190283780776467,0.07458743954187173,0.3096726438228413,0.384260083364713
150.0,0.42545613585882003,0.190283780776467,0.07458743954187173,0.3096726438228413,0.384260083364713
151.11111111111111,0.4909899071732359,0.15437572099962066,0.09520325693227788,0.2594311148948656,0.35463437182714347
152.22222222222223,0.540906546774424,0.12712486917343038,0.1137165747876386,0.21825200926450697,0.3319685840521456
153.33333333333334,0.577045069477484,0.10676651693700658,0.13042202927141197,0.18576638431409745,0.3161884135855094
154.44444444444446,0.6026378503891151,0.09148654120189953,0.14557061099549726,0.1603049974134881,0.30587560840898537
155.55555555555554,0.6204615089672679,0.07989074772190131,0.1593943414761921,0.14025340183463866,0.2996477433108308
156.66666666666666,0.6326138193453831,0.07097885702842689,0.17209200392836757,0.1243153196978224,0.29640732362618993
157.77777777777777,0.6406210968190382,0.0640454729755155,0.18382491854431984,0.11150851166112631,0.29533343020544617
158.88888888888889,0.6455840977681889,0.05859257470266807,0.19472057375914037,0.10110275377000272,0.2958233275291431
160.0,0.6482989563049283,0.05426538554323238,0.2048788525711602,0.09255680558067919,0.29743565815183937
160.0,0.6482989563049283,0.05426538554323238,0.2048788525711602,0.09255680558067919,0.29743565815183937
161.11111111111111,0.6352940934114673,0.07176972527467752,0.17428664191312518,0.11864953940073017,0.29293618131385535
162.22222222222223,0.6090266791444653,0.0916346793297428,0.1512979592100383,0.14804068231575354,0.29933864152579187
163.33333333333334,0.576785711977725,0.11214288613778328,0.13265186387352124,0.1784195380109705,0.3110714018844917
164.44444444444446,0.5433058754190786,0.1316809815037016,0.11723019411025687,0.20778294896696298,0.3250131430772198
165.55555555555554,0.5116605054249167,0.1490529530377594,0.10455843701748624,0.23472810451983755,0.33928654153732374
166.66666666666666,0.4836099912946972,0.16359214743729997,0.09429563463845331,0.2585022266295496,0.3527978612680029
167.77777777777777,0.459916632045457,0.17510127006758802,0.08610389139425115,0.2788782064927037,0.3649820978869548
168.88888888888889,0.44066761853130115,0.18371340510532352,0.07964497410083925,0.29597400226253606,0.3756189763633753
170.0,0.42555457577813277,0.18974967090792205,0.07460260736652922,0.310093145947416,0.38469575331394523
170.0,0.42555457577813277,0.18974967090792205,0.07460260736652922,0.310093145947416,0.38469575331394523
171.11111111111111,0.4910635098946009,0.15396678227299368,0.09521723701588836,0.259752470816517,0.35496970783240533
172.22222222222223,0.5409603092641775,0.1268078267428874,0.11372910643663782,0.21850275755629728,0.3322318639929351
173.33333333333334,0.5770840408285749,0.1065161391879089,0.13043328462474438,0.18596653535877167,0.3163998199835161
174.44444444444446,0.6026662154464117,0.09128486794938455,0.14558081709572657,0.16046809950847724,0.3060489166042038
175.55555555555554,0.6204824363823962,0.07972516955114116,0.1594036728397502,0.1403887212267124,0.2997923940664626
176.66666666666666,0.6326296149962581,0.07084048408244623,0.17210057059401543,0.12442933032728026,0.29652990092129566
177.77777777777777,0.6406334132751463,0.06392796329735399,0.18383278096119146,0.11160584246630824,0.2954386234274997
178.88888888888889,0.6455941148460504,0.058491335618581206,0.1947277608964534,0.10118678863891493,0.2959145495353684
180.0,0.6483075167161125,0.054177037455166686,0.2048853766490114,0.09263006917970946,0.29751544582872086
180.0,0.6483075167161125,0.054177037455166686,0.2048853766490114,0.09263006917970946,0.29751544582872086
181.11111111111111,0.6353076185757256,0.07166155128598801,0.1742918590685384,0.11873897106974794,0.29303083013828635
182.22222222222223,0.6090445477948653,0.09150710996916465,0.15130217820000255,0.14814616403596761,0.29944834223597017
183.33333333333334,0.5768064410902293,0.11199896248858884,0.1326554535585342,0.17853914286264766,0.31119459642118186
184.44444444444446,0.5433278170113565,0.13152535821030875,0.11723336341399562,0.20791346136433916,0.3251468247783348
185.55555555555554,0.5116822274227034,0.1488907938493372,0.1045612648937715,0.2348657138341879,0.33942697872795935
186.66666666666666,0.4836304364238362,0.1634282668384443,0.09429813709547259,0.258643159642247,0.35294129673771957
187.77777777777777,0.4599351247384938,0.17493965186051774,0.08610606670996518,0.27901915669102323,0.3651252234009884
188.88888888888889,0.44068379656429313,0.18355704568332312,0.07964682307507538,0.29611233467730824,0.3757591577523836
190.0,0.425568303466111,0.18960062823301074,0.07460413884374284,0.31022692945713537,0.3848310683008782
190.0,0.425568303466111,0.18960062823301074,0.07460413884374284,0.31022692945713537,0.3848310683008782
191.11111111111111,0.49107325407583513,0.15385276365725775,0.09521856360731443,0.25985541865959266,0.3550739822669071
192.22222222222223,0.5409668760985238,0.12671945696659578,0.11373026604009182,0.21858340089478853,0.33231366693488035
193.33333333333334,0.5770883442391512,0.1064463329840915,0.13043432761863893,0.18603099515811833,0.31646532277675726
194.44444444444446,0.6026690034411146,0.09122860561523435,0.14558177737856032,0.1605206135650906,0.30610239094365094
195.55555555555554,0.6204842603173563,0.07967893855604269,0.1594045641416489,0.14043223698495208,0.299836801126601
196.66666666666666,0.6326308646058079,0.07080181297805789,0.17210139168719002,0.1244659307289442,0.2965673224161342
197.77777777777777,0.6406343593991453,0.06389509084126481,0.18383352200688577,0.11163702775270423,0.29547054975959
198.88888888888889,0.6455949442889805,0.0584629869248305,0.19472840848512957,0.10121366030105954,0.2959420687861891
200.0,0.648308357471823,0.054152274403673414,0.2048859172208454,0.09265345090365809,0.2975393681245035
200.0,0.648308357471823,0.054152274403673414,0.2048859172208454,0.09265345090365809,0.2975393681245035
201.11111111111111,0.635309346395774,0.07163115346525831,0.17429217440696698,0.1187673257320006,0.2930595001389676
202.22222222222223,0.6090471703167621,0.09147113753776151,0.1513023266431013,0.14817936550237484,0.29948169214547615
203.33333333333334,0.5768097410898574,0.11195821489397913,0.13265553888481785,0.1785765051313457,0.31123204401616356
204.44444444444446,0.5433315072537722,0.13148111173077587,0.11723345027532821,0.2079539307401238,0.32518738101545197
205.55555555555554,0.5116860316623332,0.14884449754542517,0.1045613761069366,0.234908094685305,0.33946947079224155
206.66666666666666,0.48363412909477965,0.16338129672701635,0.09429827031953152,0.25868630385867236,0.3529845741782039
207.77777777777777,0.459938542315088,0.17489316577255315,0.08610620933449743,0.2790620825778614,0.36516829191235883
208.88888888888889,0.44068683276781,0.18351192945975003,0.07964696092061468,0.2961542768518253,0.37580123777244007
210.0,0.42557089808555015,0.18955750245956976,0.07460425999410536,0.31026733946077467,0.38487159945488
210.0,0.42557089808555015,0.18955750245956976,0.07460425999410536,0.31026733946077467,0.38487159945488
211.11111111111111,0.4910750443467447,0.1538197613292946,0.09521863953786988,0.25988655478609085,0.35510519432396076
212.22222222222223,0.5409680133943715,0.12669386594795115,0.11373031970911074,0.21860780094856666,0.33233812065767737
213.33333333333334,0.5770890286907938,0.10642610442798867,0.1304343739370766,0.18605049294414097,0.3164848668812176
214.44444444444446,0.6026694003981362,0.09121228951024085,0.1455818232001825,0.1605364868914405,0.30611831009162305
215.55555555555554,0.6204844906141787,0.07966552090136231,0.1594046099707338,0.1404453785137253,0.29984998848445915
216.66666666666666,0.6326310125082123,0.07079058046651586,0.17210143404065648,0.12447697298461548,0.29657840702527194
217.77777777777777,0.6406344824882687,0.06388553510770757,0.18383355544575422,0.1116464269582694,0.2954799824040236
218.88888888888889,0.6455950814401291,0.0584547398939281,0.19472842705198565,0.10122175161395715,0.29595017866594275
220.0,0.6483085345578736,0.05414506513251003,0.20488591534912154,0.09266048496049495,0.2975464003096165
220.0,0.6483085345578736,0.05414506513251003,0.20488591534912154,0.09266048496049495,0.2975464003096165
221.11111111111111,0.6353097366344723,0.07162229233571109,0.17429213245746086,0.11877583857235555,0.2930679710298164
222.22222222222223,0.6090477948488291,0.09146063580548881,0.15130225694926328,0.14818931239641886,0.2994915693456821
223.33333333333334,0.5768105555058769,0.11194630033833755,0.1326554694963751,0.17858767465941042,0.3112431441557855
224.44444444444446,0.543332443136355,0.1314681538545435,0.11723339845467098,0.20796600455443062,0.3251994030091016
225.55555555555554,0.5116870184109019,0.14883091935511758,0.1045613467051503,0.2349207155288302,0.3394820622339805
226.66666666666666,0.4836351056596295,0.16336750240467873,0.09429826054029068,0.25869913139540107,0.35299739193569174
227.77777777777777,0.4599394617884238,0.17487949726478755,0.0861062132814567,0.2790748276653319,0.3651810409467886
228.88888888888889,0.4406876624916126,0.1834986497898667,0.07964697235787736,0.2961667153606434,0.37581368771852075
230.0,0.4255716176255668,0.1895447970115086,0.07460427359977408,0.3102793117631506,0.3848835853629247
230.0,0.4255716176255668,0.1895447970115086,0.07460427359977408,0.3102793117631506,0.3848835853629247
231.11111111111111,0.4910755501829787,0.15381003341469462,0.0952186405790508,0.2598957758232758,0.35511441640232655
232.22222222222223,0.5409683423145533,0.12668631871095065,0.11373031554681845,0.21861502342767763,0.3323453389744961
233.33333333333334,0.5770892342518652,0.10642013559192792,0.13043436899960836,0.1860562611565984,0.31649063015620676
234.44444444444446,0.6026695276137938,0.09120747270216974,0.1455818194114918,0.1605411802725446,0.3061229996840364
235.55555555555554,0.6204845726132941,0.07966155786063041,0.15940460737580364,0.14044926215027176,0.2998538695260754
236.66666666666666,0.6326310724891654,0.07078726130702763,0.17210143152896476,0.12448023467484229,0.29658166620380705
237.77777777777777,0.6406345363471303,0.06388271019408863,0.18383355135060256,0.11164920210817854,0.29548275345878106
238.88888888888889,0.645595139928331,0.05845230084782375,0.19472841956891332,0.10122413965493199,0.29595255922384534
240.0,0.6483086048360606,0.05414293215014629,0.204885902798632,0.09266256021516124,0.29754846301379323
240.0,0.6483086048360606,0.05414293215014629,0.204885902798632,0.09266256021516124,0.29754846301379323
241.11111111111111,0.6353098697812817,0.07161966941304203,0.17429211144294898,0.11877834936272724,0.2930704608056762
242.22222222222223,0.6090479978911804,0.09145752601935807,0.1513022305597139,0.14819224552974775,0.29949447608946167
243.33333333333334,0.5768108156721965,0.11194277099410509,0.13265544546465388,0.17859096786904458,0.31124641333369846
244.44444444444446,0.5433327401507307,0.13146431438712863,0.11723338134730373,0.2079695641148369,0.3252029454621406
245.55555555555554,0.5116873310813058,0.14882689517890235,0.10456133747806842,0.23492443626172343,0.33948577373979183
246.66666666666666,0.4836354155070875,0.16336341343427183,0.09429825797308705,0.2587029130855535,0.35300117105864054
247.77777777777777,0.4599397545244165,0.17487544500212623,0.08610621532809302,0.2790785851453642,0.36518480047345725
248.88888888888889,0.4406879281132636,0.18349471234493206,0.07964697695389734,0.2961703825879069,0.37581735954180423
250.0,0.4255718498357121,0.18954102946521717,0.07460427901711339,0.31028284168195736,0.3848871206990707
250.0,0.4255718498357121,0.18954102946521717,0.07460427901711339,0.31028284168195736,0.3848871206990707
251.11111111111111,0.49107571736307326,0.15380714774088902,0.09521864215534982,0.259898492740688,0.3551171348960378
252.22222222222223,0.5409684551571972,0.12668407917017416,0.1137303153547125,0.21861715031791612,0.33234746567262863
253.33333333333334,0.577089308657028,0.10641836391198974,0.13043436835417138,0.18605795907681089,0.31649232743098227
254.44444444444446,0.6026695770979054,0.09120604261046539,0.1455818189240394,0.16054256136758993,0.3061243802916293
255.55555555555554,0.6204846072140952,0.07966038098657853,0.15940460710968046,0.14045040468964584,0.29985501179932633
256.6666666666667,0.6326310992932211,0.07078627544204918,0.17210143120231933,0.12448119406241034,0.29658262526472967
257.77777777777777,0.6406345602502879,0.06388187097467639,0.18383355051000644,0.11165001826502924,0.2954835687750357
258.8888888888889,0.6455951642720118,0.05845157613470934,0.194728417712575,0.1012248418807038,0.2959532595932788
260.0,0.6483086318704548,0.0541422982732034,0.20488589945474078,0.0926631704016009,0.29754906985634166
