Generation,xOC,xOB,xMMd,xMMr,total xMM
0.0,0.26666666666666666,0.4,0.26666666666666666,0.06666666666666667,0.3333333333333333
0.5042016806722689,0.4085890786166227,0.31790828171296287,0.21886329705026814,0.05463934262014627,0.2735026396704144
1.0084033613445378,0.4737462698961484,0.27589572265895385,0.20097019534720026,0.04938781209769757,0.25035800744489783
1.5126050420168067,0.5094106689837506,0.2494755287106581,0.19441613649976802,0.04669766580582327,0.2411138023055913
2.0168067226890756,0.5313515932755413,0.2304700867295451,0.19301916765958535,0.045159152335328225,0.23817831999491357
2.5210084033613445,0.5461519658801268,0.21548865435316278,0.19417470213523438,0.04418467763147597,0.23835937976671034
3.0252100840336134,0.5569241926835129,0.20294081613576323,0.19663562408364682,0.04349936709707703,0.24013499118072384
3.5294117647058822,0.565255825453945,0.19201695082339787,0.19976066821930746,0.04296655550334975,0.2427272237226572
4.033613445378151,0.5720000500903253,0.1822766187684569,0.2032070543483246,0.04251627679289323,0.24572333114121783
4.53781512605042,0.5776355891067989,0.17346396895775357,0.20678803648190305,0.04211240545354448,0.24890044193544755
5.042016806722689,0.5824429124633957,0.16541932318087277,0.21040132172855724,0.04173644262717443,0.25213776435573165
5.546218487394958,0.5865945988612253,0.15803500723651093,0.21399122907334292,0.041379164828920685,0.2553703939022636
6.050420168067227,0.5902030702382569,0.15123264927210692,0.21752806294318935,0.04103621754644665,0.258564280489636
6.554621848739496,0.5933463301571869,0.14495124704806656,0.2209966606837142,0.04070576211103245,0.26170242279474665
7.0588235294117645,0.5960820633030279,0.1391407575433623,0.2243899640657938,0.04038721508781577,0.26477717915360954
7.563025210084033,0.5984554699636697,0.13375856343423106,0.22770539015612068,0.04008057644597866,0.2677859666020993
8.067226890756302,0.6005036879462049,0.12876745723743796,0.2309427780229417,0.03978607679341549,0.27072885481635717
8.571428571428571,0.6022583416566025,0.12413443532035587,0.2341032258389129,0.039503997184128656,0.2736072230230416
9.07563025210084,0.6037470433182855,0.11982993397545964,0.2371884398470021,0.03923458285925272,0.2764230227062548
9.579831932773109,0.6049943172132467,0.11582730797657947,0.24020036874103698,0.03897800606913675,0.27917837481017377
10.084033613445378,0.606022187249783,0.11210245055160005,0.2431410068537329,0.03873435534488407,0.281875362198617
10.588235294117647,0.6068505786758649,0.10863349614640874,0.2460122879744912,0.03850363720323513,0.2845159251777264
11.092436974789916,0.6074976021314115,0.1054005778346449,0.24881603578592348,0.038285784248020135,0.28710182003394363
11.596638655462185,0.6079797710011755,0.10238562084150615,0.2515539428346472,0.03808066532267116,0.2896346081573184
12.100840336134453,0.6083121747230734,0.09957216291248777,0.25422756635976357,0.03788809600467516,0.2921156623644387
12.605042016806722,0.6085086243499588,0.09694519516138925,0.25683833223827984,0.03770784825037212,0.294546180488652
13.109243697478991,0.6085817749496754,0.09449102072034236,0.2593875451207371,0.03753965920924529,0.2969272043299824
13.61344537815126,0.6085432256942962,0.09219713155737376,0.2618764027080897,0.03738324004024023,0.29925964274832995
14.117647058823529,0.6084036272192156,0.09005209026181106,0.2643060016471888,0.03723828087178469,0.30154428251897347
14.621848739495798,0.6081727662638542,0.08804542931752955,0.2666773477463291,0.03710445667228728,0.3037818044186164
15.126050420168067,0.6078596297444335,0.08616756158205151,0.2689913757193053,0.03698143295420958,0.3059728086735149
15.630252100840336,0.6074724770744825,0.08440969641172678,0.271248957399737,0.036868869114053834,0.3081178265137908
16.134453781512605,0.6070189098219717,0.08276376458646087,0.2734509043024797,0.036766421289087685,0.3102173255915674
16.63865546218487,0.6065059239635064,0.08122235113116597,0.2755979799896028,0.03667374491572488,0.3122717249053276
17.142857142857142,0.605939954795089,0.07977863630254256,0.27769091144577623,0.036590497456592194,0.31428140890236844
17.647058823529413,0.6053269302138929,0.0784263398815824,0.2797303903776294,0.03651633952689529,0.31624672990452474
18.15126050420168,0.6046723082626819,0.0771596725884524,0.28171708267417217,0.03645093647469351,0.3181680191488657
18.655462184873947,0.6039811166662149,0.07597329146000056,0.28365163260243964,0.03639395927134499,0.3200455918737847
19.159663865546218,0.6032579861872471,0.07486226017008578,0.285534668141918,0.03634508550074903,0.3218797536426671
19.66386554621849,0.6025071823369798,0.07382201273173367,0.2873668050569168,0.036303999874369726,0.3236708049312866
20.168067226890756,0.6017326339786154,0.07284832086503014,0.2891486504610505,0.036270394695303874,0.32541904515635434
20.672268907563023,0.6009379584589098,0.07193726442870754,0.2908808070212485,0.036243970091134024,0.3271247771123826
21.176470588235293,0.6001264860954189,0.07108520444565841,0.292563875418553,0.03622443404036965,0.3287883094589227
21.680672268907564,0.5993012827720089,0.07028876019697279,0.2941984535429396,0.03621150348807864,0.3304099570310182
22.18487394957983,0.5984651679379482,0.06954478527844785,0.29578514398780337,0.03620490279580065,0.331990046783604
22.6890756302521,0.597620732451396,0.06885034921091124,0.2973245535302492,0.03620436480744344,0.3335289183376927
23.19327731092437,0.5967703556407784,0.06820271905660398,0.29881729478496577,0.03620963051765183,0.33502692530261763
23.69747899159664,0.595916223091187,0.06759934263333736,0.3002639855407932,0.03622044873468255,0.33648443427547575
24.201680672268907,0.5950603385847337,0.06703783391000662,0.30166525144954276,0.036236576055716826,0.33790182750525954
24.705882352941174,0.5942045363691962,0.06651595973846104,0.3030217269790753,0.03625777691326741,0.3392795038923427
25.210084033613445,0.5933504929012045,0.06603162733566403,0.3043340565528594,0.0362838232102723,0.3406178797631317
25.714285714285715,0.5924997404919392,0.06558287283401441,0.30560289269136387,0.03631449398268249,0.34191738667404636
26.218487394957982,0.5916536757633939,0.0651678513157339,0.306828897548347,0.036349575372525166,0.34317847292087217
26.72268907563025,0.5908135688304313,0.06478482752609016,0.308012743229538,0.03638886041394039,0.3444016036434784
27.22689075630252,0.5899805730574066,0.06443216724273378,0.30915511096308296,0.036432148736776665,0.34558725969985965
27.73109243697479,0.589155732153809,0.06410832967792135,0.31025669168721803,0.036479246481051615,0.34673593816826964
28.235294117647058,0.5883399885001644,0.06381186027904821,0.31131818525375105,0.03652996596703617,0.3478481512207872
28.739495798319325,0.5875341899149392,0.06354138431016883,0.31234030024626985,0.03658412552862205,0.34892442577489186
29.243697478991596,0.5867390963161433,0.06329560092795435,0.31332375344214697,0.03664154931375529,0.34996530275590226
29.747899159663866,0.5859553857097626,0.06307327779679824,0.3142692694087691,0.03670206708467006,0.35097133649343915
30.252100840336134,0.585183660045733,0.06287324612248517,0.31517757980545946,0.03676551402632251,0.35194309383178196
30.7563025210084,0.5844244503067983,0.0626943961707561,0.3160494229584673,0.03683173056397819,0.3528811535224455
31.26050420168067,0.5836782218421503,0.06253567307144618,0.3168855429141381,0.03690056217226529,0.3537861050864034
31.764705882352942,0.5829453787739589,0.06239607306729379,0.3176866889435368,0.036971859215210456,0.35465854815874726
32.26890756302521,0.5822262684391374,0.0622746400265773,0.31845361475555584,0.0370454767787295,0.3554990915342853
32.773109243697476,0.581521185330769,0.06217046229695694,0.3191870778573504,0.03712127451492366,0.35630835237227404
33.27731092436974,0.5808303752762901,0.06208266972947034,0.31988783852150404,0.03719911647273547,0.3570869549942395
33.78151260504202,0.5801540387763701,0.06201043104587568,0.32055665920875986,0.03727887096899438,0.35783553017775427
34.285714285714285,0.5794923343268877,0.06195295139701374,0.3211943038229212,0.03736041045317748,0.35855471427609864
34.78991596638655,0.5788453816886725,0.06190947009673315,0.3218015368465442,0.037443611368050106,0.35924514821459436
35.294117647058826,0.5782132647037826,0.061879258615903286,0.3223791226524675,0.037528354027846635,0.3599074766803141
35.79831932773109,0.5775960344264933,0.06186161860931762,0.322927824483946,0.037614522480243225,0.3605423469641892
36.30252100840336,0.5769937113333867,0.061855880255300706,0.32344840399200225,0.03770200441931032,0.3611504084113126
36.80672268907563,0.5764062878193374,0.061861400657798826,0.3239416204491059,0.03779069107375777,0.3617323115228636
37.310924369747895,0.5758337307000964,0.061877562335727,0.32440822987665674,0.037880477087519814,0.36228870696417653
37.81512605042017,0.5752759829181482,0.06190377204023887,0.32484898458797445,0.03797126045363832,0.3628202450416128
38.319327731092436,0.5747329662272577,0.06193945933585071,0.32526463206391587,0.03806294237297588,0.3633275744368918
38.8235294117647,0.5742045826696963,0.06198407556188676,0.32565591457276916,0.03815542719564779,0.36381134176841695
39.32773109243698,0.5736907161113506,0.06203709283084967,0.32602356870137505,0.038248622356424795,0.3642721910577999
39.831932773109244,0.5731912341962375,0.06209800303374722,0.32636832450011743,0.03834243826989785,0.3647107627700153
40.33613445378151,0.5727059898957366,0.06216631693198966,0.32669090492033903,0.03843678825193476,0.3651276931722738
40.84033613445378,0.5722348225636699,0.06224156356409328,0.3269920253811796,0.038531588491057166,0.3655236138722368
41.344537815126046,0.5717775600022065,0.06232328922270865,0.3272723928648063,0.038626757910278704,0.36589915077508506
41.84873949579832,0.5713340193703339,0.06241105684782941,0.32753270565349446,0.03872221812834221,0.3662549237818366
42.35294117647059,0.5709040079783003,0.06250444550100458,0.3277736530858344,0.038817893434860765,0.3665915465206952
42.857142857142854,0.5704873244830958,0.06260304979273905,0.3279959149969561,0.03891371072720905,0.3669096257241651
43.36134453781513,0.5700837603306718,0.0627064791972217,0.3282001610647212,0.03900959940738523,0.36720976047210646
43.865546218487395,0.5696931004395284,0.06281435760754775,0.32838705060195306,0.039105491350970946,0.367492541952924
44.36974789915966,0.5693151239648919,0.0629263230448043,0.32855723210371174,0.03920132088659197,0.3677585529903037
44.87394957983193,0.5689496054949255,0.06304202703250929,0.32871134277306047,0.03929702469950483,0.36800836747256527
45.3781512605042,0.568596315775903,0.06316113401859137,0.32885000845327966,0.039392541752225896,0.36824255020550556
45.88235294117647,0.5682550217390279,0.06328332151377278,0.32897384338210645,0.03948781336509279,0.3684616567471993
46.38655462184874,0.5679254874096021,0.06340827935835901,0.32908345013576407,0.039582783096274894,0.36866623323203895
46.890756302521005,0.5676074748965036,0.06353570935217173,0.3291794190871433,0.03967739666418139,0.36885681575132473
47.39495798319328,0.567300744666294,0.06366532523000326,0.32926232812786715,0.03977160197583569,0.36903393010370283
47.89915966386555,0.5670050563494213,0.06379685202294824,0.3293327426195876,0.03986534900804296,0.36919809162763056
48.403361344537814,0.5667201688009883,0.06393002615717677,0.32939121518029674,0.03995858986153819,0.36934980504183496
48.90756302521008,0.5664458408658029,0.06406459481703523,0.3294382856781718,0.04005127863899024,0.369489564317162
49.41176470588235,0.5661818315295553,0.06420031571831004,0.3294744813289719,0.04014337142316271,0.3696178527521346
49.91596638655462,0.5659279001991808,0.06433695731287654,0.32950031615173,0.04023482633621272,0.3697351424879427
50.42016806722689,0.5656838072477784,0.06447429773446434,0.3295162916865334,0.040325603331223876,0.3698418950177573
50.924369747899156,0.5654493141082861,0.0646121255755107,0.3295228959471972,0.04041566436900595,0.36993856031620315
51.42857142857143,0.5652241839708555,0.06475023850594532,0.3295206043939247,0.040504973129274466,0.3700255775231992
51.9327731092437,0.5650081816584497,0.06488844428348758,0.32950987881340094,0.040593495244661874,0.3701033740580628
52.436974789915965,0.5648010740404719,0.06502655934488903,0.3294911685978193,0.04068119801681995,0.37017236661463926
52.94117647058823,0.5646026301850406,0.06516440939955426,0.329464909866495,0.04076805054891009,0.37023296041540515
53.4453781512605,0.5644126212793908,0.06530182895205841,0.3294315260958139,0.0408540236727368,0.3702855497685507
53.94957983193277,0.5642308211768833,0.06543866063347581,0.32939142838911895,0.04093908980052197,0.3703305181896409
54.45378151260504,0.5640570060704841,0.06557475612620142,0.3293450146571159,0.041023223146198516,0.3703682378033144
54.95798319327731,0.5638909550486804,0.06570997498506398,0.32929267049492655,0.04110639947132924,0.37039906996625577
55.46218487394958,0.5637324503692868,0.0658441847612079,0.32923476875864705,0.0411885961108584,0.3704233648695054
55.96638655462185,0.5635812775225713,0.06597726065928756,0.3291716699069539,0.041269791911187216,0.37044146181814114
56.470588235294116,0.563437225075721,0.0661090854906079,0.3291037221896512,0.0413499672440198,0.3704536894336711
56.97478991596638,0.5633000848857045,0.06623954931297042,0.32903126187015047,0.04142910393117474,0.3704603658013252
57.47899159663865,0.5631696515498723,0.06636854956926279,0.3289546135619866,0.0415071853188784,0.370461798880865
57.983193277310924,0.5630457224307357,0.0664959904774718,0.3288740909312022,0.041584196160590246,0.3704582870917924
58.48739495798319,0.5629280987383071,0.0666217830825068,0.3287899956050476,0.04166012257413853,0.37045011817918616
58.99159663865546,0.5628165859789543,0.066745844819545,0.32870261726828065,0.04173495193322002,0.3704375692015007
59.49579831932773,0.5627109932242222,0.06686809945392566,0.32861223441439547,0.04180867290745658,0.370420907321852
60.0,0.5626111318681839,0.06698847703964247,0.3285191155536842,0.04188127553848943,0.3704003910921736
60.0,0.5626111318681839,0.06698847703964247,0.3285191155536842,0.04188127553848943,0.3704003910921736
61.333333333333336,0.5689771039759638,0.10516636884431517,0.2614387488187771,0.06441777836094402,0.32585652717972113
62.666666666666664,0.545536291464962,0.15252636829751887,0.20833921779304046,0.09359812244447877,0.3019373402375192
64.0,0.5052342377240895,0.20225335484081525,0.16555909485055448,0.12695331258454068,0.29251240743509516
64.0,0.5052342377240895,0.20225335484081525,0.16555909485055448,0.12695331258454068,0.29251240743509516
65.33333333333333,0.5213481139374763,0.17798293904271456,0.1823688266070095,0.11830012041279965,0.3006689470198091
66.66666666666667,0.5393912915335396,0.15660332291094908,0.19499077208472565,0.10901461347078564,0.30400538555551126
68.0,0.5543571033721519,0.1391321317179631,0.20589404577147055,0.10061671913841429,0.3065107649098848
68.0,0.5543571033721519,0.1391321317179631,0.20589404577147055,0.10061671913841429,0.3065107649098848
69.33333333333333,0.5239224171694864,0.18096630136262037,0.16238323370931948,0.13272804775857383,0.29511128146789334
70.66666666666667,0.4818468237352969,0.22027853158795166,0.13120236158025922,0.16667228309649215,0.2978746446767514
72.0,0.44096408770744827,0.2517076981911587,0.10826593970864769,0.19906227439274538,0.30732821410139305
72.0,0.44096408770744827,0.2517076981911587,0.10826593970864769,0.19906227439274538,0.30732821410139305
73.33333333333333,0.4882475334325728,0.2065094478452402,0.13026331891371243,0.17497969980847453,0.30524301872218695
74.66666666666667,0.5267823509953732,0.17135914221154747,0.1487995031246721,0.15305900366840716,0.3018585067930793
76.0,0.5553462478525971,0.14482360887591525,0.16507973758871283,0.1347504056827747,0.2998301432714875
76.0,0.5553462478525971,0.14482360887591525,0.16507973758871283,0.1347504056827747,0.2998301432714875
77.33333333333333,0.5214572278686708,0.17720336244542204,0.13395041240363012,0.16738899728227696,0.3013394096859071
78.66666666666667,0.4820422562448598,0.20589226222837023,0.11214364399585582,0.19992183753091416,0.31206548152677
80.0,0.4466054653966002,0.22780653351731164,0.09613348828346734,0.22945451280262086,0.3255880010860882
80.0,0.4466054653966002,0.22780653351731164,0.09613348828346734,0.22945451280262086,0.3255880010860882
81.33333333333333,0.5022014485431396,0.18306591971582425,0.11928497961438826,0.19544765212664794,0.3147326317410362
82.66666666666667,0.5448261403662067,0.14954170515388562,0.13904338319093723,0.16658877128897043,0.30563215447990766
84.0,0.5750062305548926,0.12496226102949733,0.15643376777346166,0.14359774064214847,0.3000315084156101
84.0,0.5750062305548926,0.12496226102949733,0.15643376777346166,0.14359774064214847,0.3000315084156101
85.33333333333333,0.542284249687512,0.1524109039190165,0.12915721267171426,0.17614763372175715,0.30530484639347144
86.66666666666667,0.5041188664220662,0.17740304551520994,0.11003376623039157,0.20844432183233225,0.3184780880627239
88.0,0.46937868688851736,0.19727856321670784,0.0957742508985895,0.2375684989961853,0.3333427498947748
88.0,0.46937868688851736,0.19727856321670784,0.0957742508985895,0.2375684989961853,0.3333427498947748
89.33333333333333,0.5236078702986952,0.1580736033690055,0.11897670343929932,0.19934182289300012,0.31831852633229946
90.66666666666667,0.5642008201820207,0.1290593582838829,0.13869565537268397,0.1680441661614125,0.3067398215340965
92.0,0.5922036793185392,0.10800961798114564,0.15606428844393644,0.14372241425637872,0.29978670270031516
92.0,0.5922036793185392,0.10800961798114564,0.15606428844393644,0.14372241425637872,0.29978670270031516
93.33333333333333,0.5606575925230376,0.1330441557268162,0.12981044222130217,0.17648780952884385,0.30629825175014597
94.66666666666667,0.5228013073622276,0.1566079243382325,0.11135720218097772,0.20923356611856217,0.3205907682995399
96.0,0.48755816743785413,0.17612180081431494,0.09743629751886163,0.23888373422896922,0.33632003174783087
96.0,0.48755816743785413,0.17612180081431494,0.09743629751886163,0.23888373422896922,0.33632003174783087
97.33333333333333,0.5388473916440983,0.14147497684576765,0.1204978977428427,0.19917973376729117,0.3196776315101339
98.66666666666667,0.5769098886787851,0.11589571967903545,0.13999464187920302,0.1671997497629764,0.30719439164217943
100.0,0.6028028448797269,0.09738963843358352,0.15717714367104874,0.14263037301564088,0.2998075166866896
100.0,0.6028028448797269,0.09738963843358352,0.15717714367104874,0.14263037301564088,0.2998075166866896
101.33333333333333,0.572099613476469,0.12109860098115811,0.13113305034545564,0.17566873519691717,0.3068017855423728
102.66666666666667,0.5343687279879175,0.14393241657473596,0.11279736607210998,0.20890148936523661,0.32169885543734655
104.0,0.498655322439862,0.16334897427789513,0.0988731470808733,0.23912255620136968,0.33799570328224293
104.0,0.498655322439862,0.16334897427789513,0.0988731470808733,0.23912255620136968,0.33799570328224293
105.33333333333333,0.5477111794957322,0.1316285929033895,0.12181301443477742,0.19884721316610085,0.3206602276008783
106.66666666666667,0.5840272940615386,0.10819096840942305,0.1411372085328036,0.16664452899623466,0.30778173752903826
108.0,0.6085585329655873,0.09123636242140695,0.15817353554829647,0.14203156906470935,0.30020510461300587
108.0,0.6085585329655873,0.09123636242140695,0.15817353554829647,0.14203156906470935,0.30020510461300587
109.33333333333333,0.5783768049471553,0.11418925701089212,0.13212723902690696,0.17530669901504567,0.3074339380419526
110.66666666666667,0.5407198799465393,0.13660230792506883,0.11377316007968745,0.20890465204870437,0.3226778121283918
112.0,0.5047178412930288,0.15596078188000048,0.09978701618240786,0.23953436064456285,0.3393213768269707
112.0,0.5047178412930288,0.15596078188000048,0.09978701618240786,0.23953436064456285,0.3393213768269707
113.33333333333333,0.5524230826376963,0.12598385703644593,0.12265061763902473,0.19894244268683298,0.32159306032585766
114.66666666666667,0.5877256115909711,0.10380443064822857,0.1418705232929026,0.16659943446789777,0.30846995776080033
116.0,0.6114917357509885,0.08775121578343723,0.15881792264631328,0.141939125819261,0.3007570484655743
116.0,0.6114917357509885,0.08775121578343723,0.15881792264631328,0.141939125819261,0.3007570484655743
117.33333333333333,0.5816021074757792,0.1102707019547817,0.1327308633972238,0.17539632717221543,0.3081271905694392
118.66666666666667,0.5439882710691488,0.13243420996812222,0.11433886942510395,0.20923864953762497,0.32357751896272896
120.0,0.5078288700516788,0.15174715728357416,0.10030015575911919,0.240123816905628,0.34042397266474717
120.0,0.5078288700516788,0.15174715728357416,0.10030015575911919,0.240123816905628,0.34042397266474717
121.33333333333333,0.5547970298828794,0.12278165033154342,0.12312136106026444,0.1992999587253128,0.32242131978557725
122.66666666666667,0.5895586919232217,0.10132663035215496,0.14228460368614826,0.16683007403847494,0.3091146777246232
124.0,0.6129247016904954,0.0857889362474617,0.15918344356733635,0.14210291849470663,0.30128636206204296
124.0,0.6129247016904954,0.0857889362474617,0.15918344356733635,0.14210291849470663,0.30128636206204296
125.33333333333333,0.5831880488350424,0.10805967305045733,0.1330614936811088,0.17569078443339156,0.3087522781145004
126.66666666666667,0.5455976347962856,0.13007411660379342,0.11464003731769902,0.209688211282222,0.324328248599921
128.0,0.5093573873235663,0.14935174145983854,0.1005676612991374,0.24072320991745785,0.34129087121659524
128.0,0.5093573873235663,0.14935174145983854,0.1005676612991374,0.24072320991745785,0.34129087121659524
129.33333333333334,0.5559470677333097,0.12096755100800609,0.1233667932644573,0.19971858799422681,0.32308538125868413
130.66666666666666,0.5904348932682283,0.09992702623007815,0.14250118840900333,0.1671368920926903,0.3096380805016936
132.0,0.6136013854443755,0.08468297552501741,0.15937522008608587,0.14234041894452126,0.30171563903060716
132.0,0.6136013854443755,0.08468297552501741,0.15937522008608587,0.14234041894452126,0.30171563903060716
133.33333333333334,0.5839412260988085,0.10681031323138548,0.13323086322348715,0.1760175974463189,0.30924846066980605
134.66666666666666,0.5463630849702834,0.12873520016917045,0.11479112041721805,0.21011059444332808,0.32490171486054614
136.0,0.5100831404040763,0.14798659028746905,0.10069973595365062,0.24123053335480404,0.34193026930845466
136.0,0.5100831404040763,0.14798659028746905,0.10069973595365062,0.24123053335480404,0.34193026930845466
137.33333333333334,0.5564865808278263,0.11993609430272335,0.12348787328815268,0.2000894515812976,0.3235773248694503
138.66666666666666,0.5908409635504026,0.09913284931142541,0.1426082860914905,0.16741790104668153,0.31002618713817204
140.0,0.613911523913638,0.08405634984735388,0.1594702713267948,0.14256185491221318,0.30203212623900805
140.0,0.613911523913638,0.08405634984735388,0.1594702713267948,0.14256185491221318,0.30203212623900805
141.33333333333334,0.5842884019081521,0.1061003776333711,0.13331325005395203,0.17629797040452477,0.3096112204584768
142.66666666666666,0.5467166866318357,0.12797110245814836,0.1148633506295508,0.2104488602804652,0.325312210910016
144.0,0.5104180667690165,0.147203742343478,0.10076204526264008,0.24161614562486552,0.3423781908875056
144.0,0.5104180667690165,0.147203742343478,0.10076204526264008,0.24161614562486552,0.3423781908875056
145.33333333333334,0.5567328004640646,0.11934547280376936,0.1235448853370091,0.200376841395157,0.32392172673216607
146.66666666666666,0.5910240707145894,0.09867868920356314,0.14265880243186235,0.1676384376499852,0.31029724008184756
148.0,0.614049864064715,0.0836983221935621,0.15951519209552067,0.14273662164620235,0.302251813741723
148.0,0.614049864064715,0.0836983221935621,0.15951519209552067,0.14273662164620235,0.302251813741723
149.33333333333334,0.5844442943744956,0.1056934810373109,0.13335155644366237,0.17651066814453112,0.30986222458819346
150.66666666666666,0.5468760283555756,0.12753123994823062,0.11489640913327263,0.21069632256292126,0.3255927316961939
152.0,0.5105690085850969,0.14675089793578208,0.10079022591299339,0.2418898675661276,0.342680093479121
152.0,0.5105690085850969,0.14675089793578208,0.10079022591299339,0.2418898675661276,0.342680093479121
153.33333333333334,0.5568425604506873,0.1190040977062,0.1235705785329656,0.20058276331014718,0.3241533418431128
154.66666666666666,0.5911046773991542,0.0984163767127877,0.14268159745114506,0.16779734843691307,0.31047894588805813
156.0,0.6141100940888847,0.08349161424196554,0.15953549750854124,0.14286279416060843,0.3023982916691496
156.0,0.6141100940888847,0.08349161424196554,0.15953549750854124,0.14286279416060843,0.3023982916691496
157.33333333333334,0.5845127475472437,0.10545781766705144,0.1333686051953433,0.1766608295903617,0.310029434785705
158.66666666666666,0.5469464044025512,0.12727540748450933,0.11491089292704845,0.21086729518589106,0.3257781881129395
160.0,0.5106357961989099,0.1464863110189867,0.10080243354044606,0.24207545924165735,0.3428778927821034
160.0,0.5106357961989099,0.1464863110189867,0.10080243354044606,0.24207545924165735,0.3428778927821034
161.33333333333334,0.5568905952033184,0.11880469910979412,0.1235816399708548,0.20072306571603263,0.32430470568688746
162.66666666666666,0.591139476098461,0.09826319930514582,0.14269141891999584,0.16790590567639738,0.3105973245963932
164.0,0.6141357994327145,0.08337090873275435,0.15954426115212864,0.14294903068240258,0.3024932918345312
164.0,0.6141357994327145,0.08337090873275435,0.15954426115212864,0.14294903068240258,0.3024932918345312
165.33333333333334,0.5845423033489534,0.10531979460393928,0.13337584495542507,0.17676205709168238,0.3101379020471074
166.66666666666666,0.5469770748164278,0.1271249991396777,0.11491693871729258,0.21098098732660198,0.3258979260438945
168.0,0.5106650319368702,0.14633012577049603,0.10080747134100235,0.24219737095163152,0.34300484229263384
168.0,0.5106650319368702,0.14633012577049603,0.10080747134100235,0.24219737095163152,0.34300484229263384
169.33333333333334,0.5569113922848966,0.1186869874351403,0.12358615543226022,0.20081546484770302,0.3244016202799633
170.66666666666666,0.5911543197246293,0.09817276793258863,0.14269542846448247,0.16797748387829953,0.310672912342782
172.0,0.6141466371287144,0.08329963051365862,0.15954784517801554,0.1430058871796114,0.302553732357627
172.0,0.6141466371287144,0.08329963051365862,0.15954784517801554,0.1430058871796114,0.302553732357627
173.33333333333334,0.584554966496053,0.10523807574886568,0.1333787507572795,0.1768282069978018,0.31020695775508134
174.66666666666666,0.5469904053084009,0.12703565728390215,0.11491931499666219,0.21105462241103487,0.32597393740769703
176.0,0.5106778434091116,0.14623703841377372,0.10080942735588573,0.242275690821229,0.34308511817711473
176.0,0.5106778434091116,0.14623703841377372,0.10080942735588573,0.242275690821229,0.34308511817711473
177.33333333333334,0.5569204129398254,0.11861681079155906,0.1235878735988487,0.20087490266976676,0.3244627762686154
178.66666666666666,0.5911606580347981,0.09811884072295952,0.14269695208725403,0.1680235491549883,0.3107205012422423
180.0,0.6141512152741205,0.08325710846641786,0.1595492098163578,0.1430424664431037,0.30259167625946154
180.0,0.6141512152741205,0.08325710846641786,0.1595492098163578,0.1430424664431037,0.30259167625946154
181.33333333333334,0.5845604336578596,0.10518921837431683,0.13337983011503476,0.17687051785278882,0.3102503479678236
182.66666666666666,0.5469962812028857,0.1269821022503221,0.11492017198743197,0.21110144455936025,0.32602161654679224
184.0,0.510683564608107,0.146181088851818,0.10081012287571811,0.24232522366435683,0.34313534654007494
184.0,0.510683564608107,0.146181088851818,0.10081012287571811,0.24232522366435683,0.34313534654007494
185.33333333333334,0.5569244098335283,0.11857461493328357,0.12358845940315166,0.20091251583003644,0.3245009752331881
186.66666666666666,0.5911634257590863,0.09808640332864742,0.14269746907666864,0.16805270183559773,0.31075017091226637
188.0,0.6141531994679131,0.0832315199436042,0.1595496740266099,0.14306560656187267,0.3026152805884826
188.0,0.6141531994679131,0.0832315199436042,0.1595496740266099,0.14306560656187267,0.3026152805884826
189.33333333333334,0.5845628687551759,0.10515976669324469,0.13338018289760672,0.17689718165397256,0.3102773645515793
190.66666666666666,0.5469989700778514,0.1269497542394632,0.11492043779795753,0.2111308378847279,0.32605127568268544
192.0,0.5106862299374184,0.1461472267681999,0.1008103345931041,0.24235620870127766,0.34316654329438173
192.0,0.5106862299374184,0.1461472267681999,0.1008103345931041,0.24235620870127766,0.34316654329438173
193.33333333333334,0.5569262663438853,0.11854906605119496,0.12358861897485637,0.20093604863006348,0.3245246676049198
194.66666666666666,0.5911646985291561,0.09806675518867965,0.1426976075006706,0.16807093878149376,0.3107685462821643
196.0,0.6141541112614446,0.08321601353933263,0.15954979884127102,0.14308007635795167,0.3026298751992227
196.0,0.6141541112614446,0.08321601353933263,0.15954979884127102,0.14308007635795167,0.3026298751992227
197.33333333333334,0.5845640208638129,0.10514189624313901,0.13338026902880631,0.17691381386424182,0.3102940828930481
198.66666666666666,0.5470002808187033,0.1269300980434293,0.11492049349033538,0.21114912764753188,0.3260696211378673
200.0,0.5106875560038276,0.14612662128979245,0.10081037727961926,0.24237544542676065,0.34318582270637993
200.0,0.5106875560038276,0.14612662128979245,0.10081037727961926,0.24237544542676065,0.34318582270637993
201.33333333333334,0.5569271935568525,0.11853351294514643,0.12358863568253597,0.2009506578154651,0.3245392934980011
202.66666666666666,0.5911653331348312,0.0980547896671329,0.14269761954530605,0.1680822576527297,0.31077987719803574
204.0,0.6141545696803119,0.08320656656622913,0.15954980999746496,0.14308905375599404,0.302638863753459
204.0,0.6141545696803119,0.08320656656622913,0.15954980999746496,0.14308905375599404,0.302638863753459
205.33333333333334,0.5845646140012614,0.10513099907891589,0.13338026977605863,0.17692411714376421,0.31030438691982287
206.66666666666666,0.5470009733270592,0.12691810015249394,0.11492048578161916,0.21116044073882767,0.32608092652044685
208.0,0.5106882696885424,0.14611403201106948,0.10081037028807416,0.2423873280123139,0.34319769830038804
208.0,0.5106882696885424,0.14611403201106948,0.10081037028807416,0.2423873280123139,0.34319769830038804
209.33333333333334,0.5569276976245421,0.11852400711490195,0.12358861496390935,0.2009596802966467,0.324548295260556
210.66666666666666,0.5911656807057009,0.09804747407594903,0.14269759900295262,0.16808924621539745,0.3107868452183501
212.0,0.614154824641584,0.08320078886539467,0.15954979166763034,0.14309459482539105,0.30264438649302133
212.0,0.614154824641584,0.08320078886539467,0.15954979166763034,0.14309459482539105,0.30264438649302133
213.33333333333334,0.5845649478557531,0.10512433037971186,0.13338025080630808,0.1769304709582271,0.31031072176453517
214.66666666666666,0.547001369393674,0.1269107532310735,0.11492046599789728,0.2111674113773552,0.32608787737525247
216.0,0.5106886830752874,0.14610631839303434,0.10081035452359062,0.2423946440080877,0.3432049985316783
216.0,0.5106886830752874,0.14610631839303434,0.10081035452359062,0.2423946440080877,0.3432049985316783
217.33333333333334,0.556927993414741,0.11851818104673362,0.12358859149724882,0.2009652340412765,0.3245538255385253
218.66666666666666,0.5911658873536474,0.09804298915297671,0.14269757662377958,0.16809354686959635,0.3107911234933759
220.0,0.6141549788362723,0.08319724582139956,0.15954977155359643,0.14309800378873144,0.3026477753423279
220.0,0.6141549788362723,0.08319724582139956,0.15954977155359643,0.14309800378873144,0.3026477753423279
221.33333333333334,0.5845651497717895,0.10512023939123301,0.13338023266760826,0.17693437816936924,0.3103146108369775
222.66666666666666,0.5470016101806904,0.12690624452647659,0.11492044914604917,0.21117169614678388,0.32609214529283304
224.0,0.5106889359032175,0.14610158308066473,0.10081034152834958,0.2423991394877682,0.34320948101611776
224.0,0.5106889359032175,0.14610158308066473,0.10081034152834958,0.2423991394877682,0.34320948101611776
225.33333333333334,0.5569281765699031,0.11851460364718429,0.1235885739558847,0.20096864582702775,0.32455721978291246
226.66666666666666,0.591166017121758,0.09804023465887013,0.1426975599889879,0.16809618823038405,0.31079374821937195
228.0,0.614155077067092,0.08319506935248576,0.15954975654285664,0.14310009703756546,0.30264985358042207
228.0,0.614155077067092,0.08319506935248576,0.15954975654285664,0.14310009703756546,0.30264985358042207
229.33333333333334,0.5845652774732593,0.10511772578086385,0.13338021979064044,0.17693677695523655,0.310316996745877
230.66666666666666,0.5470017621070664,0.1269034737494017,0.11492043774562503,0.21117432639790687,0.3260947641435319
232.0,0.5106890955773578,0.14609867259556658,0.10081033299200602,0.2424018988350697,0.3432122318270757
232.0,0.5106890955773578,0.14609867259556658,0.10081033299200602,0.2424018988350697,0.3432122318270757
233.33333333333334,0.5569282933811622,0.11851240446519451,0.12358856263859819,0.20097073951504515,0.32455930215364337
234.66666666666666,0.5911661008849339,0.09803854107097539,0.14269754923561065,0.16809780880847996,0.3107953580440906
236.0,0.6141551411274329,0.08319373095795203,0.15954974680445463,0.14310138111016035,0.30265112791461496
236.0,0.6141551411274329,0.08319373095795203,0.15954974680445463,0.14310138111016035,0.30265112791461496
237.33333333333334,0.5845653599395197,0.10511617990646688,0.13338021169250883,0.17693824846150452,0.3103184601540133
238.66666666666666,0.5470018596308144,0.12690176960723545,0.11492043079558434,0.21117593996636602,0.32609637076195036
240.0,0.5106891978799559,0.14609688245641314,0.10081032795428307,0.24240359170934794,0.343213919663631
240.0,0.5106891978799559,0.14609688245641314,0.10081032795428307,0.24240359170934794,0.343213919663631
241.33333333333334,0.556928368743815,0.11851105164884095,0.12358855586335596,0.2009720237439881,0.324560579607344
242.66666666666666,0.5911661554208032,0.09803749914172959,0.14269754276199434,0.16809880267547292,0.3107963454374672
244.0,0.6141551831124888,0.08319290746214833,0.15954974092024188,0.14310216850512086,0.30265190942536274
244.0,0.6141551831124888,0.08319290746214833,0.15954974092024188,0.14310216850512086,0.30265190942536274
245.33333333333334,0.5845654134737279,0.10511522872326298,0.13338020691846458,0.1769391508845446,0.3103193578030092
246.66666666666666,0.547001922501494,0.12690072105081232,0.11492042679911683,0.21117692964857693,0.3260973564476938
248.0,0.5106892636289244,0.1460957810178852,0.10081032516565609,0.2424046301875343,0.3432149553531904
248.0,0.5106892636289244,0.1460957810178852,0.10081032516565609,0.2424046301875343,0.3432149553531904
249.33333333333334,0.5569284174015643,0.11851021921088531,0.12358855197821578,0.20097281140933448,0.32456136338755026
250.66666666666666,0.5911661908599143,0.09803685794920444,0.1426975390198922,0.16809941217098917,0.31079695119088135
252.0,0.6141552105046905,0.08319240065414645,0.15954973750548493,0.14310265133567826,0.30265238884116313
252.0,0.6141552105046905,0.08319240065414645,0.15954973750548493,0.14310265133567826,0.30265238884116313
253.33333333333334,0.5845654481168936,0.10511464334056828,0.1333802042084233,0.17693970433411482,0.31031990854253816
254.66666666666666,0.5470019629215536,0.1269000757743617,0.11492042458090074,0.21117753672318396,0.32609796130408475
256.0,0.5106893057608978,0.14609510324201902,0.10081032368681454,0.24240526731026862,0.34321559099708315
256.0,0.5106893057608978,0.14609510324201902,0.10081032368681454,0.24240526731026862,0.34321559099708315
257.3333333333333,0.5569284486710963,0.11850970693449077,0.12358854980546496,0.200973294588948,0.32456184439441293
258.6666666666667,0.5911662137347988,0.09803646334108737,0.1426975369061568,0.168099786017957,0.31079732292411383
260.0,0.6141552282253087,0.08319208873526639,0.15954973556855276,0.14310294747087215,0.30265268303942494
