Generation,xOC,xOB,xMMd,xMMr,total xMM
0.0,0.26666666666666666,0.4,0.26666666666666666,0.06666666666666667,0.3333333333333333
0.5042016806722689,0.41104098279346624,0.3139105910338823,0.22070693249006723,0.054341493682584174,0.2750484261726514
1.0084033613445378,0.47750029666342114,0.2682618710116937,0.20540517321044485,0.04883265911444028,0.2542378323248851
1.5126050420168067,0.5147319466643622,0.23813858698899573,0.20134625661523653,0.04578320973140547,0.24712946634664198
2.0168067226890756,0.5386016796948409,0.21544730756777056,0.20217364238034985,0.043777370357038735,0.2459510127373886
2.5210084033613445,0.5555491329351228,0.1969350445597845,0.2052647342432522,0.042251088261840486,0.2475158225050927
3.0252100840336134,0.5685215155289597,0.18111779729013439,0.20940309940062043,0.04095758778028566,0.2503606871809061
3.5294117647058822,0.5789759306225847,0.16724815308868973,0.21399092452586624,0.03978499176285928,0.25377591628872553
4.033613445378151,0.587679412104051,0.15491037165905028,0.21872750905868302,0.03868270717821572,0.25741021623689875
4.53781512605042,0.5950626563577492,0.14384681066747848,0.22346182222354635,0.037628710751225924,0.26109053297477225
5.042016806722689,0.6013861529669067,0.13387954383093936,0.22812005569141078,0.036614247510743186,0.26473430320215396
5.546218487394958,0.6068211365842604,0.1248737561593301,0.2326685954801876,0.035636511776221916,0.2683051072564095
6.050420168067227,0.6114900128726803,0.11672016404333463,0.23709468221123098,0.03469514087275398,0.27178982308398497
6.554621848739496,0.6154869546489996,0.10932628450537285,0.2413961948700394,0.03379056597558815,0.27518676084562754
7.0588235294117645,0.6188886204927785,0.10261187718777139,0.24557623003810253,0.032923272281347594,0.27849950231945014
7.563025210084033,0.6217598878478431,0.09650637870833396,0.2496402320988327,0.03209350134499024,0.28173373344382296
8.067226890756302,0.6241570466193695,0.09094730381269031,0.25359448640066945,0.03130116316727061,0.28489564956794006
8.571428571428571,0.6261296789086833,0.08587913155705361,0.25744534635771654,0.03054584317654656,0.2879911895342631
9.07563025210084,0.6277218516691475,0.08125244823716088,0.261198852745874,0.02982684734781752,0.2910257000936915
9.579831932773109,0.628972936147317,0.07702324027352639,0.26486056497610844,0.02914325860304818,0.29400382357915655
10.084033613445378,0.6299182197463242,0.07315228530793509,0.2684355029711388,0.028493991974602072,0.2969294949457409
10.588235294117647,0.6305893915793519,0.06960461708273852,0.2719281474540165,0.027877843883893198,0.2998059913379097
11.092436974789916,0.6310149489244556,0.0663490488985135,0.27534246929140793,0.027293532885623015,0.30263600217703096
11.596638655462185,0.6312205455525085,0.06335775015658524,0.27868197083314883,0.02673973345775742,0.30542170429090626
12.100840336134453,0.6312292969616444,0.060605868614226545,0.2819497318290756,0.026215102595053275,0.3081648344241289
12.605042016806722,0.6310620485957632,0.05807119417567872,0.2851484568882114,0.025718300340346636,0.310866757228558
13.109243697478991,0.630737616349158,0.05573386031693578,0.2882805178144802,0.025248005519425878,0.3135285233339061
13.61344537815126,0.6302729981286014,0.053576079489401844,0.2913479948855569,0.02480292749643988,0.31615092238199677
14.117647058823529,0.6296835643625622,0.051581908476838696,0.29435271269816515,0.024381814462434037,0.3187345271605992
14.621848739495798,0.6289832252880574,0.049737041281325695,0.2972962739915105,0.023983459439106316,0.3212797334306168
15.126050420168067,0.6281845812656582,0.0480286258033952,0.3001800888912464,0.023606704039700152,0.32378679293094653
15.630252100840336,0.627299056393131,0.04644510196502608,0.3030054009462111,0.023250440695631806,0.3262558416418429
16.134453781512605,0.6263370170419774,0.044976058783609954,0.3057733105121942,0.022913613662218477,0.3286869241744127
16.63865546218487,0.6253078773781546,0.04361210818441996,0.30848479534063455,0.022595219096790818,0.33108001443742535
17.142857142857142,0.6242201943840975,0.04234477339474878,0.31114072784905994,0.02229430437209384,0.3334350322211538
17.647058823529413,0.6230817511936194,0.04116639041246837,0.31374189146980314,0.022009966924109125,0.33575185839391225
18.15126050420168,0.621899629718845,0.04007002116234241,0.3162889962763156,0.021741352842496935,0.3380303491188125
18.655462184873947,0.6206802808119529,0.039049376077696894,0.3187826882252218,0.02148765488512837,0.34027034311035015
19.159663865546218,0.6194295818775608,0.0380987460487316,0.321223561460774,0.021248110612933694,0.3424716720737077
19.66386554621849,0.6181528896725924,0.03721294199060389,0.3236121679954507,0.021022000341352976,0.34463416833680366
20.168067226890756,0.616855088726208,0.03638724115031744,0.32594902513867147,0.02080864498480301,0.34675767012347447
20.672268907563023,0.6155406338855623,0.03561733944181653,0.3282346227727751,0.020607403899846156,0.34884202667262126
21.176470588235293,0.6142135869045185,0.03489930941817151,0.3304694307177615,0.020417672959548404,0.3508871036773099
21.680672268907564,0.6128776504616633,0.03422956265572984,0.33265390435394143,0.02023888252866527,0.35289278688260667
22.18487394957983,0.611536205594249,0.033604815520238904,0.33478848385934457,0.020070495026167492,0.35485897888551204
22.6890756302521,0.6101923319987456,0.033022060014175,0.33687360451324866,0.01991200347383095,0.35678560798707964
23.19327731092437,0.6088488321228359,0.032478537130378377,0.3389097010513638,0.01976292969542196,0.3586726307467858
23.69747899159664,0.6075082607810646,0.03197171252232716,0.3408972044410406,0.0196228222555677,0.3605200266966083
24.201680672268907,0.6061729412976838,0.031499255488837995,0.34283654820369686,0.019491255009781414,0.3623278032134783
24.705882352941174,0.6048449836375851,0.031059019876646794,0.34472817094438407,0.019367825541383957,0.364095996485768
25.210084033613445,0.6035263031252343,0.030649026874023565,0.34657251636170505,0.019252153639037047,0.3658246700007421
25.714285714285715,0.6022186349415324,0.030267449620860965,0.3483700355499782,0.019143879887628522,0.36751391543760675
26.218487394957982,0.6009235481780505,0.029912599451489198,0.35012118795868424,0.01904266441177605,0.3691638523704603
26.72268907563025,0.599642458599449,0.029582913421947212,0.3518264423614026,0.01894818561720129,0.3707746279786039
27.22689075630252,0.598376640563063,0.02927694316130176,0.3534862771858939,0.018860139089741386,0.37234641627563536
27.73109243697479,0.5971272367984009,0.028993344636812086,0.3551011821819336,0.018778236382853548,0.3738794185647871
28.235294117647058,0.5958952685708228,0.02873086896582077,0.3566716585151636,0.01870220394819283,0.3753738624633564
28.739495798319325,0.5946816467277299,0.028488354878791526,0.35819821555412185,0.01863178283935656,0.3768299983934784
29.243697478991596,0.593487177640965,0.028264720213192936,0.35968137526773214,0.01856672687810989,0.378248102145842
29.747899159663866,0.5923125712167274,0.028058955807320665,0.361121670586736,0.018506802389215978,0.37962847297595204
30.252100840336134,0.591158447246501,0.027870119291756198,0.3625196461160985,0.018451787345644483,0.380971433461743
30.7563025210084,0.5900253440022692,0.027697329470428956,0.36387585589611465,0.018401470631187238,0.3822773265273019
31.26050420168067,0.5889137207849287,0.02753976116459479,0.3651908669073089,0.018355651143167773,0.3835465180504767
31.764705882352942,0.5878239709113781,0.02739664088934412,0.3664652505714166,0.01831413762786131,0.38477938819927787
32.26890756302521,0.5867564179933517,0.02726724247971867,0.36769959185732237,0.01827674766960737,0.3859763395269298
32.773109243697476,0.5857113244817966,0.027150883426913186,0.36889448472036745,0.01824330737092276,0.3871377920912902
33.27731092436974,0.5846888969571452,0.02704692129569423,0.3700505310334314,0.018213650713729098,0.3882641817471605
33.78151260504202,0.5836892907423632,0.026954750577952217,0.3711683395750665,0.01818761910461805,0.38935595867968453
34.285714285714285,0.5827126120065663,0.02687379989704674,0.37224852711629686,0.01816506098008997,0.3904135880963868
34.78991596638655,0.5817589214199699,0.02680352936797714,0.3732917178382704,0.018145831373782412,0.3914375492120528
35.294117647058826,0.5808282396200594,0.02674342811386611,0.37429854076713265,0.018129791498941908,0.39242833226607454
35.79831932773109,0.5799205478372804,0.02669301216388163,0.3752696315851896,0.018116808413648287,0.39338643999883793
36.30252100840336,0.5790357922430007,0.026651822390583828,0.3762056307067012,0.018106754659714258,0.3943123853664155
36.80672268907563,0.578173886992708,0.026619422653825366,0.37710718242407715,0.01809950792938944,0.3952066903534666
37.310924369747895,0.5773347159762394,0.026595398160738658,0.37797493506949187,0.01809495079353001,0.3960698858630219
37.81512605042017,0.5765181358270116,0.026579353899032026,0.3788095398459828,0.01809297042797361,0.3969025102739564
38.319327731092436,0.575723977736338,0.026570913241303683,0.3796116506812924,0.018093458341065946,0.39770510902235834
38.8235294117647,0.5749520500959061,0.02656971662790836,0.38038192314607744,0.018096310130108092,0.39847823327618553
39.32773109243698,0.5742021401024866,0.026575420401255417,0.38112101423275024,0.018101425263507706,0.39922243949625796
39.831932773109244,0.5734740158685872,0.026587695705856337,0.3818295815608002,0.018108706864756328,0.3999382884255565
40.33613445378151,0.5727674280858727,0.02660622749598543,0.38250828289887406,0.01811806151926791,0.40062634441814193
40.84033613445378,0.5720821116866354,0.0266307136205338,0.38315777560294445,0.018129399089886214,0.40128717469283065
41.344537815126046,0.5714177872629888,0.026660863995667233,0.383778716194022,0.01814263254732198,0.40192134874134394
41.84873949579832,0.5707741627797194,0.026696399819837353,0.38437175959645187,0.018157677803991478,0.4025294374004433
42.35294117647059,0.5701509347974577,0.02673705287754182,0.3849375587559029,0.01817445356909745,0.4031120123250003
42.857142857142854,0.5695477896275418,0.026782564900956762,0.38547676425795574,0.01819288121354562,0.40366964547150136
43.36134453781513,0.5689644047377433,0.026832686960712625,0.385990023667988,0.018212884633555988,0.404202908301544
43.865546218487395,0.5684004494913557,0.026887178968481428,0.386477981401408,0.01823439013875501,0.40471237154016304
44.36974789915966,0.5678555867654205,0.026945809125948936,0.3869412777842163,0.018257326324414354,0.4051986041086306
44.87394957983193,0.5673294735766505,0.02700835350103211,0.3873805489459018,0.018281623976415494,0.40566217292231727
45.3781512605042,0.5668217618463793,0.027074595620170845,0.38779642655402297,0.018307215979426854,0.4061036425334498
45.88235294117647,0.566332099502161,0.027144326072495478,0.38818953720914384,0.018334037216199802,0.40652357442534365
46.38655462184874,0.5658601311412136,0.027217342174718086,0.3885605021960654,0.018362024488003025,0.4069225266840685
46.890756302521005,0.5654054988128784,0.027293447664397518,0.38890993708815075,0.01839111643457334,0.4073010535227241
47.39495798319328,0.5649678428743152,0.027372452393636316,0.3892384512760378,0.01842125345601069,0.4076597047320485
47.89915966386555,0.5645468025050389,0.027454172063896446,0.38954664778366993,0.018452377647394783,0.4079990254310647
48.403361344537814,0.5641420160321311,0.027538428001868377,0.3898351232208862,0.018484432745114417,0.4083195559660006
48.90756302521008,0.5637531217338196,0.02762504693711961,0.3901044672689216,0.018517364060139114,0.40862183132906077
49.41176470588235,0.5633797584596028,0.027713860769102205,0.39035526235743984,0.01855111841385535,0.40890638077129515
49.91596638655462,0.563021565621836,0.027804706523895564,0.3905880837243732,0.01858564412989528,0.4091737278542685
50.42016806722689,0.5626781845606691,0.02789742595218782,0.3908034985757309,0.018620890911412252,0.40942438948714316
50.924369747899156,0.5623492582098968,0.027991865593090685,0.39100206633276335,0.018656809864249353,0.4096588761970127
51.42857142857143,0.5620344317649489,0.028087876523559405,0.3911843382876047,0.01869335342388689,0.4098776917114916
51.9327731092437,0.561733352637694,0.028185314239522506,0.3913508577967626,0.018730475326020703,0.4100813331227833
52.436974789915965,0.561445670768476,0.028284038662222455,0.3915021599646078,0.018768130604693768,0.41027029056930153
52.94117647058823,0.5611710395082123,0.028383913861469094,0.3916387711304594,0.018806275499859075,0.4104450466303185
53.4453781512605,0.5609091156661284,0.028484807974188994,0.3917612089267105,0.018844867432972014,0.41060607635968255
53.94957983193277,0.5606595593817871,0.028586593438238356,0.39186998209747326,0.018883865082501367,0.4107538471799746
54.45378151260504,0.5604220350525835,0.028689146344734826,0.39196559042766266,0.018923228175019072,0.4108888186026818
54.95798319327731,0.560196210835949,0.028792346945603394,0.3920485245687887,0.018962917649658947,0.41101144221844765
55.46218487394958,0.5599817592005112,0.028896079091441634,0.3921192662310936,0.01900289547695362,0.4111221617080473
55.96638655462185,0.5597783567287095,0.029000230581505936,0.39217828791736425,0.019043124772420435,0.4112214126897847
56.470588235294116,0.5595856844037772,0.029104692852844786,0.3922260530467234,0.01908356969665451,0.4113096227433779
56.97478991596638,0.559403427942917,0.02920936090854988,0.3922630157245862,0.019124195423946853,0.41138721114853305
57.47899159663865,0.559231277888012,0.029314133561806306,0.39228962032574693,0.01916496822443499,0.41145458855018197
57.983193277310924,0.5590689296870525,0.0294189130220939,0.3923063019640511,0.019205855326802565,0.4115121572908537
58.48739495798319,0.5589160839007002,0.02952360496959207,0.3923134861872123,0.019246824942495605,0.41156031112970787
58.99159663865546,0.5587724458601264,0.0296281186499969,0.3923115891869742,0.01928784630290244,0.41159943548987665
59.49579831932773,0.558637725950634,0.029732366551229922,0.39230101794670663,0.01932888955142953,0.41162990749813616
60.0,0.5585116392848792,0.02983626469713201,0.3922821701715103,0.019369925846478484,0.41165209601798874
60.0,0.5585116392848792,0.02983626469713201,0.3922821701715103,0.019369925846478484,0.41165209601798874
61.25,0.5779392573131483,0.041948103646352604,0.3550634496517073,0.0250491893887919,0.38011263904049913
62.5,0.5844953089754137,0.05878385738906416,0.3241860869169907,0.03253474671853132,0.356720833635522
63.75,0.5823050166863192,0.08081254351084298,0.2950050164491871,0.04187742335365074,0.33688243980283783
65.0,0.5727154752665594,0.10802287670167181,0.26620041320732113,0.053061234824447606,0.31926164803176876
65.0,0.5727154752665594,0.10802287670167181,0.26620041320732113,0.053061234824447606,0.31926164803176876
66.07142857142857,0.5618607702412054,0.10320354278695912,0.2821242565389657,0.05281143043286954,0.3349356869718353
67.14285714285714,0.5631737086124975,0.09644407386698955,0.28926667631225517,0.05111554120825783,0.340382217520513
68.21428571428571,0.567406984998258,0.08972968476729193,0.2937734604041359,0.04908986983031425,0.3428633302344501
69.28571428571429,0.5718865526660792,0.08355170379781587,0.2975023192672336,0.04705942426887129,0.3445617435361049
70.35714285714286,0.5759132324073585,0.07798647506570754,0.3009842853635689,0.04511600716336501,0.3461002925269339
71.42857142857143,0.5793456164661989,0.07300383954971858,0.30436573943728795,0.043284804546794516,0.34765054398408246
72.5,0.5821953921362548,0.06854987174072398,0.30768366587733664,0.04157107024568447,0.3492547361230211
73.57142857142857,0.5845133574441911,0.06456879606627008,0.3109444742767647,0.03997337221277425,0.35091784648953894
74.64285714285714,0.5863572638801663,0.061008667895841126,0.3141464427781332,0.03848762544585925,0.3526340682239924
75.71428571428571,0.587782796750662,0.057822638537946926,0.3172860453614511,0.037108519349939965,0.3543945647113911
76.78571428571428,0.5888411915873007,0.054968976085698056,0.3203596814080106,0.035830150918990604,0.3561898323270012
77.85714285714286,0.5895788010721669,0.05241072300308153,0.323364102019858,0.03464637390489359,0.3580104759247516
78.92857142857143,0.5900372469724694,0.0501152532924166,0.32629648049769455,0.03355101923741953,0.3598474997351141
80.0,0.5902537479713056,0.04805381598629099,0.3291543944168535,0.03253804162554989,0.3616924360424034
80.0,0.5902537479713056,0.04805381598629099,0.3291543944168535,0.03253804162554989,0.3616924360424034
81.25,0.6039856874986858,0.064134044111901,0.2913153941467632,0.040564874242650054,0.33188026838941326
82.5,0.6013703349818228,0.0855188145393516,0.26209089061225893,0.0510199598665667,0.3131108504788256
83.75,0.5890760210190722,0.11162845634636669,0.23574019801235943,0.06355532462220172,0.29929552263456116
85.0,0.5700345872801917,0.14134183556843485,0.21080740640838883,0.07781617074298451,0.2886235771513733
85.0,0.5700345872801917,0.14134183556843485,0.21080740640838883,0.07781617074298451,0.2886235771513733
86.07142857142857,0.5633597052977677,0.12984052948638183,0.23151995077214346,0.07527981444370699,0.30679976521585045
87.14285714285714,0.569831949741931,0.11656850189596822,0.2430509871737942,0.07054856118830662,0.31359954836210086
88.21428571428571,0.5782389098951849,0.10448365877558666,0.2516188225403095,0.06565860878891898,0.3172774313292285
89.28571428571429,0.5857933188745253,0.0940428106533658,0.25905616878564885,0.06110770168646001,0.3201638704721088
90.35714285714286,0.5919814659699102,0.08512782539257062,0.2659012900308801,0.05698941860663914,0.32289070863751923
91.42857142857143,0.5968512140970682,0.077522518059755,0.27233117201588986,0.05329509582728694,0.32562626784317683
92.5,0.6005698904865641,0.07101992365296726,0.27841940494948614,0.049990780910982455,0.3284101858604686
93.57142857142857,0.6033129229950176,0.06544244889861688,0.2842069783501256,0.047037649756239926,0.3312446281063655
94.64285714285714,0.6052377540119482,0.06064206181082317,0.28972229651102566,0.044397887666202895,0.3341201841772285
95.71428571428571,0.6064798138692854,0.056496359743901436,0.29498730748883384,0.04203651889797925,0.3370238263868131
96.78571428571428,0.6071540443612219,0.05290427020366636,0.30001974703732837,0.039921938397783324,0.33994168543511166
97.85714285714286,0.607357586736197,0.04978223573774889,0.30483422533047,0.038025952195584155,0.3428601775260542
98.92857142857143,0.607172467091283,0.047061015508367984,0.3094429112983116,0.03632360610203744,0.345766517400349
100.0,0.6066679673770685,0.04468305983693478,0.3138560503555539,0.03479292243044276,0.3486489727859967
100.0,0.6066679673770685,0.04468305983693478,0.3138560503555539,0.03479292243044276,0.3486489727859967
101.25,0.6203683484674514,0.05926308720552407,0.2772773522521536,0.04309121207487097,0.32036856432702454
102.5,0.6173726939881602,0.07879587843100481,0.2498547316420423,0.053976695938792583,0.30383142758083487
103.75,0.6047291494787683,0.10275206342353019,0.22548799231256894,0.06703079478513253,0.29251878709770146
105.0,0.5854461133597553,0.1301557431567596,0.20254387112937317,0.08185427235411195,0.28439814348348513
105.0,0.5854461133597553,0.1301557431567596,0.20254387112937317,0.08185427235411195,0.28439814348348513
106.07142857142857,0.5775127156536101,0.11911656791804284,0.22490109819220575,0.07846961823614142,0.3033707164283472
107.14285714285714,0.583264265373952,0.10642740535674357,0.2375079191272223,0.07280041014208194,0.31030832926930424
108.21428571428571,0.5909492127282291,0.09500555362893406,0.24691321708022915,0.06713201656260771,0.3140452336428368
109.28571428571429,0.5977076599877476,0.08525248131951177,0.2550619130248009,0.0619779456679399,0.3170398586927409
110.35714285714286,0.6030510337763161,0.07701339308966841,0.2625327096264933,0.05740286350752212,0.3199355731340154
111.42857142857143,0.6070605171978527,0.07005132176705993,0.26952152720311356,0.05336663383197381,0.32288816103508733
112.5,0.6099290303349295,0.0641487545732652,0.27611329992972056,0.04980891516208478,0.32592221509180536
113.57142857142857,0.6118491880777718,0.05912385987400401,0.2823568855237262,0.04667006652449815,0.3290269520482243
114.64285714285714,0.6129890933800914,0.05482817200651457,0.2882865594776621,0.04389617513573189,0.332182734613394
115.71428571428571,0.6134901895652811,0.05114106277516129,0.2939288323709137,0.041439915288643915,0.3353687476595576
116.78571428571428,0.6134702458356446,0.04796442567671237,0.29930508754790464,0.03926024093973838,0.338565328487643
117.85714285714286,0.6130271032465776,0.045218221974431115,0.304432922891839,0.03732175188715239,0.34175467477899135
118.92857142857143,0.6122421010446466,0.042836890056316544,0.30932701322154976,0.035593995677487084,0.3449210088990369
120.0,0.6111829712667677,0.040766486923541186,0.3139997437963759,0.034050798013315196,0.3480505418096911
120.0,0.6111829712667677,0.040766486923541186,0.3139997437963759,0.034050798013315196,0.3480505418096911
121.25,0.6255998619615373,0.054299908773822105,0.27786465154646955,0.04223557771817112,0.3201002292646407
122.5,0.6235298597086115,0.0725751711410394,0.250890256154911,0.05300471299543818,0.3038949691503492
123.75,0.6118524524072021,0.09522171922418352,0.2269517515918337,0.06597407677678065,0.2929258283686143
125.0,0.5934253940542009,0.12144261621358511,0.20436191955487265,0.0807700701773414,0.28513198973221404
125.0,0.5934253940542009,0.12144261621358511,0.20436191955487265,0.0807700701773414,0.28513198973221404
126.07142857142857,0.5842136215680006,0.11148156040792069,0.22695753930898896,0.07734727871508965,0.3043048180240786
127.14285714285714,0.5888650473519182,0.09986798631893504,0.23958242396021046,0.07168454236893627,0.3112669663291467
128.21428571428572,0.5956296146206508,0.08938077691088907,0.24893764130669652,0.06605196716176366,0.3149896084684602
129.28571428571428,0.601609554318865,0.08041574965067654,0.25702263806250875,0.06095205796794972,0.31797469603045847
130.35714285714286,0.6062898321545076,0.07283712706989087,0.26443211571665737,0.056440925058944116,0.32087304077560147
131.42857142857142,0.6097331075905724,0.06642887678674851,0.27136555478200114,0.05247246084067803,0.3238380156226791
132.5,0.61211781226566,0.06099196574166412,0.27790775012855984,0.04898247186411604,0.3268902219926759
133.57142857142858,0.6136244828496853,0.05636004743747236,0.2841064774997053,0.04590899221313706,0.3300154697128424
134.64285714285714,0.614410941337954,0.052397409668101885,0.289994833537871,0.04319681545607309,0.3331916489939441
135.71428571428572,0.6146098590807951,0.048993854516968534,0.29559829456821785,0.04079799183401845,0.3363962864022363
136.78571428571428,0.6143315411723775,0.046059781775670564,0.3009374047173195,0.0386712723346325,0.339608677051952
137.85714285714286,0.6136674965049715,0.04352208611957239,0.306029107965963,0.03678130940949304,0.34281041737545603
138.92857142857142,0.6126937015310763,0.04132086237845435,0.3108875853443258,0.03509785074614353,0.34598543609046933
140.0,0.6114733479685784,0.03940679100055343,0.3155248607042805,0.033595000326587576,0.34911986103086806
140.0,0.6114733479685784,0.03940679100055343,0.3155248607042805,0.033595000326587576,0.34911986103086806
141.25,0.6261970163377546,0.052625015648174116,0.2794579482733369,0.04172001974073448,0.3211779680140714
142.5,0.6245629930733175,0.07052201840007889,0.2525007405222312,0.05241424800437252,0.3049149885266037
143.75,0.6133415418018584,0.0927886020417773,0.2285562604355377,0.06531359572082641,0.29386985615636413
145.0,0.5953185947713328,0.11869118026834002,0.20593163814303678,0.08005858681729047,0.2859902249603272
145.0,0.5953185947713328,0.11869118026834002,0.20593163814303678,0.08005858681729047,0.2859902249603272
146.07142857142858,0.5856967075559638,0.10914571845821718,0.2284710943743154,0.07668647961150371,0.3051575739858191
147.14285714285714,0.589955784814667,0.09793940931920549,0.24100346582493423,0.07110134004119316,0.3121048058661274
148.21428571428572,0.5964020212523309,0.08779337356374488,0.2502601268733515,0.06554447831057265,0.3158046051839241
149.28571428571428,0.6021297572327191,0.07910530249492168,0.2582522020183878,0.06051273825397136,0.3187649402723592
150.35714285714286,0.6066106716162667,0.07175058586375432,0.26557724810495875,0.0560614944150203,0.32163874251997904
151.42857142857142,0.6098965582184112,0.06552384204488357,0.27243453581160887,0.05214506392509631,0.3245795997367052
152.5,0.6121574105386748,0.06023475110342129,0.2789078293891597,0.04870000896874433,0.327607838357904
153.57142857142858,0.6135671387915074,0.055723859875300576,0.28504379751791376,0.045665203815278235,0.330709001333192
154.64285714285714,0.6142783030029259,0.05186086739059332,0.29087456418472996,0.0429862654217509,0.3338608296064809
155.71428571428572,0.6144193716134586,0.04853982041035905,0.2964248041477446,0.040616003828437816,0.3370408079761824
156.78571428571428,0.6140972815947682,0.04567445437479189,0.30171441696477574,0.0385138470656642,0.34022826403044
157.85714285714286,0.6134008367434156,0.04319429324206397,0.30675983212427216,0.03664503789024829,0.3434048700145204
158.92857142857142,0.6124038346565225,0.04104151226515086,0.3115748214886176,0.03497983158970904,0.3465546530783266
160.0,0.6111677077092923,0.03916844499118907,0.3161710825978842,0.033492764701634335,0.3496638472995185
160.0,0.6111677077092923,0.03916844499118907,0.3161710825978842,0.033492764701634335,0.3496638472995185
161.25,0.6259570677781549,0.05234594393908897,0.280089689551931,0.0416072987308251,0.3216969882827561
162.5,0.624423544818998,0.07019505193672311,0.25309556476109574,0.052285838483183134,0.3053814032442788
163.75,0.6133059572459192,0.0924188629174026,0.22910611682158383,0.06516906301509426,0.2942751798366781
165.0,0.5953735168921108,0.11829469858865047,0.20643122189246516,0.07990056262677356,0.28633178451923874
165.0,0.5953735168921108,0.11829469858865047,0.20643122189246516,0.07990056262677356,0.28633178451923874
166.07142857142858,0.5856976972490203,0.10883156596738479,0.2289226304724302,0.07654810631116471,0.3054707367835949
167.14285714285714,0.5898935635616709,0.09770393051818638,0.24141275902368892,0.07098974689645374,0.3124025059201427
168.21428571428572,0.5962908891430893,0.08762078092317578,0.250631368579989,0.06545696135374598,0.31608832993373503
169.28571428571428,0.6019844066244407,0.0789811168480282,0.2585892433333477,0.06044523319418346,0.3190344765275312
170.35714285714286,0.6064427438156011,0.0716634043780171,0.2658835721339389,0.056010279672442896,0.3218938518063818
171.42857142857142,0.6097148583300294,0.06546495733337095,0.2727131716542842,0.05210701268231552,0.32482018433659976
172.5,0.6119685265876531,0.060197547074451865,0.27916136852636786,0.04867255781152709,0.32783392633789493
173.57142857142858,0.6133759709180788,0.0557033017480825,0.2852744559496801,0.04564627138415863,0.33092072733383876
174.64285714285714,0.6140884691263071,0.05185311052759737,0.29108425083322353,0.04297416951287196,0.3340584203460955
175.71428571428572,0.6142335144856997,0.048541916796925454,0.2966151809435694,0.04060938777380544,0.33722456871737483
176.78571428571428,0.6139173013453527,0.04568413344120811,0.301886947750848,0.038511617462591005,0.3403985652134391
177.85714285714286,0.6132280675734996,0.04320979815828435,0.3069158210580522,0.036646313210164,0.3435621342682162
178.92857142857142,0.6122391792683571,0.04106147741374877,0.31171544292967607,0.03498390038821804,0.3466993433178941
180.0,0.6110117398299056,0.03919180396772513,0.3162974042642627,0.033499051938106476,0.3497964562023692
180.0,0.6110117398299056,0.03919180396772513,0.3162974042642627,0.033499051938106476,0.3497964562023692
181.25,0.6257998429764914,0.052381360668905225,0.28020272408769387,0.04161607226690941,0.32181879635460325
182.5,0.6242672717614753,0.07024539445363856,0.253190737565013,0.05229659621987305,0.3054873337848861
183.75,0.613149857746138,0.0924865105595796,0.22918235291114353,0.06518127878313887,0.2943636316942824
185.0,0.5952166061133767,0.11838067996437913,0.20648918953888568,0.07991352438335855,0.2864027139222442
185.0,0.5952166061133767,0.11838067996437913,0.20648918953888568,0.07991352438335855,0.2864027139222442
186.07142857142858,0.5855572408865176,0.10891409475920215,0.22896555790936282,0.07656310644491732,0.30552866435428017
187.14285714285714,0.589763947474494,0.09778219063531757,0.24144669333420005,0.07100716855598833,0.31245386189018837
188.21428571428572,0.5961710536983486,0.08769417479514736,0.2506587255892838,0.06547604591722028,0.31613477150650415
189.28571428571428,0.6018742361194168,0.07904942904665324,0.2586111359510794,0.060465198882850506,0.3190763348339299
190.35714285714286,0.6063421138530853,0.07172669400093916,0.2659006659095452,0.05603052623643044,0.32193119214597565
191.42857142857142,0.6096234853275478,0.06552344531266746,0.2727259532592133,0.05212711610057128,0.32485306935978453
192.5,0.6118859939783493,0.060251538718250536,0.2791702358153874,0.048692231488012855,0.3278624673034003
193.57142857142858,0.6133017791565583,0.0557531378965276,0.28527975329040006,0.04566532965651408,0.33094508294691416
194.64285714285714,0.6140220772022693,0.05189913793037237,0.29108628584351715,0.04299249902384128,0.3340787848673585
195.71428571428572,0.6141743691410794,0.04858447090783926,0.2966142338028023,0.040626926148279036,0.33724115995108134
196.78571428571428,0.6138648561689238,0.04572352910402257,0.30188327696986644,0.0385283377571872,0.3404116147270536
197.85714285714286,0.6131817947829069,0.04324632521823154,0.3069096673045309,0.036662212694330655,0.3435718799988616
198.92857142857142,0.6121985765781199,0.041095399328658966,0.3117070315845215,0.034998992508699645,0.34670602409322115
200.0,0.6109763339278708,0.03922335819802556,0.31628694726615775,0.033513360607945936,0.3498003078741037
200.0,0.6109763339278708,0.03922335819802556,0.31628694726615775,0.033513360607945936,0.3498003078741037
201.25,0.6257575897538167,0.0524216447336641,0.2801879886080071,0.041632776904511955,0.32182076551251904
202.5,0.6242157228675269,0.07029622460094297,0.2531719936165803,0.0523160589149497,0.30548805253153
203.75,0.6130883423197088,0.09254833010234487,0.22915997650573655,0.06520335107220983,0.29436332757794637
205.0,0.595145989873286,0.11845233031245551,0.20646403235158362,0.07993764746267477,0.28640167981425835
205.0,0.595145989873286,0.11845233031245551,0.20646403235158362,0.07993764746267477,0.28640167981425835
206.07142857142858,0.5854988151221704,0.10897664635866426,0.2289387801542468,0.07658575836491864,0.30552453851916545
207.14285714285714,0.5897162328889113,0.09783567029550679,0.2414202952592951,0.07102780155628677,0.31244809681558183
208.21428571428572,0.5961321954058365,0.08773981808613292,0.2506333228649316,0.06549466364309893,0.31612798650803053
209.28571428571428,0.6018427485523566,0.07908849958200055,0.2585868207882422,0.060481931077400845,0.319068751865643
210.35714285714286,0.6063168096712825,0.07176027892744857,0.26587737516108667,0.05604553624018207,0.3219229114012687
211.42857142857142,0.6096033881565944,0.0655524461910668,0.2727035920921536,0.05214057356018514,0.32484416565233876
212.5,0.6118702879888009,0.060276696534325665,0.2791487148149865,0.04870430066188675,0.32785301547687323
213.57142857142858,0.6132897781631709,0.0557750606980627,0.2852589975102726,0.045676163628493756,0.33093516113876636
214.64285714285714,0.6140132024795173,0.051918325190118776,0.29106623522859437,0.0430022371017694,0.33406847233036374
215.71428571428572,0.6141681317549573,0.04860133385923685,0.2965948412351344,0.04063569315067125,0.33723053438580564
216.78571428571428,0.6138608423371268,0.0457384073782687,0.3018645058945995,0.03853624439000502,0.34040075028460454
217.85714285714286,0.6131796536094359,0.04325950032637237,0.30689148955749906,0.03666935650669273,0.3435608460641918
218.92857142857142,0.6121980098446314,0.04110710553049152,0.31168942551525813,0.03500545910961902,0.34669488462487713
220.0,0.6109770875682011,0.03923379125038242,0.31626989622126506,0.03351922496015153,0.34978912118141653
220.0,0.6109770875682011,0.03923379125038242,0.31626989622126506,0.03351922496015153,0.34978912118141653
221.25,0.6257556335619752,0.052434433874207466,0.28017043994513835,0.041639492618679025,0.3218099325638174
222.5,0.6242098209277256,0.07031181749342477,0.25315451455791016,0.05232384702093949,0.30547836157884967
223.75,0.6130782887192813,0.0925666577244071,0.2291428428692171,0.06521221068709458,0.29435505355631164
225.0,0.5951322389387805,0.11847279744790207,0.206447548897903,0.07994741471541444,0.2863949636133174
225.0,0.5951322389387805,0.11847279744790207,0.206447548897903,0.07994741471541444,0.2863949636133174
226.07142857142858,0.585488537669729,0.10899376323150727,0.22892311450689062,0.07659458459187318,0.3055176990987638
227.14285714285714,0.5897093587354775,0.09784953432212541,0.2414056912265015,0.07103541571589571,0.3124411069423972
228.21428571428572,0.5961280478686725,0.08775099079713401,0.25061980082720375,0.06550116050698981,0.31612096133419354
229.28571428571428,0.6018407155123343,0.07909751430239029,0.2585743088607469,0.06048746132452862,0.3190617701852755
230.35714285714286,0.6063164063497514,0.07176756996618855,0.26586577997162425,0.056050243712435936,0.3219160236840602
231.42857142857142,0.6096042344953846,0.06555835668770228,0.27269282456981986,0.0521445842470933,0.32483740881691314
232.5,0.6118720845377615,0.06028149630835588,0.2791386970079194,0.048707722145963195,0.3278464191538826
233.57142857142858,0.6132922880251288,0.05577896225523874,0.2852496629315772,0.04567908678805525,0.33092874971963243
234.64285714285714,0.6140162378392499,0.051921496496567306,0.2910575273830883,0.0430047382810946,0.33406226566418296
235.71428571428572,0.6141715435552225,0.048603908264669364,0.29658671187163094,0.040637836308477296,0.3372245481801082
236.78571428571428,0.6138645122430038,0.04574049126821887,0.301856913429348,0.03853808305942948,0.34039499648877747
237.85714285714286,0.6131834877003675,0.043261179014152905,0.30688439777435056,0.03667093551112901,0.3435553332854796
238.92857142857142,0.6122019336594636,0.04110844779657574,0.31168280251600305,0.03500681602795754,0.3466896185439606
240.0,0.6109810421942149,0.03923485284812567,0.3162637135980671,0.03352039135959247,0.34978410495765955
240.0,0.6109810421942149,0.03923485284812567,0.3162637135980671,0.03352039135959247,0.34978410495765955
241.25,0.6257591496103795,0.05243557274078833,0.28016447505920045,0.041640802589631674,0.32180527764883216
242.5,0.6242126274407398,0.07031302990576174,0.25314897978747114,0.05232536286602746,0.3054743426534986
243.75,0.6130803659934452,0.09256786426883858,0.2291378199013835,0.06521394983633266,0.29435176973771615
245.0,0.5951336888402519,0.11847386245324008,0.2064430840350557,0.07994936467145237,0.2863924487065081
245.0,0.5951336888402519,0.11847386245324008,0.2064430840350557,0.07994936467145237,0.2863924487065081
246.07142857142858,0.5854902148867728,0.10899437290948774,0.22891916135586662,0.07659625084787287,0.3055154122037395
247.14285714285714,0.5897113820988327,0.09784972848746297,0.24140215102138698,0.07103673839231749,0.3124388894137044
248.21428571428572,0.5961303187560436,0.08775087650394946,0.25061662020749403,0.06550218453251283,0.31611880474000686
249.28571428571428,0.6018431260098954,0.0790971832670195,0.258571448069941,0.06048824265314392,0.3190596907230849
250.35714285714286,0.6063188724669486,0.0717670906540537,0.2658632057395565,0.05605083113944114,0.3219140368789977
251.42857142857142,0.6096066951936535,0.06555777869408058,0.27269050861128896,0.05214501750097685,0.32483552611226585
252.5,0.6118744965549234,0.060280855263161605,0.2791366151920049,0.048708032989910124,0.327844648181915
253.57142857142858,0.6132946213452432,0.055778283652001714,0.2852477945256854,0.04567930047706968,0.3309270950027551
254.64285714285714,0.6140184722398374,0.05192079850244662,0.29105585439100873,0.04300487486670728,0.334060729257716
255.71428571428572,0.6141736660354686,0.04860320375557409,0.2965852184927342,0.0406379117162232,0.33722313020895744
256.7857142857143,0.6138665151153836,0.04573978929870324,0.3018555856314671,0.0385381099544461,0.34039369558591315
257.85714285714283,0.6131853671729522,0.043260485879258875,0.3068832229628011,0.03667092398498773,0.34355414694778885
258.92857142857144,0.6122036887818032,0.04110776779972305,0.31168176927833674,0.03500677414013704,0.34668854341847377
260.0,0.6109826740736948,0.039234188857179615,0.3162628115061853,0.03352032556294044,0.3497831370691257
260.0,0.6109826740736948,0.039234188857179615,0.3162628115061853,0.03352032556294044,0.3497831370691257
261.25,0.6257608766752207,0.05243468915527825,0.2801637161174056,0.04164071805209535,0.32180443416950094
262.5,0.6242144619904022,0.07031187639448291,0.2531483965403845,0.05232526507473038,0.30547366161511486
263.75,0.6130823206611155,0.09256641235953081,0.22913741984354935,0.06521384713580447,0.2943512669793538
265.0,0.5951357597613494,0.11847211492076168,0.20644285666958254,0.07994926864830648,0.28639212531788905
265.0,0.5951357597613494,0.11847211492076168,0.20644285666958254,0.07994926864830648,0.28639212531788905
266.07142857142856,0.5854920232996891,0.10899278679713444,0.2289190695849858,0.07659612031819074,0.30551518990317655
267.14285714285717,0.589712985793276,0.097848311209847,0.24140212758438923,0.0710365754124876,0.3124387029968768
268.2142857142857,0.5961317451079416,0.08774961458236426,0.25061664023407404,0.06550200007562003,0.31611864030969405
269.2857142857143,0.6018443919876294,0.07909605939291486,0.25857150191850004,0.060488046700955804,0.31905954861945585
270.35714285714283,0.6063199922468064,0.07176608797044066,0.2658632887178839,0.05605063106486901,0.3219139197827529
271.42857142857144,0.6096076820062101,0.06555688190388333,0.27269061770871067,0.052144818381195855,0.3248354360899065
272.5,0.6118753629278892,0.060280050860423706,0.27913674803312694,0.048707838178560156,0.3278445862116871
273.57142857142856,0.6132953790157746,0.055777559873359306,0.2852479490147628,0.04567911209610334,0.3309270611108661
274.64285714285717,0.6140191320622137,0.05192014517966571,0.2910560285811373,0.04300469417698338,0.33406072275812076
275.7142857142857,0.6141742379440901,0.048602612136303104,0.29658541053425835,0.04063773938534854,0.3372231499196069
276.7857142857143,0.6138670081369659,0.04573925186485789,0.3018557937511133,0.03853794624706282,0.3403937399981762
277.85714285714283,0.6131857894710986,0.043259996176706325,0.3068834454553788,0.03667076889681612,0.34355421435219496
278.92857142857144,0.6122040477178867,0.04110732028516397,0.3116820045050807,0.0350066274918685,0.3466886319969492
280.0,0.6109829762759273,0.03923377876375376,0.3162630578947712,0.033520187065547616,0.3497832449603189
280.0,0.6109829762759273,0.03923377876375376,0.3162630578947712,0.033520187065547616,0.3497832449603189
281.25,0.6257612666558813,0.0524341730620167,0.28016400163499905,0.0416405586471029,0.32180456028210197
282.5,0.6242149734433866,0.07031123213026284,0.2531487132996716,0.05232508112667902,0.3054737944263506
283.75,0.6130829610711729,0.0925656353623707,0.22913776289006685,0.06521364067638954,0.2943514035664564
285.0,0.5951365167134463,0.11847122032081343,0.20644321695507412,0.07994904601066624,0.28639226296574033
285.0,0.5951365167134463,0.11847122032081343,0.20644321695507412,0.07994904601066624,0.28639226296574033
286.07142857142856,0.5854926423332244,0.10899201250244017,0.22891943583807126,0.0765959093262641,0.3055153451643354
287.14285714285717,0.5897134795551807,0.09784765642458311,0.24140248092054828,0.07103638309968782,0.31243886402023613
288.2142857142857,0.5961321356549173,0.08774906196035893,0.2506169754216083,0.06550182696311538,0.3161188023847237
289.2857142857143,0.6018446978899717,0.07909559146921358,0.2585718188899382,0.060487891750876516,0.3190597106408147
290.35714285714283,0.6063202284087965,0.07176568994261202,0.2658635888678679,0.05605049278072356,0.3219140816485914
291.42857142857144,0.6096078605481093,0.06555654167017866,0.272690902641677,0.05214469514003505,0.3248355977817121
292.5,0.6118754938204732,0.060279758603423494,0.27913701919906037,0.048707728377042854,0.3278447475761032
