Generation,xOC,xOB,xMMd,xMMr,total xMM
0.0,0.26666666666666666,0.4,0.26666666666666666,0.06666666666666667,0.3333333333333333
0.5042016806722689,0.4085890786166227,0.31790828171296287,0.21886329705026814,0.05463934262014627,0.2735026396704144
1.0084033613445378,0.4737462698961484,0.27589572265895385,0.20097019534720026,0.04938781209769757,0.25035800744489783
1.5126050420168067,0.5094106689837506,0.2494755287106581,0.19441613649976802,0.04669766580582327,0.2411138023055913
2.0168067226890756,0.5313515932755413,0.2304700867295451,0.19301916765958535,0.045159152335328225,0.23817831999491357
2.5210084033613445,0.5461519658801268,0.21548865435316278,0.19417470213523438,0.04418467763147597,0.23835937976671034
3.0252100840336134,0.5569241926835129,0.20294081613576323,0.19663562408364682,0.04349936709707703,0.24013499118072384
3.5294117647058822,0.565255825453945,0.19201695082339787,0.19976066821930746,0.04296655550334975,0.2427272237226572
4.033613445378151,0.5720000500903253,0.1822766187684569,0.2032070543483246,0.04251627679289323,0.24572333114121783
4.53781512605042,0.5776355891067989,0.17346396895775357,0.20678803648190305,0.04211240545354448,0.24890044193544755
5.042016806722689,0.5824429124633957,0.16541932318087277,0.21040132172855724,0.04173644262717443,0.25213776435573165
5.546218487394958,0.5865945988612253,0.15803500723651093,0.21399122907334292,0.041379164828920685,0.2553703939022636
6.050420168067227,0.5902030702382569,0.15123264927210692,0.21752806294318935,0.04103621754644665,0.258564280489636
6.554621848739496,0.5933463301571869,0.14495124704806656,0.2209966606837142,0.04070576211103245,0.26170242279474665
7.0588235294117645,0.5960820633030279,0.1391407575433623,0.2243899640657938,0.04038721508781577,0.26477717915360954
7.563025210084033,0.5984554699636697,0.13375856343423106,0.22770539015612068,0.04008057644597866,0.2677859666020993
8.067226890756302,0.6005036879462049,0.12876745723743796,0.2309427780229417,0.03978607679341549,0.27072885481635717
8.571428571428571,0.6022583416566025,0.12413443532035587,0.2341032258389129,0.039503997184128656,0.2736072230230416
9.07563025210084,0.6037470433182855,0.11982993397545964,0.2371884398470021,0.03923458285925272,0.2764230227062548
9.579831932773109,0.6049943172132467,0.11582730797657947,0.24020036874103698,0.03897800606913675,0.27917837481017377
10.084033613445378,0.606022187249783,0.11210245055160005,0.2431410068537329,0.03873435534488407,0.281875362198617
10.588235294117647,0.6068505786758649,0.10863349614640874,0.2460122879744912,0.03850363720323513,0.2845159251777264
11.092436974789916,0.6074976021314115,0.1054005778346449,0.24881603578592348,0.038285784248020135,0.28710182003394363
11.596638655462185,0.6079797710011755,0.10238562084150615,0.2515539428346472,0.03808066532267116,0.2896346081573184
12.100840336134453,0.6083121747230734,0.09957216291248777,0.25422756635976357,0.03788809600467516,0.2921156623644387
12.605042016806722,0.6085086243499588,0.09694519516138925,0.25683833223827984,0.03770784825037212,0.294546180488652
13.109243697478991,0.6085817749496754,0.09449102072034236,0.2593875451207371,0.03753965920924529,0.2969272043299824
13.61344537815126,0.6085432256942962,0.09219713155737376,0.2618764027080897,0.03738324004024023,0.29925964274832995
14.117647058823529,0.6084036272192156,0.09005209026181106,0.2643060016471888,0.03723828087178469,0.30154428251897347
14.621848739495798,0.6081727662638542,0.08804542931752955,0.2666773477463291,0.03710445667228728,0.3037818044186164
15.126050420168067,0.6078596297444335,0.08616756158205151,0.2689913757193053,0.03698143295420958,0.3059728086735149
15.630252100840336,0.6074724770744825,0.08440969641172678,0.271248957399737,0.036868869114053834,0.3081178265137908
16.134453781512605,0.6070189098219717,0.08276376458646087,0.2734509043024797,0.036766421289087685,0.3102173255915674
16.63865546218487,0.6065059239635064,0.08122235113116597,0.2755979799896028,0.03667374491572488,0.3122717249053276
17.142857142857142,0.605939954795089,0.07977863630254256,0.27769091144577623,0.036590497456592194,0.31428140890236844
17.647058823529413,0.6053269302138929,0.0784263398815824,0.2797303903776294,0.03651633952689529,0.31624672990452474
18.15126050420168,0.6046723082626819,0.0771596725884524,0.28171708267417217,0.03645093647469351,0.3181680191488657
18.655462184873947,0.6039811166662149,0.07597329146000056,0.28365163260243964,0.03639395927134499,0.3200455918737847
19.159663865546218,0.6032579861872471,0.07486226017008578,0.285534668141918,0.03634508550074903,0.3218797536426671
19.66386554621849,0.6025071823369798,0.07382201273173367,0.2873668050569168,0.036303999874369726,0.3236708049312866
20.168067226890756,0.6017326339786154,0.07284832086503014,0.2891486504610505,0.036270394695303874,0.32541904515635434
20.672268907563023,0.6009379584589098,0.07193726442870754,0.2908808070212485,0.036243970091134024,0.3271247771123826
21.176470588235293,0.6001264860954189,0.07108520444565841,0.292563875418553,0.03622443404036965,0.3287883094589227
21.680672268907564,0.5993012827720089,0.07028876019697279,0.2941984535429396,0.03621150348807864,0.3304099570310182
22.18487394957983,0.5984651679379482,0.06954478527844785,0.29578514398780337,0.03620490279580065,0.331990046783604
22.6890756302521,0.597620732451396,0.06885034921091124,0.2973245535302492,0.03620436480744344,0.3335289183376927
23.19327731092437,0.5967703556407784,0.06820271905660398,0.29881729478496577,0.03620963051765183,0.33502692530261763
23.69747899159664,0.595916223091187,0.06759934263333736,0.3002639855407932,0.03622044873468255,0.33648443427547575
24.201680672268907,0.5950603385847337,0.06703783391000662,0.30166525144954276,0.036236576055716826,0.33790182750525954
24.705882352941174,0.5942045363691962,0.06651595973846104,0.3030217269790753,0.03625777691326741,0.3392795038923427
25.210084033613445,0.5933504929012045,0.06603162733566403,0.3043340565528594,0.0362838232102723,0.3406178797631317
25.714285714285715,0.5924997404919392,0.06558287283401441,0.30560289269136387,0.03631449398268249,0.34191738667404636
26.218487394957982,0.5916536757633939,0.0651678513157339,0.306828897548347,0.036349575372525166,0.34317847292087217
26.72268907563025,0.5908135688304313,0.06478482752609016,0.308012743229538,0.03638886041394039,0.3444016036434784
27.22689075630252,0.5899805730574066,0.06443216724273378,0.30915511096308296,0.036432148736776665,0.34558725969985965
27.73109243697479,0.589155732153809,0.06410832967792135,0.31025669168721803,0.036479246481051615,0.34673593816826964
28.235294117647058,0.5883399885001644,0.06381186027904821,0.31131818525375105,0.03652996596703617,0.3478481512207872
28.739495798319325,0.5875341899149392,0.06354138431016883,0.31234030024626985,0.03658412552862205,0.34892442577489186
29.243697478991596,0.5867390963161433,0.06329560092795435,0.31332375344214697,0.03664154931375529,0.34996530275590226
29.747899159663866,0.5859553857097626,0.06307327779679824,0.3142692694087691,0.03670206708467006,0.35097133649343915
30.252100840336134,0.585183660045733,0.06287324612248517,0.31517757980545946,0.03676551402632251,0.35194309383178196
30.7563025210084,0.5844244503067983,0.0626943961707561,0.3160494229584673,0.03683173056397819,0.3528811535224455
31.26050420168067,0.5836782218421503,0.06253567307144618,0.3168855429141381,0.03690056217226529,0.3537861050864034
31.764705882352942,0.5829453787739589,0.06239607306729379,0.3176866889435368,0.036971859215210456,0.35465854815874726
32.26890756302521,0.5822262684391374,0.0622746400265773,0.31845361475555584,0.0370454767787295,0.3554990915342853
32.773109243697476,0.581521185330769,0.06217046229695694,0.3191870778573504,0.03712127451492366,0.35630835237227404
33.27731092436974,0.5808303752762901,0.06208266972947034,0.31988783852150404,0.03719911647273547,0.3570869549942395
33.78151260504202,0.5801540387763701,0.06201043104587568,0.32055665920875986,0.03727887096899438,0.35783553017775427
34.285714285714285,0.5794923343268877,0.06195295139701374,0.3211943038229212,0.03736041045317748,0.35855471427609864
34.78991596638655,0.5788453816886725,0.06190947009673315,0.3218015368465442,0.037443611368050106,0.35924514821459436
35.294117647058826,0.5782132647037826,0.061879258615903286,0.3223791226524675,0.037528354027846635,0.3599074766803141
35.79831932773109,0.5775960344264933,0.06186161860931762,0.322927824483946,0.037614522480243225,0.3605423469641892
36.30252100840336,0.5769937113333867,0.061855880255300706,0.32344840399200225,0.03770200441931032,0.3611504084113126
36.80672268907563,0.5764062878193374,0.061861400657798826,0.3239416204491059,0.03779069107375777,0.3617323115228636
37.310924369747895,0.5758337307000964,0.061877562335727,0.32440822987665674,0.037880477087519814,0.36228870696417653
37.81512605042017,0.5752759829181482,0.06190377204023887,0.32484898458797445,0.03797126045363832,0.3628202450416128
38.319327731092436,0.5747329662272577,0.06193945933585071,0.32526463206391587,0.03806294237297588,0.3633275744368918
38.8235294117647,0.5742045826696963,0.06198407556188676,0.32565591457276916,0.03815542719564779,0.36381134176841695
39.32773109243698,0.5736907161113506,0.06203709283084967,0.32602356870137505,0.038248622356424795,0.3642721910577999
39.831932773109244,0.5731912341962375,0.06209800303374722,0.32636832450011743,0.03834243826989785,0.3647107627700153
40.33613445378151,0.5727059898957366,0.06216631693198966,0.32669090492033903,0.03843678825193476,0.3651276931722738
40.84033613445378,0.5722348225636699,0.06224156356409328,0.3269920253811796,0.038531588491057166,0.3655236138722368
41.344537815126046,0.5717775600022065,0.06232328922270865,0.3272723928648063,0.038626757910278704,0.36589915077508506
41.84873949579832,0.5713340193703339,0.06241105684782941,0.32753270565349446,0.03872221812834221,0.3662549237818366
42.35294117647059,0.5709040079783003,0.06250444550100458,0.3277736530858344,0.038817893434860765,0.3665915465206952
42.857142857142854,0.5704873244830958,0.06260304979273905,0.3279959149969561,0.03891371072720905,0.3669096257241651
43.36134453781513,0.5700837603306718,0.0627064791972217,0.3282001610647212,0.03900959940738523,0.36720976047210646
43.865546218487395,0.5696931004395284,0.06281435760754775,0.32838705060195306,0.039105491350970946,0.367492541952924
44.36974789915966,0.5693151239648919,0.0629263230448043,0.32855723210371174,0.03920132088659197,0.3677585529903037
44.87394957983193,0.5689496054949255,0.06304202703250929,0.32871134277306047,0.03929702469950483,0.36800836747256527
45.3781512605042,0.568596315775903,0.06316113401859137,0.32885000845327966,0.039392541752225896,0.36824255020550556
45.88235294117647,0.5682550217390279,0.06328332151377278,0.32897384338210645,0.03948781336509279,0.3684616567471993
46.38655462184874,0.5679254874096021,0.06340827935835901,0.32908345013576407,0.039582783096274894,0.36866623323203895
46.890756302521005,0.5676074748965036,0.06353570935217173,0.3291794190871433,0.03967739666418139,0.36885681575132473
47.39495798319328,0.567300744666294,0.06366532523000326,0.32926232812786715,0.03977160197583569,0.36903393010370283
47.89915966386555,0.5670050563494213,0.06379685202294824,0.3293327426195876,0.03986534900804296,0.36919809162763056
48.403361344537814,0.5667201688009883,0.06393002615717677,0.32939121518029674,0.03995858986153819,0.36934980504183496
48.90756302521008,0.5664458408658029,0.06406459481703523,0.3294382856781718,0.04005127863899024,0.369489564317162
49.41176470588235,0.5661818315295553,0.06420031571831004,0.3294744813289719,0.04014337142316271,0.3696178527521346
49.91596638655462,0.5659279001991808,0.06433695731287654,0.32950031615173,0.04023482633621272,0.3697351424879427
50.42016806722689,0.5656838072477784,0.06447429773446434,0.3295162916865334,0.040325603331223876,0.3698418950177573
50.924369747899156,0.5654493141082861,0.0646121255755107,0.3295228959471972,0.04041566436900595,0.36993856031620315
51.42857142857143,0.5652241839708555,0.06475023850594532,0.3295206043939247,0.040504973129274466,0.3700255775231992
51.9327731092437,0.5650081816584497,0.06488844428348758,0.32950987881340094,0.040593495244661874,0.3701033740580628
52.436974789915965,0.5648010740404719,0.06502655934488903,0.3294911685978193,0.04068119801681995,0.37017236661463926
52.94117647058823,0.5646026301850406,0.06516440939955426,0.329464909866495,0.04076805054891009,0.37023296041540515
53.4453781512605,0.5644126212793908,0.06530182895205841,0.3294315260958139,0.0408540236727368,0.3702855497685507
53.94957983193277,0.5642308211768833,0.06543866063347581,0.32939142838911895,0.04093908980052197,0.3703305181896409
54.45378151260504,0.5640570060704841,0.06557475612620142,0.3293450146571159,0.041023223146198516,0.3703682378033144
54.95798319327731,0.5638909550486804,0.06570997498506398,0.32929267049492655,0.04110639947132924,0.37039906996625577
55.46218487394958,0.5637324503692868,0.0658441847612079,0.32923476875864705,0.0411885961108584,0.3704233648695054
55.96638655462185,0.5635812775225713,0.06597726065928756,0.3291716699069539,0.041269791911187216,0.37044146181814114
56.470588235294116,0.563437225075721,0.0661090854906079,0.3291037221896512,0.0413499672440198,0.3704536894336711
56.97478991596638,0.5633000848857045,0.06623954931297042,0.32903126187015047,0.04142910393117474,0.3704603658013252
57.47899159663865,0.5631696515498723,0.06636854956926279,0.3289546135619866,0.0415071853188784,0.370461798880865
57.983193277310924,0.5630457224307357,0.0664959904774718,0.3288740909312022,0.041584196160590246,0.3704582870917924
58.48739495798319,0.5629280987383071,0.0666217830825068,0.3287899956050476,0.04166012257413853,0.37045011817918616
58.99159663865546,0.5628165859789543,0.066745844819545,0.32870261726828065,0.04173495193322002,0.3704375692015007
59.49579831932773,0.5627109932242222,0.06686809945392566,0.32861223441439547,0.04180867290745658,0.370420907321852
60.0,0.5626111318681839,0.06698847703964247,0.3285191155536842,0.04188127553848943,0.3704003910921736
60.0,0.5626111318681839,0.06698847703964247,0.3285191155536842,0.04188127553848943,0.3704003910921736
61.111111111111114,0.5389450259451896,0.0882899080141896,0.3218553407805264,0.05090972526009453,0.37276506604062093
62.22222222222222,0.5238843226133748,0.1114560838300242,0.30495238407472325,0.05970720948187774,0.364659593556601
63.333333333333336,0.5108236214499124,0.1367634084809078,0.2838047752505881,0.06860819481859179,0.3524129700691799
64.44444444444444,0.4969674223273581,0.1640424938800447,0.2612446259570868,0.07774545783551032,0.3389900837925971
65.55555555555556,0.48151362954944676,0.19270460667297623,0.23866392267940362,0.08711784109817335,0.32578176377757695
66.66666666666667,0.46461532943308054,0.22186478286122194,0.2168584127945926,0.0966614749111049,0.3135198877056975
67.77777777777777,0.4468555028686646,0.2504959349786645,0.19635081334983695,0.10629774880283391,0.3026485621526709
68.88888888888889,0.42896408673929853,0.27758354529402995,0.17749248548771948,0.11595988247895209,0.29345236796667157
70.0,0.4116508436746472,0.30225442243960243,0.160491676212731,0.12560305767301924,0.2860947338857502
70.0,0.4116508436746472,0.30225442243960243,0.160491676212731,0.12560305767301924,0.2860947338857502
71.11111111111111,0.45466841970356753,0.26034998868373077,0.16792760754567107,0.11705398406703064,0.2849815916127017
72.22222222222223,0.4829065062541171,0.22887812557766643,0.1777611270742902,0.1104542410939263,0.28821536816821647
73.33333333333333,0.5046907207622915,0.20331603597553327,0.18757095478762315,0.104422288474552,0.29199324326217513
74.44444444444444,0.5223199933831784,0.182094699237681,0.1968163268912785,0.09876898048786224,0.29558530737914074
75.55555555555556,0.5367307155902488,0.16434353570300822,0.2054167724250912,0.09350897628165197,0.29892574870674316
76.66666666666667,0.5484981196454909,0.14942957504533347,0.21340558163840068,0.08866672367077477,0.30207230530917545
77.77777777777777,0.5580641588514849,0.13684987482155214,0.22083945059307253,0.08424651573389043,0.305085966326963
78.88888888888889,0.5657935842332151,0.12619675441256153,0.22777458212670423,0.08023507922751921,0.3080096613542235
80.0,0.5719918984477228,0.11713893627426947,0.23426082477493182,0.07660834050307583,0.3108691652780077
80.0,0.5719918984477228,0.11713893627426947,0.23426082477493182,0.07660834050307583,0.3108691652780077
81.11111111111111,0.5430370953724609,0.14374544264694233,0.2239862038832967,0.08923125809730001,0.31321746198059675
82.22222222222223,0.5205199444364516,0.16984750837716206,0.20881416804061914,0.10081837914576718,0.30963254718638633
83.33333333333333,0.5000377048631357,0.19563786018850776,0.19238511180228735,0.11193932314606908,0.3043244349483564
84.44444444444444,0.48014469031864393,0.22078424363859087,0.17625892343683533,0.12281214260592993,0.2990710660427653
85.55555555555556,0.460707019571927,0.2446938181560675,0.16111634787236098,0.13348281439964438,0.2945991622720054
86.66666666666667,0.44206189989127637,0.26673541985959803,0.14726574552922908,0.1439369347198967,0.29120268024912577
87.77777777777777,0.42463695482472896,0.28637868875924105,0.1348336076140144,0.15415074880201546,0.2889843564160298
88.88888888888889,0.4087904298319702,0.3032624665842747,0.12383915049223038,0.16410795309152465,0.287947103583755
90.0,0.3947564336397066,0.31721154979975014,0.1142313178044486,0.17380069875609472,0.28803201656054334
90.0,0.3947564336397066,0.31721154979975014,0.1142313178044486,0.17380069875609472,0.28803201656054334
91.11111111111111,0.44865038561446,0.26499054909530884,0.12900110218990193,0.1573579631003291,0.28635906529023103
92.22222222222223,0.48740990156313674,0.22538724673376037,0.14385352003973614,0.14334933166336675,0.2872028517031029
93.33333333333333,0.5172179408137498,0.19420787141156928,0.15768467595386618,0.13088951182081487,0.2885741877746811
94.44444444444444,0.5403953172619097,0.16937834750314543,0.17034267734968445,0.11988365788526038,0.2902263352349448
95.55555555555556,0.5583648421951738,0.14946647469086202,0.18190710972692398,0.11026157338704032,0.2921686831139643
96.66666666666667,0.5722038839246038,0.13338854321793236,0.19250387869719837,0.10190369416026553,0.29440757285746394
97.77777777777777,0.5827668858046675,0.1203133283089095,0.2022550788905722,0.09466470699585085,0.2969197858864231
98.88888888888889,0.5907329254039171,0.10960357729685777,0.2112665050859883,0.08839699221323694,0.29966349729922526
100.0,0.5966395278467381,0.10077072511133514,0.21962630831262506,0.08296343872930162,0.3025897470419267
100.0,0.5966395278467381,0.10077072511133514,0.21962630831262506,0.08296343872930162,0.3025897470419267
101.11111111111111,0.5690605001055934,0.12373061869203948,0.21079158022491307,0.09641730097745409,0.30720888120236717
102.22222222222223,0.5468508995308643,0.1466706943808521,0.1976185633242013,0.10885984276408232,0.30647840608828364
103.33333333333333,0.5262021132042205,0.16974383942435065,0.18322535282742244,0.12082869454400647,0.3040540473714289
104.44444444444444,0.5058740936210531,0.19265604335008127,0.16896144307667074,0.13250841995219484,0.3014698630288656
105.55555555555556,0.4857856953686258,0.21487236611253213,0.15542987187764337,0.14391206664119868,0.29934193851884205
106.66666666666667,0.4662882991494536,0.23579681786045106,0.1429195757496564,0.15499530724043906,0.29791488299009544
107.77777777777777,0.44782730651866876,0.25489461680201647,0.1315672492966781,0.16571082738263673,0.2972780766793148
108.88888888888889,0.4307918061517111,0.27176193938610044,0.12141853275181007,0.17602772171037848,0.29744625446218853
110.0,0.41545653966004736,0.28615342150191947,0.11245660405443474,0.18593343478359856,0.2983900388380333
110.0,0.41545653966004736,0.28615342150191947,0.11245660405443474,0.18593343478359856,0.2983900388380333
111.11111111111111,0.4679036578442644,0.23820206809242514,0.12791800686490198,0.1659762671984084,0.29389427406331037
112.22222222222223,0.5055918049935715,0.20202915478430897,0.14309612435021743,0.14928291587190212,0.2923790402221196
113.33333333333333,0.5341464650848785,0.1738323434183667,0.157134890807248,0.13488630068950677,0.29202119149675476
114.44444444444444,0.5559432144403583,0.151587176187245,0.16995783921204205,0.12251177016035462,0.2924696093723967
115.55555555555556,0.572512084556425,0.13388731447419214,0.18167144257628595,0.111929158393097,0.2936006009693829
116.66666666666667,0.5850027951508832,0.11968739195428775,0.19241177708693402,0.10289803580789515,0.29530981289482916
117.77777777777777,0.594307545835747,0.10820130046992048,0.20230435893762258,0.09518679475671002,0.2974911536943326
118.88888888888889,0.6011205257814161,0.09883648537484413,0.2114554510559472,0.08858753778779253,0.30004298884373976
120.0,0.6059814213232574,0.09114482017678875,0.21995241039571561,0.0829213481042382,0.3028737584999538
120.0,0.6059814213232574,0.09114482017678875,0.21995241039571561,0.0829213481042382,0.3028737584999538
121.11111111111111,0.5791384806178814,0.11260604776567194,0.211676321761102,0.09657914985534466,0.3082554716164466
122.22222222222223,0.5574506607448719,0.13433652712676278,0.19894618988405186,0.10926662224431327,0.3082128121283651
123.33333333333333,0.5371368903615807,0.1564824853698621,0.18487363809327823,0.12150698617527905,0.3063806242685573
124.44444444444444,0.5169405792457424,0.17877025929418092,0.1708168987991558,0.1334722626609208,0.3042891614600766
125.55555555555556,0.4967676563860463,0.20068094789696822,0.15739075701122035,0.14516063870576515,0.30255139571698547
126.66666666666667,0.47697580580222954,0.22161381501757488,0.14489863029920505,0.15651174888099045,0.3014103791801955
127.77777777777777,0.4580363542427501,0.24100546742406354,0.13349439715001363,0.16746378118317276,0.3009581783331864
128.88888888888889,0.4403778293364448,0.25840483874724307,0.12324215456141571,0.17797517735489654,0.3012173319163123
130.0,0.4243200933733437,0.2735093791248441,0.11414284261785831,0.18802768488395388,0.30217052750181217
130.0,0.4243200933733437,0.2735093791248441,0.11414284261785831,0.18802768488395388,0.30217052750181217
131.11111111111111,0.47541381257423576,0.2278648420822492,0.12950138374601725,0.16721996159749788,0.29672134534351513
132.22222222222223,0.511945204889659,0.1935100438297471,0.14455544596660716,0.14998930531398663,0.2945447512805938
133.33333333333334,0.5394891875951824,0.16677238724272225,0.1584758607943523,0.13526256436774306,0.29373842516209536
134.44444444444446,0.5604211865560228,0.14569592827336886,0.17119468301389598,0.1226882021567124,0.29388288517060834
135.55555555555554,0.5762626885306883,0.1289313237090615,0.18281983261661988,0.11198615514363039,0.29480598776025024
136.66666666666666,0.588147216969691,0.11548185007938269,0.19348605110319328,0.102884881847733,0.29637093295092626
137.77777777777777,0.59694855520938,0.10460118698206565,0.20331661015910268,0.09513364764945158,0.2984502578085543
138.88888888888889,0.603343441456868,0.09572829029358361,0.212415439050387,0.0885128291991613,0.30092826824954827
140.0,0.6078563496227775,0.08843954251906833,0.2208678021882586,0.08283630566989574,0.3037041078581543
140.0,0.6078563496227775,0.08843954251906833,0.2208678021882586,0.08283630566989574,0.3037041078581543
141.11111111111111,0.5812017490773526,0.10952818428125032,0.21271642679922462,0.09655363984217252,0.30927006664139717
142.22222222222223,0.5596974144093111,0.13096362750359594,0.20003549015743266,0.10930346792966025,0.30933895808709294
143.33333333333334,0.5395315623502962,0.15289263509117432,0.18596641525028806,0.12160938730824151,0.3075758025585296
144.44444444444446,0.5194265557625424,0.17504804419822143,0.17188290471382922,0.133642495325407,0.30552540003923623
145.55555555555554,0.4992787710743466,0.1969150352205271,0.158407986414977,0.14539820729014918,0.30380619370512624
146.66666666666666,0.47944615882011915,0.21789053337373743,0.14585087052501353,0.15681243728112992,0.3026633078061434
147.77777777777777,0.4604076438766912,0.23740193395770434,0.13437064987775407,0.16781977228785033,0.3021904221656044
148.88888888888889,0.4426038725421586,0.25498380163875795,0.12403636449746495,0.17837596132161862,0.30241232581908356
150.0,0.4263686394631126,0.27031664979235853,0.11485336756200465,0.18846134318252433,0.303314710744529
150.0,0.4263686394631126,0.27031664979235853,0.11485336756200465,0.18846134318252433,0.303314710744529
151.11111111111111,0.47706377991649634,0.22532295810336736,0.13013583549522595,0.16747742648491037,0.2976132619801363
152.22222222222223,0.5132390231863456,0.19147934625361074,0.14512843634132389,0.15015319421871973,0.2952816305600436
153.33333333333334,0.5404877524685611,0.1651406375026349,0.15899603568826046,0.13537557434054362,0.2943716100288041
154.44444444444446,0.5611833499129146,0.14437419675230115,0.1716691679830585,0.12277328535172569,0.2944424533347842
155.55555555555554,0.5768386868959312,0.127850805834562,0.18325474712323403,0.1120557601462728,0.29531050726950686
156.66666666666666,0.5885777134107856,0.11459001323472684,0.19388652240252005,0.1029457509519677,0.29683227335448775
157.77777777777777,0.5972656699758815,0.10385809087113322,0.203686833255489,0.09518940589749629,0.29887623915298533
158.88888888888889,0.6035722800549718,0.0951035187603379,0.21275880238444,0.08856539880025034,0.30132420118469033
160.0,0.6080164701422819,0.08790981265920265,0.221187034889931,0.08288668230858447,0.30407371719851545
160.0,0.6080164701422819,0.08790981265920265,0.221187034889931,0.08288668230858447,0.30407371719851545
161.11111111111111,0.5813903016558808,0.10893756921798028,0.213048581179555,0.09662354794658384,0.30967212912613884
162.22222222222223,0.5599253329636356,0.13032662509334972,0.20035890267811637,0.10938913926489843,0.3097480419430148
163.33333333333334,0.5397959675922851,0.15222392124382306,0.1862714207568018,0.12170869040709018,0.307980111163892
164.44444444444446,0.5197175591449237,0.17436330272829478,0.17216520944968264,0.1337539286770988,0.30591913812678145
165.55555555555554,0.4995838277017107,0.19623031734201518,0.15866566771644838,0.14552018723982568,0.3041858549562741
166.66666666666666,0.47975268849103114,0.21722103934284295,0.1460832713282015,0.15694300083792442,0.30302627216612593
167.77777777777777,0.4607045996725996,0.23676082786083977,0.1345779981039118,0.16795657436264885,0.3025345724665607
168.88888888888889,0.44288257051851215,0.25438139898680173,0.12421959523414854,0.17851643526053754,0.30273603049468606
170.0,0.42662302589430706,0.26976008928644385,0.11501396632031834,0.18860291849893077,0.3036168848192491
170.0,0.42662302589430706,0.26976008928644385,0.11501396632031834,0.18860291849893077,0.3036168848192491
171.11111111111111,0.47725074298347847,0.22489222560631877,0.1302750186799668,0.16758201273023596,0.29785703141020275
172.22222222222223,0.513361331948485,0.19114745530359462,0.1452526765759772,0.15023853617194324,0.29549121274792045
173.33333333333334,0.5405587364481537,0.1648840520139536,0.15910805651945867,0.1354491550184341,0.29455721153789277
174.44444444444446,0.5612160122426916,0.14417451694621303,0.17177067870612941,0.12283879210496595,0.2946094708110954
175.55555555555554,0.5768435750435884,0.12769419745030955,0.18334703085150159,0.11211519665460054,0.2954622275061021
176.66666666666666,0.5885628936015224,0.11446621682161837,0.19397059102347378,0.1030002985533855,0.2969708895768593
177.77777777777777,0.5972371698034992,0.10375951394479295,0.20376349533287355,0.0952398209188344,0.29900331625170795
178.88888888888889,0.6035345610370908,0.09502452043028997,0.21282871096300546,0.08861220756961383,0.30144091853261934
180.0,0.6079728220719067,0.08784617183160262,0.22125072595501916,0.0829302801414715,0.3041810060964906
180.0,0.6079728220719067,0.08784617183160262,0.22125072595501916,0.0829302801414715,0.3041810060964906
181.11111111111111,0.5813470410245007,0.10886975626655275,0.21310979621854104,0.09667340649040548,0.30978320270894655
182.22222222222223,0.5598869160840692,0.1302560392235996,0.20041393235873345,0.10944311233359758,0.30985704469233105
183.33333333333334,0.5397632585666854,0.1521519468428198,0.18631940151083445,0.12176539307966029,0.30808479459049476
184.44444444444446,0.5196899567347647,0.17429132800449512,0.1722063886969634,0.1338123265637768,0.3060187152607402
185.55555555555554,0.499560289369971,0.19615964471527078,0.1587006751059715,0.1455793908087868,0.3042800659147583
186.66666666666666,0.4797321659878009,0.21715278951769648,0.14611284454664317,0.15700219994785955,0.3031150444945027
187.77777777777777,0.46068620833760354,0.23669587656042176,0.1346028782419592,0.16801503686001537,0.30261791510197456
188.88888888888889,0.44286563705664334,0.25432035611964476,0.12424048186775566,0.17857352495595624,0.30281400682371196
190.0,0.42660707892882943,0.26970331444825796,0.1150314953951029,0.1886581112278096,0.3036896066229125
190.0,0.42660707892882943,0.26970331444825796,0.1150314953951029,0.1886581112278096,0.3036896066229125
191.11111111111111,0.4772323400239186,0.22485069802472768,0.13028923283805358,0.1676277291133001,0.29791696195135364
192.22222222222223,0.5133388938677431,0.1911179182806562,0.14526504978488256,0.15027813806671814,0.2955431878516007
193.33333333333334,0.540533624449426,0.16486329187204746,0.15911906086911878,0.13548402280940774,0.2946030836785265
194.44444444444446,0.5611896583462942,0.1441600764765362,0.17178051630572186,0.12286974887144773,0.2946502651771696
195.55555555555554,0.5768170398509079,0.1276843070522811,0.18335581153702998,0.11214284155978105,0.295498653096811
196.66666666666666,0.5885368877269208,0.114459621740918,0.193978384570205,0.10302510596195621,0.29700349053216124
197.77777777777777,0.5972121443340063,0.10375532475747952,0.20377035135108734,0.09526217955742705,0.2990325309085144
198.88888888888889,0.6035107874929185,0.09502210282672986,0.21283466867110915,0.08863244100924249,0.3014671096803517
200.0,0.6079504509757451,0.08784506931581472,0.2212558197203874,0.08294865998805283,0.3042044797084403
200.0,0.6079504509757451,0.08784506931581472,0.2212558197203874,0.08294865998805283,0.3042044797084403
201.11111111111111,0.5813235540203083,0.10886943386727158,0.21311334572264312,0.09669366638977707,0.3098070121124202
202.22222222222223,0.5598633638768166,0.1302563496636944,0.20041575614775542,0.10946453031173363,0.30988028645948906
203.33333333333334,0.539740074488031,0.1521527203324403,0.1863197247488288,0.1217874804306999,0.3081072051795287
204.44444444444446,0.5196673947873719,0.17429235245308816,0.17220554908583427,0.1338347036737057,0.30604025275954
205.55555555555554,0.49953857762218096,0.19616067143258867,0.15869901334123326,0.14560173760399714,0.3043007509452304
206.66666666666666,0.47971153225905844,0.21715355889649254,0.1461106640684918,0.15702424477595725,0.30313490884444905
207.77777777777777,0.46066686266952583,0.2366961502198262,0.1346004297092977,0.16803655740135023,0.3026369871106479
208.88888888888889,0.44284774780014097,0.25431994435644917,0.12423795885045655,0.1785943489929533,0.3028323078434098
210.0,0.42659075660634704,0.269702092764274,0.11502903693098403,0.18867811369839482,0.30370715062937886
210.0,0.42659075660634704,0.269702092764274,0.11502903693098403,0.18867811369839482,0.30370715062937886
211.11111111111111,0.47721849875212036,0.22485010020248394,0.1302867879125349,0.16764461313286086,0.2979314010453958
212.22222222222223,0.5133268011376824,0.1911178107077333,0.14526277749739802,0.1502926106571864,0.29555538815458443
213.33333333333334,0.5405230499061336,0.16486348559217726,0.1591169752519212,0.13549648924976787,0.29461346450168907
214.44444444444446,0.5611804324960065,0.14416044121634067,0.1717785940835113,0.12288053220414158,0.2946591262876529
215.55555555555554,0.5768090018077784,0.12768476288136732,0.18335402114057855,0.11215221417027577,0.29550623531085435
216.66666666666666,0.5885298875778431,0.11446012115044842,0.19397669527407885,0.10303329599762959,0.29700999127170846
217.77777777777777,0.5972060479734729,0.10375583980318014,0.20376873627075306,0.09526937595259374,0.2990381122233468
218.88888888888889,0.6035054781266236,0.09502261717735275,0.21283310553699056,0.0886387991590331,0.30147190469602364
220.0,0.6079458283161289,0.08784557351601106,0.22125429077256403,0.08295430739529594,0.30420859816785994
220.0,0.6079458283161289,0.08784557351601106,0.22125429077256403,0.08295430739529594,0.30420859816785994
221.11111111111111,0.5813186395984352,0.1088700684425474,0.21311144470128388,0.09669984725773342,0.3098112919590173
222.22222222222223,0.5598583026739029,0.13025704173227043,0.20041359343831674,0.10947106215551002,0.3098846555938268
223.33333333333334,0.5397349569984574,0.1521533881416229,0.18631741886027442,0.1217942359996454,0.3081116548599198
224.44444444444446,0.5196623122042876,0.17429290392530483,0.17220320374917175,0.13384158012123584,0.3060447838704076
225.55555555555554,0.4995336298842547,0.19616101136979597,0.15869671315870612,0.14560864558724312,0.3043053587459492
226.66666666666666,0.4797068192437559,0.2171536000966898,0.14610847390404888,0.15703110675550547,0.3031395806595543
227.77777777777777,0.46066247254504417,0.2366958239920216,0.13459839506976212,0.168043308393172,0.3026417034629341
228.88888888888889,0.44284374822899686,0.25431920752961773,0.12423610733083701,0.17860093691054849,0.30283704424138547
230.0,0.4265871905380537,0.26970093010291935,0.11502738075543383,0.18868449860359315,0.303711879359027
230.0,0.4265871905380537,0.26970093010291935,0.11502738075543383,0.18868449860359315,0.303711879359027
231.11111111111111,0.47721576992362413,0.22484903460632039,0.1302853079386764,0.16764988753137922,0.2979351954700556
232.22222222222223,0.5133247406590363,0.191116819049628,0.1452614493544808,0.15029699093685478,0.29555844029133554
233.33333333333334,0.5405215182384223,0.16486256165987048,0.15911577853268213,0.13550014156902507,0.2946159201017072
234.44444444444446,0.5611793122256089,0.14415958253750932,0.1717775105233457,0.1228835947135359,0.2946611052368816
235.55555555555554,0.5768081989427087,0.12768396662330211,0.18335303471272676,0.11215479972126235,0.29550783443398915
236.66666666666666,0.588529329174141,0.11445938348389509,0.19397579230724962,0.10303549503471418,0.2970112873419638
237.77777777777777,0.5972056782260191,0.10375515620741212,0.2037679053329272,0.0952712602336416,0.2990391655665688
238.88888888888889,0.603505254523507,0.09502198285943747,0.2128323371760812,0.08864042544097436,0.3014727626170556
240.0,0.6079457184214726,0.08784498373083172,0.2212535772135974,0.08295572063409822,0.3042092978476956
240.0,0.6079457184214726,0.08784498373083172,0.2212535772135974,0.08295572063409822,0.3042092978476956
241.11111111111111,0.5813185289595811,0.10886936485951174,0.21311069864771284,0.09670140753319423,0.30981210618090704
242.22222222222223,0.559858191323044,0.1302562252787383,0.20041285156986338,0.10947273182835414,0.3098855833982175
243.33333333333334,0.5397348479781924,0.15215245741375577,0.1863167062486001,0.12179598835945184,0.30811269460805196
244.44444444444446,0.5196622128257965,0.17429185777187536,0.17220253684639414,0.13384339255593394,0.30604592940232805
245.55555555555554,0.49953354970445424,0.1961598510698356,0.1586961021834628,0.14561049704224735,0.3043065992257102
246.66666666666666,0.47970676772624893,0.21715233071718928,0.14610792424470231,0.15703297731185958,0.30314090155656187
247.77777777777777,0.46066245730230004,0.23669445487543397,0.13459790824200646,0.16804517958025944,0.30264308782226584
248.88888888888889,0.44284377404437775,0.2543177520119579,0.12423568183282062,0.17860279211084382,0.3028384739436644
250.0,0.42658725910239104,0.2696994046647839,0.1150270129103481,0.18868632332247703,0.30371333623282515
250.0,0.42658725910239104,0.2696994046647839,0.1150270129103481,0.18868632332247703,0.30371333623282515
251.11111111111111,0.4772159343161829,0.22484773255016147,0.13028499441019306,0.16765133872346255,0.29793633313365564
252.22222222222223,0.51332498343456,0.19111569117143568,0.14526117404892913,0.15029815134507518,0.2955593253940043
253.33333333333334,0.5405218101659878,0.16486157933420387,0.15911553415169954,0.13550107634810882,0.29461661049980836
254.44444444444446,0.5611796296975713,0.1441587230487563,0.1717772925422038,0.12288435471146862,0.29466164725367244
255.55555555555554,0.5768085256618932,0.12768321069089245,0.18335283980350373,0.11215542384371063,0.2955082636472144
256.6666666666667,0.5885296546112513,0.11445871478342214,0.193975617834096,0.10303601277123058,0.2970116306053266
257.77777777777777,0.5972059958745345,0.10375456107837237,0.2037677491344297,0.09527169391266349,0.2990394430470932
258.8888888888889,0.6035055605537493,0.0950214499683157,0.212832197440992,0.08864079203694301,0.30147298947793505
260.0,0.6079460107450756,0.08784450371581491,0.2212534523980419,0.08295603314106771,0.30420948553910954
