Generation,xOC,xOB,xMMd,xMMr,total xMM
0.0,0.26666666666666666,0.4,0.26666666666666666,0.06666666666666667,0.3333333333333333
0.5042016806722689,0.4085890786166227,0.31790828171296287,0.21886329705026814,0.05463934262014627,0.2735026396704144
1.0084033613445378,0.4737462698961484,0.27589572265895385,0.20097019534720026,0.04938781209769757,0.25035800744489783
1.5126050420168067,0.5094106689837506,0.2494755287106581,0.19441613649976802,0.04669766580582327,0.2411138023055913
2.0168067226890756,0.5313515932755413,0.2304700867295451,0.19301916765958535,0.045159152335328225,0.23817831999491357
2.5210084033613445,0.5461519658801268,0.21548865435316278,0.19417470213523438,0.04418467763147597,0.23835937976671034
3.0252100840336134,0.5569241926835129,0.20294081613576323,0.19663562408364682,0.04349936709707703,0.24013499118072384
3.5294117647058822,0.565255825453945,0.19201695082339787,0.19976066821930746,0.04296655550334975,0.2427272237226572
4.033613445378151,0.5720000500903253,0.1822766187684569,0.2032070543483246,0.04251627679289323,0.24572333114121783
4.53781512605042,0.5776355891067989,0.17346396895775357,0.20678803648190305,0.04211240545354448,0.24890044193544755
5.042016806722689,0.5824429124633957,0.16541932318087277,0.21040132172855724,0.04173644262717443,0.25213776435573165
5.546218487394958,0.5865945988612253,0.15803500723651093,0.21399122907334292,0.041379164828920685,0.2553703939022636
6.050420168067227,0.5902030702382569,0.15123264927210692,0.21752806294318935,0.04103621754644665,0.258564280489636
6.554621848739496,0.5933463301571869,0.14495124704806656,0.2209966606837142,0.04070576211103245,0.26170242279474665
7.0588235294117645,0.5960820633030279,0.1391407575433623,0.2243899640657938,0.04038721508781577,0.26477717915360954
7.563025210084033,0.5984554699636697,0.13375856343423106,0.22770539015612068,0.04008057644597866,0.2677859666020993
8.067226890756302,0.6005036879462049,0.12876745723743796,0.2309427780229417,0.03978607679341549,0.27072885481635717
8.571428571428571,0.6022583416566025,0.12413443532035587,0.2341032258389129,0.039503997184128656,0.2736072230230416
9.07563025210084,0.6037470433182855,0.11982993397545964,0.2371884398470021,0.03923458285925272,0.2764230227062548
9.579831932773109,0.6049943172132467,0.11582730797657947,0.24020036874103698,0.03897800606913675,0.27917837481017377
10.084033613445378,0.606022187249783,0.11210245055160005,0.2431410068537329,0.03873435534488407,0.281875362198617
10.588235294117647,0.6068505786758649,0.10863349614640874,0.2460122879744912,0.03850363720323513,0.2845159251777264
11.092436974789916,0.6074976021314115,0.1054005778346449,0.24881603578592348,0.038285784248020135,0.28710182003394363
11.596638655462185,0.6079797710011755,0.10238562084150615,0.2515539428346472,0.03808066532267116,0.2896346081573184
12.100840336134453,0.6083121747230734,0.09957216291248777,0.25422756635976357,0.03788809600467516,0.2921156623644387
12.605042016806722,0.6085086243499588,0.09694519516138925,0.25683833223827984,0.03770784825037212,0.294546180488652
13.109243697478991,0.6085817749496754,0.09449102072034236,0.2593875451207371,0.03753965920924529,0.2969272043299824
13.61344537815126,0.6085432256942962,0.09219713155737376,0.2618764027080897,0.03738324004024023,0.29925964274832995
14.117647058823529,0.6084036272192156,0.09005209026181106,0.2643060016471888,0.03723828087178469,0.30154428251897347
14.621848739495798,0.6081727662638542,0.08804542931752955,0.2666773477463291,0.03710445667228728,0.3037818044186164
15.126050420168067,0.6078596297444335,0.08616756158205151,0.2689913757193053,0.03698143295420958,0.3059728086735149
15.630252100840336,0.6074724770744825,0.08440969641172678,0.271248957399737,0.036868869114053834,0.3081178265137908
16.134453781512605,0.6070189098219717,0.08276376458646087,0.2734509043024797,0.036766421289087685,0.3102173255915674
16.63865546218487,0.6065059239635064,0.08122235113116597,0.2755979799896028,0.03667374491572488,0.3122717249053276
17.142857142857142,0.605939954795089,0.07977863630254256,0.27769091144577623,0.036590497456592194,0.31428140890236844
17.647058823529413,0.6053269302138929,0.0784263398815824,0.2797303903776294,0.03651633952689529,0.31624672990452474
18.15126050420168,0.6046723082626819,0.0771596725884524,0.28171708267417217,0.03645093647469351,0.3181680191488657
18.655462184873947,0.6039811166662149,0.07597329146000056,0.28365163260243964,0.03639395927134499,0.3200455918737847
19.159663865546218,0.6032579861872471,0.07486226017008578,0.285534668141918,0.03634508550074903,0.3218797536426671
19.66386554621849,0.6025071823369798,0.07382201273173367,0.2873668050569168,0.036303999874369726,0.3236708049312866
20.168067226890756,0.6017326339786154,0.07284832086503014,0.2891486504610505,0.036270394695303874,0.32541904515635434
20.672268907563023,0.6009379584589098,0.07193726442870754,0.2908808070212485,0.036243970091134024,0.3271247771123826
21.176470588235293,0.6001264860954189,0.07108520444565841,0.292563875418553,0.03622443404036965,0.3287883094589227
21.680672268907564,0.5993012827720089,0.07028876019697279,0.2941984535429396,0.03621150348807864,0.3304099570310182
22.18487394957983,0.5984651679379482,0.06954478527844785,0.29578514398780337,0.03620490279580065,0.331990046783604
22.6890756302521,0.597620732451396,0.06885034921091124,0.2973245535302492,0.03620436480744344,0.3335289183376927
23.19327731092437,0.5967703556407784,0.06820271905660398,0.29881729478496577,0.03620963051765183,0.33502692530261763
23.69747899159664,0.595916223091187,0.06759934263333736,0.3002639855407932,0.03622044873468255,0.33648443427547575
24.201680672268907,0.5950603385847337,0.06703783391000662,0.30166525144954276,0.036236576055716826,0.33790182750525954
24.705882352941174,0.5942045363691962,0.06651595973846104,0.3030217269790753,0.03625777691326741,0.3392795038923427
25.210084033613445,0.5933504929012045,0.06603162733566403,0.3043340565528594,0.0362838232102723,0.3406178797631317
25.714285714285715,0.5924997404919392,0.06558287283401441,0.30560289269136387,0.03631449398268249,0.34191738667404636
26.218487394957982,0.5916536757633939,0.0651678513157339,0.306828897548347,0.036349575372525166,0.34317847292087217
26.72268907563025,0.5908135688304313,0.06478482752609016,0.308012743229538,0.03638886041394039,0.3444016036434784
27.22689075630252,0.5899805730574066,0.06443216724273378,0.30915511096308296,0.036432148736776665,0.34558725969985965
27.73109243697479,0.589155732153809,0.06410832967792135,0.31025669168721803,0.036479246481051615,0.34673593816826964
28.235294117647058,0.5883399885001644,0.06381186027904821,0.31131818525375105,0.03652996596703617,0.3478481512207872
28.739495798319325,0.5875341899149392,0.06354138431016883,0.31234030024626985,0.03658412552862205,0.34892442577489186
29.243697478991596,0.5867390963161433,0.06329560092795435,0.31332375344214697,0.03664154931375529,0.34996530275590226
29.747899159663866,0.5859553857097626,0.06307327779679824,0.3142692694087691,0.03670206708467006,0.35097133649343915
30.252100840336134,0.585183660045733,0.06287324612248517,0.31517757980545946,0.03676551402632251,0.35194309383178196
30.7563025210084,0.5844244503067983,0.0626943961707561,0.3160494229584673,0.03683173056397819,0.3528811535224455
31.26050420168067,0.5836782218421503,0.06253567307144618,0.3168855429141381,0.03690056217226529,0.3537861050864034
31.764705882352942,0.5829453787739589,0.06239607306729379,0.3176866889435368,0.036971859215210456,0.35465854815874726
32.26890756302521,0.5822262684391374,0.0622746400265773,0.31845361475555584,0.0370454767787295,0.3554990915342853
32.773109243697476,0.581521185330769,0.06217046229695694,0.3191870778573504,0.03712127451492366,0.35630835237227404
33.27731092436974,0.5808303752762901,0.06208266972947034,0.31988783852150404,0.03719911647273547,0.3570869549942395
33.78151260504202,0.5801540387763701,0.06201043104587568,0.32055665920875986,0.03727887096899438,0.35783553017775427
34.285714285714285,0.5794923343268877,0.06195295139701374,0.3211943038229212,0.03736041045317748,0.35855471427609864
34.78991596638655,0.5788453816886725,0.06190947009673315,0.3218015368465442,0.037443611368050106,0.35924514821459436
35.294117647058826,0.5782132647037826,0.061879258615903286,0.3223791226524675,0.037528354027846635,0.3599074766803141
35.79831932773109,0.5775960344264933,0.06186161860931762,0.322927824483946,0.037614522480243225,0.3605423469641892
36.30252100840336,0.5769937113333867,0.061855880255300706,0.32344840399200225,0.03770200441931032,0.3611504084113126
36.80672268907563,0.5764062878193374,0.061861400657798826,0.3239416204491059,0.03779069107375777,0.3617323115228636
37.310924369747895,0.5758337307000964,0.061877562335727,0.32440822987665674,0.037880477087519814,0.36228870696417653
37.81512605042017,0.5752759829181482,0.06190377204023887,0.32484898458797445,0.03797126045363832,0.3628202450416128
38.319327731092436,0.5747329662272577,0.06193945933585071,0.32526463206391587,0.03806294237297588,0.3633275744368918
38.8235294117647,0.5742045826696963,0.06198407556188676,0.32565591457276916,0.03815542719564779,0.36381134176841695
39.32773109243698,0.5736907161113506,0.06203709283084967,0.32602356870137505,0.038248622356424795,0.3642721910577999
39.831932773109244,0.5731912341962375,0.06209800303374722,0.32636832450011743,0.03834243826989785,0.3647107627700153
40.33613445378151,0.5727059898957366,0.06216631693198966,0.32669090492033903,0.03843678825193476,0.3651276931722738
40.84033613445378,0.5722348225636699,0.06224156356409328,0.3269920253811796,0.038531588491057166,0.3655236138722368
41.344537815126046,0.5717775600022065,0.06232328922270865,0.3272723928648063,0.038626757910278704,0.36589915077508506
41.84873949579832,0.5713340193703339,0.06241105684782941,0.32753270565349446,0.03872221812834221,0.3662549237818366
42.35294117647059,0.5709040079783003,0.06250444550100458,0.3277736530858344,0.038817893434860765,0.3665915465206952
42.857142857142854,0.5704873244830958,0.06260304979273905,0.3279959149969561,0.03891371072720905,0.3669096257241651
43.36134453781513,0.5700837603306718,0.0627064791972217,0.3282001610647212,0.03900959940738523,0.36720976047210646
43.865546218487395,0.5696931004395284,0.06281435760754775,0.32838705060195306,0.039105491350970946,0.367492541952924
44.36974789915966,0.5693151239648919,0.0629263230448043,0.32855723210371174,0.03920132088659197,0.3677585529903037
44.87394957983193,0.5689496054949255,0.06304202703250929,0.32871134277306047,0.03929702469950483,0.36800836747256527
45.3781512605042,0.568596315775903,0.06316113401859137,0.32885000845327966,0.039392541752225896,0.36824255020550556
45.88235294117647,0.5682550217390279,0.06328332151377278,0.32897384338210645,0.03948781336509279,0.3684616567471993
46.38655462184874,0.5679254874096021,0.06340827935835901,0.32908345013576407,0.039582783096274894,0.36866623323203895
46.890756302521005,0.5676074748965036,0.06353570935217173,0.3291794190871433,0.03967739666418139,0.36885681575132473
47.39495798319328,0.567300744666294,0.06366532523000326,0.32926232812786715,0.03977160197583569,0.36903393010370283
47.89915966386555,0.5670050563494213,0.06379685202294824,0.3293327426195876,0.03986534900804296,0.36919809162763056
48.403361344537814,0.5667201688009883,0.06393002615717677,0.32939121518029674,0.03995858986153819,0.36934980504183496
48.90756302521008,0.5664458408658029,0.06406459481703523,0.3294382856781718,0.04005127863899024,0.369489564317162
49.41176470588235,0.5661818315295553,0.06420031571831004,0.3294744813289719,0.04014337142316271,0.3696178527521346
49.91596638655462,0.5659279001991808,0.06433695731287654,0.32950031615173,0.04023482633621272,0.3697351424879427
50.42016806722689,0.5656838072477784,0.06447429773446434,0.3295162916865334,0.040325603331223876,0.3698418950177573
50.924369747899156,0.5654493141082861,0.0646121255755107,0.3295228959471972,0.04041566436900595,0.36993856031620315
51.42857142857143,0.5652241839708555,0.06475023850594532,0.3295206043939247,0.040504973129274466,0.3700255775231992
51.9327731092437,0.5650081816584497,0.06488844428348758,0.32950987881340094,0.040593495244661874,0.3701033740580628
52.436974789915965,0.5648010740404719,0.06502655934488903,0.3294911685978193,0.04068119801681995,0.37017236661463926
52.94117647058823,0.5646026301850406,0.06516440939955426,0.329464909866495,0.04076805054891009,0.37023296041540515
53.4453781512605,0.5644126212793908,0.06530182895205841,0.3294315260958139,0.0408540236727368,0.3702855497685507
53.94957983193277,0.5642308211768833,0.06543866063347581,0.32939142838911895,0.04093908980052197,0.3703305181896409
54.45378151260504,0.5640570060704841,0.06557475612620142,0.3293450146571159,0.041023223146198516,0.3703682378033144
54.95798319327731,0.5638909550486804,0.06570997498506398,0.32929267049492655,0.04110639947132924,0.37039906996625577
55.46218487394958,0.5637324503692868,0.0658441847612079,0.32923476875864705,0.0411885961108584,0.3704233648695054
55.96638655462185,0.5635812775225713,0.06597726065928756,0.3291716699069539,0.041269791911187216,0.37044146181814114
56.470588235294116,0.563437225075721,0.0661090854906079,0.3291037221896512,0.0413499672440198,0.3704536894336711
56.97478991596638,0.5633000848857045,0.06623954931297042,0.32903126187015047,0.04142910393117474,0.3704603658013252
57.47899159663865,0.5631696515498723,0.06636854956926279,0.3289546135619866,0.0415071853188784,0.370461798880865
57.983193277310924,0.5630457224307357,0.0664959904774718,0.3288740909312022,0.041584196160590246,0.3704582870917924
58.48739495798319,0.5629280987383071,0.0666217830825068,0.3287899956050476,0.04166012257413853,0.37045011817918616
58.99159663865546,0.5628165859789543,0.066745844819545,0.32870261726828065,0.04173495193322002,0.3704375692015007
59.49579831932773,0.5627109932242222,0.06686809945392566,0.32861223441439547,0.04180867290745658,0.370420907321852
60.0,0.5626111318681839,0.06698847703964247,0.3285191155536842,0.04188127553848943,0.3704003910921736
60.0,0.5626111318681839,0.06698847703964247,0.3285191155536842,0.04188127553848943,0.3704003910921736
61.111111111111114,0.5267225432600924,0.08328785659445467,0.33924061049501025,0.050748989650442576,0.3899896001454528
62.22222222222222,0.5123981041678121,0.09743345483541033,0.33214496622426515,0.05802347477251254,0.3901684409967777
63.333333333333336,0.5063336010429477,0.11076617571657138,0.3181672118645656,0.06473301137591524,0.38290022324048084
64.44444444444444,0.5027178786608314,0.12391832572929205,0.30196830014339043,0.07139549546648606,0.3733637956098765
65.55555555555556,0.4994074961999507,0.13704430003912033,0.28533629658194676,0.0782119071789822,0.3635482037609289
66.66666666666667,0.4957164169707671,0.15006807101871092,0.26897905885672807,0.08523645315379376,0.35421551201052176
67.77777777777777,0.4915025783283728,0.16281881560431308,0.2532174950508217,0.09246111101649249,0.3456786060673142
68.88888888888889,0.4868241519787475,0.17509765795464755,0.23822581487869518,0.0998523751879097,0.3380781900666049
70.0,0.48181106813273344,0.18671143536857962,0.22411062567809933,0.10736687082058766,0.331477496498687
70.0,0.48181106813273344,0.18671143536857962,0.22411062567809933,0.10736687082058766,0.331477496498687
71.11111111111111,0.5280014125238774,0.16026076919061366,0.2161709839097751,0.09556683437573378,0.31173781828550884
72.22222222222223,0.5469095815019666,0.1443541731823875,0.21953301236425382,0.08920323295139204,0.30873624531564586
73.33333333333333,0.5578551905863511,0.13231577811034625,0.22539336438419375,0.08443566691910888,0.30982903130330264
74.44444444444444,0.565581721967753,0.12242397540751088,0.23162314839719475,0.08037115422754135,0.3119943026247361
75.55555555555556,0.5714986474151452,0.11406274064040449,0.23767471509534974,0.07676389684910048,0.3144386119444502
76.66666666666667,0.5761380157814646,0.10691652178776355,0.24341916343003878,0.07352629900073303,0.31694546243077176
77.77777777777777,0.579773591605031,0.10077404731128173,0.24884062469919663,0.07061173638449067,0.3194523610836873
78.88888888888889,0.5825879924660733,0.09547419570710666,0.25395224519542176,0.06798556663139815,0.3219378118268199
80.0,0.5847213343051083,0.09088770568752111,0.25877295605508277,0.06561800395228785,0.3243909600073706
80.0,0.5847213343051083,0.09088770568752111,0.25877295605508277,0.06561800395228785,0.3243909600073706
81.11111111111111,0.5486629036769283,0.10886548958126387,0.264804735254514,0.07766687148729404,0.342471606741808
82.22222222222223,0.5319739214251268,0.12316815175624445,0.25788787940197266,0.08697004741665595,0.34485792681862865
83.33333333333333,0.5226253010327653,0.1357599058749192,0.24644566073604504,0.09516913235627039,0.3416147930923154
84.44444444444444,0.5156194460890733,0.1475033181304782,0.2338573421476847,0.10301989363276397,0.33687723578044865
85.55555555555556,0.5092111382539393,0.15864664828357472,0.22134582929673996,0.11079638416574598,0.33214221346248596
86.66666666666667,0.5028897518088993,0.1691850154175625,0.20935529063829683,0.11856994213524144,0.3279252327735383
87.77777777777777,0.4965774335211527,0.17903039243673385,0.19805703244632497,0.12633514159578843,0.3243921740421134
88.88888888888889,0.4903367572980348,0.188082709152799,0.18752016904796795,0.13406036450119818,0.32158053354916616
90.0,0.4842662852596117,0.1962580967607672,0.17776828664480962,0.14170733133481148,0.3194756179796211
90.0,0.4842662852596117,0.1962580967607672,0.17776828664480962,0.14170733133481148,0.3194756179796211
91.11111111111111,0.53362083016391,0.16436639891973667,0.17876445716241332,0.12324831375393988,0.3020127709163532
92.22222222222223,0.5567853464043561,0.14420115587032306,0.187058789443197,0.11195470828212399,0.29901349772532104
93.33333333333333,0.5713268253486127,0.12899042001555008,0.1965019723362969,0.10318078229954028,0.29968275463583716
94.44444444444444,0.5816643758367088,0.11682081976281777,0.2056946700818718,0.09582013431860154,0.30151480440047335
95.55555555555556,0.5892968772043341,0.10686752273976073,0.2143349017579647,0.08950069829794051,0.3038356000559052
96.66666666666667,0.5949369158064934,0.09863736312917916,0.22239500847060048,0.08403071259372692,0.3064257210643274
97.77777777777777,0.5990303019471589,0.09178221488902076,0.22991199728908937,0.07927548587473113,0.30918748316382044
98.88888888888889,0.6019000065584308,0.08603959865484394,0.23693289276175541,0.07512750202496994,0.3120603947867253
100.0,0.6037948404747646,0.08120627650280843,0.24350123916786587,0.07149764385456121,0.31499888302242707
100.0,0.6037948404747646,0.08120627650280843,0.24350123916786587,0.07149764385456121,0.31499888302242707
101.11111111111111,0.5685432155790955,0.09726157680718982,0.24996802279496405,0.08422718481875066,0.33419520761371474
102.22222222222223,0.5515185810505052,0.11015954927710929,0.2443500438416225,0.09397182583076293,0.3383218696723854
103.33333333333333,0.541478763857586,0.12162525242444826,0.23440843800876732,0.10248754570919842,0.3368959837179657
104.44444444444444,0.5337074450449388,0.13242256173717393,0.22328663621474285,0.11058335700314437,0.3338699932178872
105.55555555555556,0.5265389965468141,0.14277351834447602,0.2121334997893883,0.11855398531932167,0.33068748510871
106.66666666666667,0.5194782466316568,0.1526725048807101,0.20137165952057703,0.12647758896705602,0.3278492484876331
107.77777777777777,0.51244529658861,0.16203573440295232,0.19116847312602303,0.1343504958824146,0.3255189690084377
108.88888888888889,0.50549744421564,0.17076480693883855,0.1815962747273541,0.14214147411816722,0.3237377488455213
110.0,0.49872881155054843,0.17877278869250657,0.17268566215107364,0.14981273760587138,0.32249839975694505
110.0,0.49872881155054843,0.17877278869250657,0.17268566215107364,0.14981273760587138,0.32249839975694505
111.11111111111111,0.5468427174243844,0.14933207998919026,0.1747341133083503,0.12909108927807506,0.3038252025864253
112.22222222222223,0.5693294628387996,0.13077076818543612,0.1836361685893703,0.11626360038639395,0.29989976897576426
113.33333333333333,0.5832193552955804,0.1168677152473655,0.19354734857293232,0.1063655808841217,0.299912929457054
114.44444444444444,0.59285839228122,0.10583008032653948,0.2031465593269958,0.09816496806524469,0.3013115273922405
115.55555555555556,0.5997627998801344,0.09686876445086394,0.21215583847605352,0.09121259719294823,0.30336843566900173
116.66666666666667,0.6046716812071522,0.08950938501571425,0.22055640072983665,0.08526253304729706,0.3058189337771337
117.77777777777777,0.6080506623300606,0.08341908723348172,0.2283893520432884,0.08014089839316937,0.30853025043645776
118.88888888888889,0.6102350379628529,0.07834928830290805,0.23570405006743442,0.07571162366680455,0.31141567373423895
120.0,0.6114803933701404,0.07410933490061415,0.24254559083778715,0.0718646808914583,0.31441027172924546
120.0,0.6114803933701404,0.07410933490061415,0.24254559083778715,0.0718646808914583,0.31441027172924546
121.11111111111111,0.5765743683066941,0.08917904307339121,0.24957222426356343,0.08467436435635144,0.33424658861991485
122.22222222222223,0.5595917173806048,0.10146418964341075,0.24445740022619633,0.0944866927497881,0.33894409297598443
123.33333333333333,0.5495110439344405,0.11251891343920481,0.23491350721045376,0.10305653541590089,0.33797004262635466
124.44444444444444,0.5416629383925846,0.12303974826736226,0.2240976255011953,0.11119968783885771,0.335297313340053
125.55555555555556,0.5343824173849384,0.13322721848820424,0.2131749131264048,0.11921545100045253,0.3323903641268573
126.66666666666667,0.5271685334660534,0.1430683459506433,0.2025794583026611,0.12718366228064223,0.3297631205833033
127.77777777777777,0.5199381902932244,0.1524739238630319,0.19248734526487163,0.1351005405788721,0.32758788584374376
128.88888888888889,0.5127491124116372,0.16133826638893972,0.182978726449808,0.14293389474961513,0.32591262119942316
130.0,0.5056988427774934,0.16956466561243497,0.17409178598334288,0.15064470562672874,0.3247364916100716
130.0,0.5056988427774934,0.16956466561243497,0.17409178598334288,0.15064470562672874,0.3247364916100716
131.11111111111111,0.5527951428205986,0.14181902323773915,0.17589881134521826,0.12948702259644387,0.30538583394166213
132.22222222222223,0.5744633989649776,0.12442191279142538,0.18468816319374287,0.11642652504985418,0.30111468824359705
133.33333333333334,0.5876512036110131,0.11142480878832,0.19453273338121158,0.10639125421945533,0.3009239876006669
134.44444444444446,0.5966870619039099,0.10111841940353877,0.20408694160002971,0.09810757709252174,0.30219451869255143
135.55555555555554,0.6030754444364481,0.09275589699463986,0.213063534943349,0.09110512362556299,0.30416865856891195
136.66666666666666,0.607543429944789,0.08589147026119608,0.2214393708804995,0.08512572891351554,0.3065650997940151
137.77777777777777,0.6105452154214437,0.08021372686253544,0.22925303458355822,0.07998802313246264,0.30924105771602084
138.88888888888889,0.6124060029323581,0.07549061541367735,0.23655218457146657,0.07555119708249791,0.3121033816539645
140.0,0.6133728074878753,0.07154434555450195,0.24338067779392716,0.0717021691636957,0.31508284695762284
140.0,0.6133728074878753,0.07154434555450195,0.24338067779392716,0.0717021691636957,0.31508284695762284
141.11111111111111,0.5785538156493992,0.08629907607253601,0.25063602199816126,0.08451108627990354,0.3351471082780648
142.22222222222223,0.5616238397288109,0.09840211734628496,0.24564769970309314,0.09432634322181094,0.3399740429249041
143.33333333333334,0.5515907357238886,0.10934725772463325,0.23616366237059266,0.10289834418088549,0.33906200655147817
144.44444444444446,0.5437804977152828,0.11980744664566037,0.2253680569194577,0.11104399871959897,0.33641205563905663
145.55555555555554,0.5365208256379229,0.12997533335676825,0.21443993778341133,0.11906390322189754,0.3335038410053089
146.66666666666666,0.5293064413110695,0.1398347429958192,0.20382036843444873,0.12703844725866248,0.3308588156931112
147.77777777777777,0.522052757159933,0.1492938051326311,0.19368962150553481,0.13496381620190104,0.3286534377074358
148.88888888888889,0.5148180247343646,0.15824346857688315,0.18413105047938563,0.14280745620936658,0.3269385066887522
150.0,0.507701676803757,0.16658281006384085,0.17518567151430503,0.15052984161809715,0.3257155131324022
150.0,0.507701676803757,0.16658281006384085,0.17518567151430503,0.15052984161809715,0.3257155131324022
151.11111111111111,0.5544357585338041,0.13944636256747978,0.17678990666741118,0.12932797223130502,0.3061178788987162
152.22222222222223,0.5757826621430238,0.12247330904206556,0.18547658755636273,0.11626744125854795,0.3017440288149107
153.33333333333334,0.5887002457185939,0.10980161999609432,0.19525189730415216,0.10624623698115959,0.30149813428531175
154.44444444444446,0.5975154880564519,0.099752246365395,0.20475175132028967,0.09798051425786333,0.302732265578153
155.55555555555554,0.603726028182724,0.09159546063224264,0.21368247571933618,0.0909960354656972,0.30467851118503336
156.66666666666666,0.6080511840969566,0.08489743467286372,0.22201819126171965,0.08503318996846014,0.3070513812301798
157.77777777777777,0.610938228436007,0.07935559342369455,0.22979602787942524,0.07991015026087328,0.3097061781402985
158.88888888888889,0.6127066820640433,0.07474453235990315,0.23706271915801627,0.07548606641803729,0.3125487855760536
160.0,0.6135990416848527,0.07089149956313058,0.24386146962472194,0.07164798912729468,0.31550945875201664
160.0,0.6135990416848527,0.07089149956313058,0.24386146962472194,0.07164798912729468,0.31550945875201664
161.11111111111111,0.5787910410296707,0.08557807596910043,0.2511754032007342,0.08445547980049467,0.3356308830012289
162.22222222222223,0.5618826079342153,0.09764655082496884,0.24620172335552834,0.09426911788528751,0.34047084124081584
163.33333333333334,0.5518756293768906,0.10857550940543514,0.23671000897592118,0.10283885224175306,0.33954886121767425
164.44444444444446,0.5440897029953459,0.11903193177316365,0.2258961720337026,0.11098219319778786,0.33687836523149045
165.55555555555554,0.5368490563502037,0.12920631283330936,0.2149444380713177,0.11900019274516907,0.33394463081648673
166.66666666666666,0.5296469598426609,0.13908143267000347,0.20429816332311532,0.12697344416422038,0.3312716074873357
167.77777777777777,0.5223984974365599,0.14856450000404683,0.19413883156837233,0.134898170991021,0.32903700255939333
168.88888888888889,0.5151622207407286,0.15754538997627818,0.18455062008151157,0.14274176920148174,0.3272923892829933
170.0,0.5080382303694126,0.16592193354102702,0.1755752131255851,0.1504646229639752,0.32603983608956033
170.0,0.5080382303694126,0.16592193354102702,0.1755752131255851,0.1504646229639752,0.32603983608956033
171.11111111111111,0.5546912924720007,0.13893602060380056,0.17710561240843492,0.12926707451576397,0.3063726869241989
172.22222222222223,0.5759584293993407,0.12206899300480699,0.18575415458046057,0.11621842301539169,0.3019725775958523
173.33333333333334,0.5888099874114583,0.10947766287777586,0.1955028833940326,0.10620946631673331,0.30171234971076594
174.44444444444446,0.5975738497473113,0.09949050748140946,0.20498119836210912,0.0979544444091701,0.3029356427712792
175.55555555555554,0.6037455164088198,0.09138245292376718,0.2138932464888515,0.09097878417856164,0.3048720306674131
176.66666666666666,0.6080417310331727,0.08472298461030707,0.22221225949908638,0.08502302485743383,0.3072352843565202
177.77777777777777,0.6109075208505009,0.07921195847483216,0.22997491326047054,0.07990560741419644,0.309880520674667
178.88888888888889,0.6126606206971708,0.07462576747265931,0.23722766174137916,0.07548595008879085,0.31271361183017
180.0,0.6135421484490322,0.0707929975275519,0.2440135159582768,0.07165133806513921,0.31566485402341604
180.0,0.6135421484490322,0.0707929975275519,0.2440135159582768,0.07165133806513921,0.31566485402341604
181.11111111111111,0.5787318440202658,0.08547373661016106,0.2513345495077791,0.08445986986179416,0.33579441936957327
182.22222222222223,0.5618290477480893,0.09754135904845397,0.24635626370225325,0.09427332950120362,0.3406295932034569
183.33333333333334,0.5518301911561314,0.10847217867403146,0.236855373858247,0.10284225631159015,0.3396976301698372
184.44444444444446,0.544052266393668,0.11893225361602572,0.22603095491527028,0.11098452507503606,0.33701547999030634
185.55555555555554,0.5368185354071666,0.12911167671685556,0.21506843327488753,0.11900135460109026,0.3340697878759778
186.66666666666666,0.5296219952737217,0.13899297490591472,0.20441162028971702,0.1269734095306466,0.33138502982036355
187.77777777777777,0.5223777334307804,0.14848312823263754,0.194242192959009,0.13489694537757294,0.3291391383365819
188.88888888888889,0.5151444196064027,0.15747177795213727,0.18464442745788326,0.14273937498357675,0.32738380244146004
190.0,0.5080223214194056,0.1658565180345376,0.1756600665531915,0.15046109399286528,0.3261211605460568
190.0,0.5080223214194056,0.1658565180345376,0.1756600665531915,0.15046109399286528,0.3261211605460568
191.11111111111111,0.5546690063900953,0.13889116812473576,0.17717396767802768,0.12926585780714137,0.306439825485169
192.22222222222223,0.5759267789836013,0.12203893961717596,0.1858138200595478,0.11622046133967494,0.3020342813992227
193.33333333333334,0.5887709600576643,0.1094584766427558,0.19555628713698534,0.10621427616259456,0.3017705632995799
194.44444444444446,0.5975299809821978,0.09947932225977334,0.20502936761634596,0.09796132914168292,0.30299069675802887
195.55555555555554,0.6036989332879812,0.09137717771549422,0.2139367622162989,0.09098712678022569,0.3049238889965246
196.66666666666666,0.6079940329658036,0.08472209590640985,0.2222515307463155,0.08503234038147103,0.30728387112778655
197.77777777777777,0.6108598602613089,0.07921434199832367,0.23001026659453414,0.07991553114583333,0.3099257977403675
198.88888888888889,0.6126138090511394,0.07463060232011681,0.23725937555445756,0.07549621307428629,0.31275558862874386
200.0,0.6134967457907541,0.07079967349104124,0.2440418365721063,0.07166174414609838,0.3157035807182047
200.0,0.6134967457907541,0.07079967349104124,0.2440418365721063,0.07166174414609838,0.3157035807182047
201.11111111111111,0.5786844911660538,0.08548317433873777,0.25136098424878695,0.08447135024642147,0.3358323344952084
202.22222222222223,0.5617825142200943,0.09755316734746051,0.24637921265830576,0.09428510577413954,0.3406643184324453
203.33333333333334,0.5517852062147957,0.10848612944475258,0.23687468272361673,0.102853981616835,0.33972866434045174
204.44444444444446,0.5440089035191198,0.11894816299563775,0.22604691243242653,0.11099602105281596,0.3370429334852425
205.55555555555554,0.5367767263735749,0.12912934259607528,0.2150814310986951,0.11901249993165476,0.3340939310303499
206.66666666666666,0.5295816767268644,0.13901216027182678,0.20442205763512566,0.12698410536618318,0.3314061630013088
207.77777777777777,0.5223388772525385,0.148503565279907,0.19425044986867557,0.13490710759887906,0.3291575574675546
208.88888888888889,0.5151070307518577,0.15749317994110917,0.18465085530169498,0.14274893400533806,0.32739978930703306
210.0,0.5079864278699632,0.16587859301728158,0.17566498327690488,0.1504699958358504,0.3261349791127553
210.0,0.5079864278699632,0.16587859301728158,0.17566498327690488,0.1504699958358504,0.3261349791127553
211.11111111111111,0.5546371413620879,0.13891067663618945,0.17717775240814065,0.12927442959358207,0.30645218200172275
212.22222222222223,0.5758974637383543,0.12205673914755037,0.185816951450532,0.11622884566356324,0.30204579711409524
213.33333333333334,0.5887439296690862,0.1094748183452072,0.19555887013646314,0.10622238184924344,0.30178125198570654
214.44444444444446,0.5975051413000385,0.09949435407914806,0.2050314317870242,0.09796907283378926,0.30300050462081346
215.55555555555554,0.6036761856112508,0.09139102950271144,0.21393832254607908,0.09099446233995874,0.30493278488603787
216.66666666666666,0.6079732576016049,0.08473488960118375,0.22225260119686754,0.08503925160034378,0.30729185279721133
217.77777777777777,0.6108409255802907,0.07922619006258859,0.2300108631197932,0.07992202123732743,0.30993288435712063
218.88888888888889,0.6125965806403613,0.074641606026192,0.23725951662604805,0.07550229670739869,0.3127618133334467
220.0,0.6134810923267537,0.07080992246938582,0.24404154304464556,0.07166744215921494,0.3157089852038605
220.0,0.6134810923267537,0.07080992246938582,0.24404154304464556,0.07166744215921494,0.3157089852038605
221.11111111111111,0.578668172326421,0.08549504260353241,0.2513591973219563,0.08447758774809024,0.33583678507004655
222.22222222222223,0.5617661125994664,0.09756611030357083,0.2463762128775075,0.09429156421945538,0.3406677770969629
223.33333333333334,0.5517688339602697,0.10849984224994426,0.2368708000308001,0.10286052375898605,0.3397313237897861
224.44444444444446,0.5439925964454612,0.1189624267289078,0.2260424062585215,0.11100257056710959,0.3370449768256311
225.55555555555554,0.5367605397026495,0.1291439592596359,0.2150765031176438,0.11901899792007067,0.33409550103771446
226.66666666666666,0.5295656927658009,0.13902693556189943,0.20441687250944976,0.12699049916284985,0.3314073716722996
227.77777777777777,0.5223231953490164,0.14851830938513427,0.19424514580180663,0.1349133494640426,0.3291584952658493
228.88888888888889,0.5150917562848464,0.15750771363558058,0.1846455480103315,0.14275498206924142,0.32740053007957287
230.0,0.5079716632956837,0.16589275416967803,0.17565976746183365,0.1504758150728046,0.32613558253463826
230.0,0.5079716632956837,0.16589275416967803,0.17565976746183365,0.1504758150728046,0.32613558253463826
231.11111111111111,0.5546247464106845,0.13892219462488475,0.1771734670443185,0.12927959192011224,0.30645305896443076
232.22222222222223,0.5758870254492605,0.12206639820408459,0.18581313301577818,0.11623344333087672,0.3020465763466549
233.33333333333334,0.5887351579127511,0.10948302452500457,0.1955553532352701,0.10622646432697411,0.3017818175622442
234.44444444444446,0.5974977754307725,0.09950139180559579,0.20502813914028917,0.09797269362334246,0.3030008327636316
235.55555555555554,0.6036699979300383,0.09139711624555169,0.21393520940097807,0.09099767642343197,0.3049328858244101
236.66666666666666,0.6079680563825366,0.08474019537215484,0.22224963749422133,0.08504211075108722,0.3072917482453086
237.77777777777777,0.6108365522414481,0.07923084888871826,0.23000802703121415,0.07992457183861948,0.30993259886983365
238.88888888888889,0.6125929047240027,0.074645724254814,0.23725679178273426,0.07550457923844904,0.3127613710211833
240.0,0.6134780064146756,0.07081358505644225,0.2440389170593673,0.07166949146951482,0.31570840852888216
240.0,0.6134780064146756,0.07081358505644225,0.2440389170593673,0.07166949146951482,0.31570840852888216
241.11111111111111,0.5786649632137363,0.08549915324334909,0.25135605360813057,0.08447982993478403,0.33583588354291466
242.22222222222223,0.5617628040828426,0.09757047614265772,0.24637281771644465,0.09429390205805499,0.34066671977449964
243.33333333333334,0.5517654114112892,0.10850435539623318,0.23686731795998334,0.1028629152324943,0.3397302331924777
244.44444444444446,0.5439890671779227,0.11896701011354005,0.226038931444206,0.11100499126433126,0.3370439227085372
245.55555555555554,0.536756932368267,0.12914854521360983,0.21507309430794724,0.1190214281101759,0.33409452241812315
246.66666666666666,0.5295620482356684,0.13903146044963174,0.20441357068770014,0.12699292062699982,0.33140649131469996
247.77777777777777,0.5223195595229473,0.1485227139213027,0.19424198133320764,0.1349157452225423,0.3291577265557499
248.88888888888889,0.5150881752601104,0.15751194467886268,0.1846425433177177,0.14275733674330932,0.327399880061027
250.0,0.5079681801449085,0.1658967664653536,0.17565693815147146,0.15047811523826635,0.3261350533897378
250.0,0.5079681801449085,0.1658967664653536,0.17565693815147146,0.15047811523826635,0.3261350533897378
251.11111111111111,0.5546219792610987,0.1389253262764792,0.17717116426307694,0.12928153019934516,0.3064526944624221
252.22222222222223,0.5758849173203767,0.12206889767040827,0.1858111029318107,0.11623508207740449,0.3020461850092152
253.33333333333334,0.5887336012089189,0.10948503915298693,0.1955535107458358,0.10622784889225836,0.30178135963809416
254.44444444444446,0.597496660705324,0.09950302818185174,0.20502644606676879,0.09797386504605544,0.30300031111282427
255.55555555555554,0.603669230988735,0.09139845471811144,0.21393364375163457,0.09099867054151903,0.30493231429315365
256.6666666666667,0.6079675611526787,0.08474129705552629,0.22224818411397385,0.08504295767782118,0.30729114179179506
257.77777777777777,0.610836268699049,0.07923176054784621,0.23000667437750236,0.07992529637560236,0.3099319707531047
258.8888888888889,0.6125927858086289,0.07464648193643597,0.23725553061044624,0.0755052016444889,0.31276073225493517
260.0,0.6134780152042844,0.07081421678020626,0.24403773975560342,0.07167002825990597,0.3157077680155094
