Generation,xOC,xOB,xMM
0.0,0.2,0.5,0.3
1.0005002501250626,0.18009292277214822,0.4815512658941209,0.33835581133373094
2.001000500250125,0.16103771545523643,0.46021179150238234,0.37875049304238123
3.001500750375188,0.14312541362498502,0.43661337554012103,0.42026121083489393
4.00200100050025,0.1266255820526791,0.41161905475414845,0.4617553631931725
5.002501250625313,0.11174265606734081,0.38620556733681743,0.5020517765958419
6.003001500750376,0.09858179828485213,0.3613057761486088,0.540112425566539
7.003501750875438,0.08713851361331992,0.3376702840853909,0.5751912023012891
8.0040020010005,0.07731445774082724,0.31579535011602977,0.606890192143143
9.004502251125563,0.06894915738684715,0.29592533773231877,0.635125504880834
10.005002501250626,0.06185387296957048,0.2781040783221383,0.6600420487082912
11.005502751375689,0.05583815256014292,0.2622420066141836,0.6819198408256735
12.006003001500751,0.050726129877153234,0.24817604020496714,0.7010978299178797
13.006503251625814,0.046364116547754415,0.23571317704143957,0.717922706410806
14.007003501750876,0.0426223311782039,0.2246576768157056,0.7327199920060905
15.007503751875939,0.039393439298871444,0.2148259729069453,0.7457805877941833
16.008004002001,0.03658971962659141,0.20605326060743537,0.7573570197659732
17.008504252126066,0.034139875430084524,0.1981955215916876,0.7676646029782279
18.009004502251127,0.03198605450296981,0.19112867059093064,0.7768852749060997
19.009504752376188,0.030081252114043926,0.18474686811086496,0.7851718797750912
20.010005002501252,0.028387163254629574,0.17896014432253207,0.7926526924228383
21.010505252626317,0.02687243810661059,0.17369211854120145,0.799435443352188
22.011005502751377,0.02551129184518303,0.16887794814374438,0.8056107600110727
23.011505752876438,0.024282405384961243,0.1644624776384063,0.8112551169766326
24.012006003001503,0.02316804754887042,0.1603986456787075,0.8164333067724221
25.012506253126567,0.022153393464571586,0.15664619843721753,0.8212004080982109
26.013006503251628,0.021225978151728254,0.15317056417164165,0.8256034576766301
27.01350675337669,0.020375262232972084,0.1499419346011119,0.8296828031659159
28.014007003501753,0.019592289839047785,0.14693452952888997,0.8334731806320622
29.014507253626817,0.018869406850823608,0.14412594404984494,0.8370046490993314
30.015007503751878,0.018200042973857956,0.14149667191235427,0.8403032851137877
31.01550775387694,0.01757853180272877,0.13902961931240365,0.8433918488848675
32.016008004002,0.01699996357353278,0.13670978793692917,0.8462902484895379
33.01650825412707,0.016460065535984884,0.13452395298782616,0.849015981476189
34.01700850425213,0.01595510440358218,0.13246041428023025,0.8515844813161876
35.01750875437719,0.015481805841358925,0.1305088002178448,0.8540093939407963
36.018009004502254,0.015037285611912971,0.12865987156262057,0.8563028428254665
37.01850925462732,0.014618996375046957,0.12690539144624838,0.8584756121787047
38.019009504752376,0.01422467935966139,0.12523796199012588,0.8605373586502129
39.01950975487744,0.013852325786192304,0.12365095358612238,0.8624967206276855
40.020010005002504,0.013500142368469076,0.12213840372305494,0.8643614539084761
41.02051025512757,0.01316652401800024,0.12069491911616395,0.8661385568658359
42.02101050525263,0.01285003301907179,0.11931561509116873,0.8678343518897595
43.02151075537769,0.01254937339798757,0.11799608144828667,0.8694545451537259
44.022011005502755,0.012263375752733775,0.11673229947860086,0.8710043247686655
45.02251125562782,0.011990983470055555,0.11552059624564301,0.8724884202843015
46.023011505752876,0.011731238934939476,0.11435762617510115,0.8739111348899594
47.02351175587794,0.011483271233411984,0.11324033206836026,0.8752763966982278
48.024012006003005,0.011246288604018613,0.11216590957803622,0.8765878018179452
49.02451225612807,0.011019567281811535,0.11113177871841307,0.8778486539997754
50.025012506253134,0.010802446867768264,0.11013557060871784,0.8790619825235138
51.02551275637819,0.010594321680645719,0.10917509926510696,0.8802305790542472
52.026013006503256,0.01039463638189891,0.10824834771079975,0.8813570159073012
53.02651325662832,0.010202880605266388,0.10735345186684847,0.8824436675278851
54.02701350675338,0.010018583390456031,0.10648868305787071,0.883492733551673
55.02751375687844,0.009841311092235244,0.10565243979533745,0.8845062491124271
56.028014007003506,0.009670663212919537,0.10484323440245227,0.885486102384628
57.02851425712857,0.009506269123994495,0.10405968317207769,0.8864340477039276
58.029014507253635,0.009347785237326343,0.10330049698263452,0.887351717780039
59.02951475737869,0.009194892795213896,0.1025644745359429,0.8882406326688431
60.030015007503756,0.00904729580125962,0.101850495882226,0.8891022083165143
61.03051525762882,0.008904718726709372,0.10115751169442416,0.8899377695788664
62.03101550775388,0.008766905023252084,0.10048453656881347,0.8907485584079343
63.03151575787894,0.00863361526854537,0.09983064839869989,0.8915357363327546
64.032016008004,0.008504626068208045,0.09919498696770722,0.8923003869640846
65.03251625812906,0.008379728488713066,0.09857674215166744,0.8930435293596194
66.03301650825414,0.00825872713102389,0.09797514943893186,0.8937661234300441
67.03351675837919,0.008141438405550072,0.097389488665838,0.8944690729286119
68.03401700850426,0.008027690816452004,0.09681908762759085,0.8951532215559571
69.03451725862932,0.007917322819432415,0.09626331203369787,0.8958193651468697
70.03501750875438,0.007810182931659392,0.09572156238565714,0.8964682546826834
71.03551775887945,0.007706128569625377,0.0951932711107747,0.8971006003195998
72.03601800900451,0.007605025373228977,0.09467790132731284,0.8977170732994582
73.03651825912956,0.007506746919464083,0.0941749455924505,0.8983183074880854
74.03701850925464,0.0074111736530737635,0.09368392171963633,0.8989049046272899
75.0375187593797,0.007318193043093127,0.09320437571627875,0.8994774312406281
76.03801900950475,0.007227698557788032,0.09273587696026851,0.9000364244819434
77.03851925962982,0.007139589578939674,0.09227801665119656,0.9005823937698637
78.03901950975488,0.007053770885625161,0.09183040631167923,0.9011158228026955
79.03951975987995,0.006970152389832836,0.09139267711328102,0.9016371704968861
80.04002001000501,0.006888648961699327,0.09096447876762764,0.9021468722706729
81.04052026013007,0.006809179371207282,0.09054547603228333,0.9026453445965094
82.04102051025514,0.006731666111419279,0.09013534782012166,0.903132986068459
83.0415207603802,0.00665603549017564,0.08973378781797685,0.9036101766918474
84.04202101050527,0.006582219131077206,0.08934051119523957,0.9040772696736832
85.04252126063032,0.006510151053064417,0.0889552422179713,0.9045346067289642
86.04302151075538,0.006439768037055732,0.08857771605866735,0.9049825159042769
87.04352176088045,0.0063710095659244665,0.08820767867320002,0.9054213117608755
88.04402201100551,0.006303819266181172,0.08784489196623718,0.9058512887675817
89.04452226113057,0.00623814310951782,0.08748912732855291,0.9062727295619293
90.04502251125564,0.006173929085771472,0.0871401644549231,0.9066859064593055
91.0455227613807,0.006111127292130783,0.08679779165350598,0.9070910810543632
92.04602301150575,0.006049690587662272,0.08646180756334244,0.9074885018489953
93.04652326163082,0.005989574200112326,0.08613201985055802,0.9078784059493297
94.04702351175588,0.0059307348417318535,0.08580824248874504,0.9082610226695231
95.04752376188095,0.005873130917971174,0.08549029619082922,0.9086365728911996
96.04802401200601,0.005816722744327315,0.08517800942473638,0.9090052678309364
97.04852426213107,0.0057614729781522486,0.08487122036065882,0.909367306661189
98.04902451225614,0.005707345406793605,0.08456977169497974,0.9097228828982268
99.0495247623812,0.005654305223645011,0.08427351192251457,0.9100721828538405
100.05002501250627,0.005602319004460621,0.08398229529881372,0.9104153856967258
101.05052526263133,0.005551355056543871,0.08369598336275057,0.9107526615807056
102.05102551275638,0.005501382783108154,0.08341444233100473,0.9110841748858871
103.05152576288145,0.005452372684391828,0.083137543161629,0.9114100841539792
104.05202601300651,0.005404296330064216,0.08286516143765117,0.9117305422322846
105.05252626313157,0.00535712676180781,0.08259717742365875,0.9120456958145334
106.05302651325664,0.005310838031705202,0.08233347543810034,0.9123556865301944
107.0535267633817,0.005265405002809104,0.08207394343318765,0.9126606515640032
108.05402701350675,0.005220803406489733,0.08181847277811796,0.9129607238153923
109.05452726363183,0.00517700984099608,0.08156695844298242,0.9132560317160214
110.05502751375688,0.005134002210779798,0.08131930225744743,0.9135466955317727
111.05552776388195,0.005091759064023484,0.08107540848327735,0.9138328324526992
112.05602801400701,0.005050259634426828,0.08083518429978077,0.9141145560657924
113.05652826413207,0.005009483854492462,0.08059854009043804,0.9143919760550695
114.05702851425714,0.00496941239562773,0.08036538907081998,0.9146651985335523
115.0575287643822,0.004930026826252261,0.08013564666831995,0.9149343265054278
116.05802901450727,0.0048913092114713525,0.07990923107637031,0.9151994597121583
117.05852926463233,0.004853242191546673,0.07968606280166485,0.9154606950067885
118.05902951475738,0.004815808951708851,0.07946606443990788,0.9157181266083833
119.05952976488246,0.004778993362917085,0.07924916211613636,0.9159718445209465
120.06003001500751,0.004742779993650787,0.07903528576600076,0.9162219342403484
121.06053026513257,0.00470715379653667,0.07882436649477573,0.9164684797086875
122.06103051525764,0.004672100209367388,0.07861633766052835,0.9167115621301042
123.0615307653827,0.00463760512799455,0.07841113477711113,0.9169512600948941
124.06203101550776,0.004603654989972109,0.07820869509767894,0.9171876499123488
125.06253126563283,0.0045702366748748375,0.07800895771937892,0.9174208056057461
126.06303151575788,0.004537337433672978,0.07781186360543695,0.91765079896089
127.06353176588296,0.004504944899441767,0.07761735537601759,0.9178776997245405
128.064032016008,0.004473047079653983,0.07742537727706511,0.9181015756432808
129.06453226613309,0.004441632493794536,0.07723587579311915,0.9183224917130862
130.06503251625813,0.004410689976860274,0.07704879877954618,0.9185405112435935
131.0655327663832,0.004380208676304834,0.0768640954519963,0.9187556958716988
132.06603301650827,0.0043501780585757975,0.07668171641836714,0.918968105523057
133.06653326663331,0.004320587918723729,0.07650161369085415,0.919177798390422
134.06703351675839,0.004291428436999298,0.07632374085021983,0.9193848307127808
135.06753376688346,0.004262690024965239,0.07614805252819129,0.9195892574468434
136.06803401700853,0.004234363355202419,0.07597450448461536,0.9197911321601822
137.06853426713357,0.0042064393511170245,0.07580305355536021,0.9199905070935227
138.06903451725864,0.004178909170509565,0.07563365758000831,0.920187433249482
139.06953476738371,0.004151764252057774,0.07546627572229109,0.9203819600256511
140.07003501750876,0.0041249964886897784,0.07530086958263993,0.9205741339286703
141.07053526763383,0.00409859788336185,0.07513740107963258,0.9207640010370055
142.0710355177589,0.004072560644443186,0.07497583307569929,0.9209516062798575
143.07153576788394,0.004046877191438175,0.07481612944310807,0.9211369933654537
144.07203601800902,0.0040215401436024985,0.07465825502316428,0.9213202048332332
145.0725362681341,0.00399654233092601,0.07450217553921823,0.9215012821298557
146.07303651825913,0.003971876858758824,0.07434785739888901,0.9216802657423522
147.0735367683842,0.003947536970277802,0.07419526791378804,0.9218571951159341
148.07403701850927,0.003923516076142759,0.0740443751739627,0.9220321087498945
149.07453726863432,0.0038998077524711903,0.07389514798776832,0.9222050442597605
150.0750375187594,0.0038764057313971914,0.07374755583705546,0.9223760384315473
151.07553776888446,0.003853303918872099,0.07360156900842929,0.9225451270726985
152.0760380190095,0.0038304964892862127,0.07345715922102856,0.9227123442896851
153.07653826913457,0.0038079777096928567,0.07331429850663661,0.9228777237836704
154.07703851925964,0.0037857419817268335,0.07317295949682201,0.9230412985214511
155.07753876938472,0.0037637838456996923,0.07303311546561565,0.9232031006886846
156.07803901950976,0.003742097973728255,0.07289474030130624,0.9233631617249655
157.07853926963483,0.0037206791766809144,0.0727578085380643,0.9235215122852547
158.0790395197599,0.0036995224565576574,0.0726222955842863,0.923678181959156
159.07953976988495,0.003678622908250041,0.07248817729878029,0.9238331997929696
160.08004002001002,0.003657975739286491,0.07235543007780722,0.9239865941829063
161.0805402701351,0.003637576271112847,0.07222403086217337,0.9241383928667137
162.08104052026013,0.0036174199336407625,0.07209395711517352,0.9242886229511856
163.0815407703852,0.003597502270435298,0.07196518681997563,0.924437310909589
164.08204102051027,0.0035778189844397263,0.07183769855107996,0.9245844824644802
165.08254127063532,0.003558365856292744,0.07171147131296328,0.9247301628307439
166.0830415207604,0.0035391387596725938,0.07158648455602253,0.9248743766843048
167.08354177088546,0.003520133663299277,0.0714627181681388,0.9250171481685618
168.08404202101053,0.003501346626678013,0.07134015245480434,0.9251585009185176
169.08454227113558,0.003482773809145782,0.07121876818732273,0.9252984580035314
170.08504252126065,0.0034644115283017332,0.07109854690371134,0.9254370415679869
171.08554277138572,0.003446256142576354,0.07097947030970427,0.9255742735477193
172.08604302151076,0.003428304080666419,0.07086152043128201,0.9257101754880515
173.08654327163583,0.0034105518478747465,0.07074467964902088,0.9258447685031043
174.0870435217609,0.0033929960222732307,0.07062893068036702,0.9259780732973597
175.08754377188595,0.0033756332508658683,0.07051425656191038,0.9261101101872237
176.08804402201102,0.0033584602457517924,0.07040064063165875,0.9262408991225894
177.0885442721361,0.0033414737802883003,0.07028806651131188,0.9263704597083998
178.08904452226113,0.0033246706852538875,0.07017651808853537,0.9264988112262107
179.0895447723862,0.0033080479579680657,0.07006598010274397,0.926625971939288
180.09004502251128,0.003291602755453013,0.0699564381113397,0.9267519591332073
181.09054527263632,0.0032753321754599996,0.06984787732254709,0.9268767905019929
182.0910455227614,0.003259233374778443,0.06974028323029291,0.9270004833949287
183.09154577288646,0.003243303567499427,0.06963364160770275,0.9271230548247978
184.0920460230115,0.0032275400222793772,0.06952793849525561,0.9272445214824651
185.09254627313658,0.0032119400596037403,0.06942316018893853,0.9273648997514577
186.09304652326165,0.003196501049050664,0.06931929322840119,0.9274842057225482
187.09354677338672,0.0031812204065546747,0.06921632438511047,0.9276024552083348
188.09404702351176,0.003166095599821009,0.06911424068124138,0.9277196637189377
189.09454727363683,0.003151124277630787,0.06901302987576308,0.9278358458466062
190.0950475237619,0.003136304093267823,0.06891267979705075,0.9279510161096814
191.09554777388695,0.0031216327088471702,0.068813178357682,0.9280651889334709
192.09604802401202,0.0031071078322700302,0.06871451369226798,0.928178378475462
193.0965482741371,0.0030927272152719253,0.06861667414856633,0.9282905986361617
194.09704852426214,0.003078488651470862,0.06851964827859405,0.9284018630699351
195.0975487743872,0.0030643899744154995,0.0684234248297405,0.928512185195844
196.09804902451228,0.003050429055633319,0.06832799273588026,0.9286215782084865
197.09854927463732,0.003036603802678788,0.06823334110848614,0.9287300550888351
198.0990495247624,0.0030229121876324044,0.06813945936997136,0.9288376284423963
199.09954977488746,0.003009352298487884,0.0680463374939375,0.9289443102075746
200.10005002501254,0.002995922198516195,0.06795396534852409,0.9290501124529597
201.10055027513758,0.0029826199823514816,0.06786233295860326,0.9291550470590453
202.10105052526265,0.0029694437798969014,0.06777143052425252,0.9292591256958506
203.10155077538772,0.0029563917548990357,0.06768124841432568,0.9293623598307752
204.10205102551276,0.002943462103522298,0.06759177716002374,0.9294647607364539
205.10255127563784,0.002930653052923342,0.0675030074484657,0.9295663394986109
206.1030515257629,0.0029179628598254748,0.0674149301162596,0.9296671070239149
207.10355177588795,0.002905389809393453,0.06732753614435637,0.92976707404625
208.10405202601302,0.002892932270094456,0.06724081689205244,0.929866250837853
209.1045522761381,0.0028805886471706507,0.06715476389790515,0.9299646474549241
210.10505252626314,0.0028683573436079487,0.0670693687126688,0.9300622739437231
211.1055527763882,0.0028562367912355197,0.06698462303179865,0.9301591401769658
212.10605302651328,0.0028442254496884507,0.06690051869068006,0.9302552558596314
213.10655327663832,0.002832321805370404,0.06681704765985794,0.9303506305347715
214.1070535267634,0.002820524370416276,0.06673420204026603,0.9304452735893176
215.10755377688847,0.002808831681654852,0.0666519740584562,0.9305391942598888
216.1080540270135,0.0027972422995714706,0.06657035606182778,0.9306324016386007
217.10855427713858,0.002785754814056437,0.06648934052859086,0.9307249046573527
218.10905452726365,0.0027743678834899026,0.06640892015011333,0.9308167119663968
219.10955477738872,0.002763080165853312,0.06632908767882431,0.9309078321553224
220.11005502751377,0.002751890335373794,0.06624983596183588,0.9309982737027903
221.11055527763884,0.002740797089072523,0.06617115795264338,0.9310880449582841
222.1110555277639,0.0027297991459834412,0.06609304670691067,0.9311771541471059
223.11155577788895,0.0027188952463719765,0.06601549537825548,0.9312656093753725
224.11205602801402,0.002708084150953761,0.06593849721403465,0.9313534186350115
225.1125562781391,0.002697364640113353,0.06586204555112951,0.9314405898087571
226.11305652826414,0.002686735513122952,0.06578613381173115,0.9315271306751458
227.1135567783892,0.0026761956128228703,0.0657107557908565,0.9316130485963205
228.11405702851428,0.0026657438269001655,0.06563590567573542,0.9316983504973644
229.11455727863932,0.00265537902793933,0.06556157736367162,0.9317830436083889
230.1150575287644,0.0026451001061554283,0.06548776484182327,0.9318671350520212
231.11555777888947,0.00263490596928322,0.06541446219066942,0.9319506318400472
232.11605802901454,0.0026247955419091066,0.06534166358109265,0.9320335408769982
233.11655827913958,0.002614767764803082,0.06526936327146177,0.9321158689637351
234.11705852926465,0.0026048215942506793,0.06519755560471438,0.9321976228010348
235.11755877938973,0.0025949560013849233,0.06512623500543963,0.9322788089931754
236.11805902951477,0.0025851699715182773,0.06505539597696079,0.9323594340515209
237.11855927963984,0.002575462503474594,0.06498503309841792,0.9324395043981074
238.1190595297649,0.0025658326089210634,0.06491514102185054,0.9325190263692283
239.11955977988995,0.0025562793117001625,0.06484571446928025,0.9325980062190194
240.12006003001503,0.0025468016909040254,0.06477674834313302,0.9326764499659629
241.1205602801401,0.002537398893962351,0.0647082377589644,0.9327543633470732
242.12106053026514,0.00252807001764452,0.06464017773594156,0.9328317522464139
243.1215607803902,0.002518814171100544,0.06457256335900033,0.932908622469899
244.12206103051528,0.0025096304770611155,0.0645053897807681,0.9329849797421708
245.12256128064033,0.002500518071381568,0.06443865221919592,0.9330608297094225
246.1230615307654,0.002491476102585844,0.06437234595519048,0.9331361779422237
247.12356178089047,0.002482503731410461,0.06430646633024609,0.9332110299383435
248.1240620310155,0.0024736001303484736,0.06424100874407668,0.9332853911255748
249.12456228114058,0.0024647644831934427,0.0641759686522478,0.9333592668645587
250.12506253126566,0.0024559959845833978,0.06411134156380863,0.9334326624516079
251.12556278139073,0.002447293839544805,0.06404712303892397,0.9335055831215312
252.12606303151577,0.0024386572630365295,0.06398330868650624,0.9335780340504573
253.12656328164084,0.00243008550360646,0.06391989432648569,0.933650020169908
254.1270635317659,0.0024215778567914926,0.06385687608204961,0.933721546061159
255.12756378189096,0.002413133589336061,0.06379424986296157,0.9337926165477024
256.128064032016,0.0024047519773705843,0.06373201162698491,0.9338632363956446
257.1285642821411,0.0023964323075346813,0.06367015738829761,0.9339334103041678
258.12906453226617,0.002388173876648974,0.06360868321599719,0.9340031429073539
259.12956478239124,0.0023799759913868913,0.06354758523260554,0.9340724387760077
260.13006503251626,0.0023718379679464733,0.06348685961257382,0.9341413024194798
261.1305652826413,0.002363759131722175,0.06342650258078728,0.9342097382874907
262.1310655327664,0.00235573881697667,0.06336651041107016,0.9342777507719532
263.13156578289147,0.0023477763665126555,0.06330687942469057,0.9343453442087969
264.13206603301654,0.0023398711313446555,0.0632476059888653,0.9344125228797902
265.1325662831416,0.0023320224703708256,0.0631886865152647,0.9344792910143646
266.13306653326663,0.0023242297655390333,0.06313011750415078,0.9345456527303103
267.1335667833917,0.002316492434935695,0.06307189558239729,0.9346116119826671
268.13406703351677,0.0023088098768987565,0.06301401733836494,0.9346771727847364
269.13456728364184,0.002301181496857683,0.0629564794004209,0.9347423391027215
270.1350675337669,0.0022936067084973802,0.06289927843983827,0.9348071148516645
271.135567783892,0.0022860849335202085,0.06284241116956653,0.9348715038969133
272.13606803401706,0.002278615601407988,0.06278587434300217,0.93493551005559
273.1365682841421,0.0022711981491840135,0.06272966475275918,0.9349991370980569
274.13706853426714,0.0022638320211750638,0.06267377922943955,0.9350623887493855
275.1375687843922,0.0022565166687734117,0.06261821464040387,0.9351252686908228
276.1380690345173,0.0022492515501988347,0.0625629678885419,0.9351877805612594
277.13856928464236,0.0022420361302606267,0.06250803591104297,0.9352499279586965
278.13906953476743,0.002234869880119608,0.062453415678166646,0.9353117144417138
279.13956978489244,0.0022277522869148143,0.06239910425756988,0.9353731434555154
280.1400700350175,0.002220682865303731,0.062345098891350786,0.9354342182433456
281.1405702851426,0.002213661116801797,0.062291396726187685,0.9354949421570106
282.14107053526766,0.0022066865483816854,0.06223799493729447,0.9355553185143239
283.14157078539273,0.002199758673588675,0.06218489073618501,0.9356153505902264
284.1420710355178,0.0021928770123659986,0.06213208136986462,0.9356750416177695
285.1425712856428,0.002186041090880191,0.062079564120021496,0.9357343947890984
286.1430715357679,0.002179250441346435,0.06202733630221819,0.9357934132564355
287.14357178589296,0.0021725046018539113,0.06197539526508305,0.9358521001330631
288.14407203601803,0.002165803116191147,0.06192373838950166,0.9359104584943073
289.1445722861431,0.0021591455336713618,0.0618723630878083,0.9359684913785205
290.1450725362682,0.002152531408957816,0.06182126680297743,0.9360262017880648
291.14557278639325,0.0021459603018891605,0.06177044700781507,0.9360835926902958
292.14607303651826,0.002139431783466628,0.061719901220385676,0.9361406669961477
293.14657328664333,0.0021329454453273117,0.06166962702862409,0.9361974275260487
294.1470735367684,0.002126500870804712,0.061619622013736955,0.9362538771154584
295.1475737868935,0.0021200976475081916,0.061569883782998956,0.9363100185694929
296.14807403701855,0.0021137353683243014,0.061520409972042736,0.9363658546596331
297.1485742871436,0.002107413631285966,0.061471198244165866,0.9364213881245482
298.14907453726863,0.002101132039441668,0.06142224628963778,0.9364766216709206
299.1495747873937,0.0020948902007246334,0.06137355182500675,0.9365315579742687
300.1500750375188,0.0020886877278220167,0.061325112592406826,0.9365861996797712
301.15057528764385,0.0020825242380440863,0.061276926358864794,0.9366405494030912
302.1510755377689,0.002076399353193408,0.06122899091560716,0.9366946097311994
303.151575787894,0.0020703126994340328,0.06118130407736703,0.936748383223199
304.152076038019,0.0020642639071606775,0.06113386368169116,0.9368018724111482
305.1525762881441,0.002058252614970809,0.0610866676078275,0.9368550797772017
306.15307653826915,0.002052278477618522,0.061039713814615704,0.9369080077077658
307.1535767883942,0.002046341144069881,0.06099300023568946,0.9369606586202407
308.1540770385193,0.002040440266603481,0.06094652482283934,0.9370130349105572
309.15457728864436,0.002034575501749707,0.06090028555042665,0.9370651389478237
310.15507753876943,0.002028746510189467,0.06085428041483131,0.9371169730749793
311.15557778889445,0.002022952956652918,0.06080850743389986,0.9371685396094472
312.1560780390195,0.002017194509818193,0.06076296464639336,0.9372198408437885
313.1565782891446,0.002011470842210132,0.060717650111435366,0.9372708790463545
314.15707853926966,0.00200578163009901,0.06067256190795989,0.9373216564619412
315.15757878939473,0.002000126553399263,0.06062769813415929,0.9373721753124415
316.1580790395198,0.001994505295568218,0.06058305690693228,0.9374224377974996
317.1585792896448,0.0019889175435048203,0.060538636361331846,0.9374724460951634
318.1590795397699,0.0019833629877277566,0.06049443465269937,0.937522202359573
319.15957978989496,0.001977841333020203,0.06045045005942837,0.9375717086075516
320.16008004002003,0.0019723522852971337,0.06040668085712406,0.9376209668575789
321.1605802901451,0.001966895549325295,0.06036312529710408,0.9376699791535708
322.1610805402702,0.0019614708333738013,0.060319781651532456,0.9377187475150939
323.16158079039525,0.0019560778491381965,0.060276648213111086,0.9377672739377508
324.16208104052026,0.0019507163116645107,0.06023372329477121,0.9378155603935644
325.16258129064533,0.0019453859392733201,0.06019100522936492,0.9378636088313619
326.1630815407704,0.001940086453483807,0.06014849236935663,0.9379114211771596
327.1635817908955,0.0019348175789378175,0.06010618308651457,0.9379589993345477
328.16408204102055,0.0019295790433239202,0.06006407577160225,0.938006345185074
329.1645822911456,0.0019243705773014667,0.060022168834069974,0.9380534605886287
330.16508254127064,0.0019191919144246493,0.059980460701746306,0.9381003473838292
331.1655827913957,0.0019140427910665603,0.059938949820529566,0.938147007388404
332.1660830415208,0.0019089229491900345,0.0598976346356525,0.9381934424151575
333.16658329164585,0.0019038321397130036,0.0598565135690988,0.9382396542911882
334.1670835417709,0.0018987701106109056,0.05981558509581435,0.9382856447935748
335.167583791896,0.0018937366123562306,0.05977484770769773,0.938331415679946
336.16808404202106,0.001888731398244983,0.0597342999106871,0.9383769686910679
337.1685842921461,0.001883754224337507,0.0596939402243431,0.9384223055513193
338.16908454227115,0.0018788048493993106,0.05965376718143181,0.9384674279691688
339.1695847923962,0.0018738830348418941,0.05961377932750774,0.9385123376376503
340.1700850425213,0.001868988544663574,0.05957397522049676,0.9385570362348397
341.17058529264636,0.001864121145390308,0.059534353430279054,0.9386015254243306
342.17108554277144,0.0018592806060165222,0.05949491253827209,0.9386458068557113
343.17158579289645,0.0018544666979459356,0.05945565113701359,0.9386898821650405
344.1720860430215,0.001849679194932385,0.05941656782974445,0.9387337529753231
345.1725862931466,0.001844917873294774,0.05937766123569852,0.9387774208910067
346.17308654327167,0.0018401825177186584,0.0593389301116978,0.9388208873705836
347.17358679339674,0.0018354729132206195,0.05930037318567761,0.9388641539011018
348.1740870435218,0.0018307888450958133,0.059261989156409595,0.9389072219984945
349.1745872936468,0.0018261301009953775,0.05922377673756503,0.9389500931614396
350.1750875437719,0.001821496470880692,0.05918573465757749,0.9389927688715418
351.17558779389697,0.0018168877469776435,0.05914786165950561,0.9390352505935167
352.17608804402204,0.001812303723730888,0.059110156500895746,0.9390775397753733
353.1765882941471,0.0018077441977581124,0.05907261795364467,0.9391196378485972
354.1770885442722,0.0018032089678042982,0.05903524480386228,0.9391615462283334
355.17758879439725,0.001798697834695984,0.05899803585173431,0.9392032663135697
356.17808904452227,0.001794210601295528,0.058960989911384994,0.9392447994873194
357.17858929464734,0.0017897470724553706,0.058924105810739785,0.9392861471168048
358.1790895447724,0.001785307054972298,0.05888738239138807,0.9393273105536396
359.1795897948975,0.0017808903594435145,0.0588508184797799,0.9393682911607767
360.18009004502255,0.0017764968013811175,0.058814412869600895,0.9394090903290181
361.1805902951476,0.0017721261950659896,0.0587781644135856,0.9394497093913485
362.18109054527264,0.0017677783566212024,0.05874207197636547,0.9394901496670134
363.1815907953977,0.0017634531040997905,0.058706134432319174,0.9395304124635812
364.1820910455228,0.0017591502574483356,0.058670350665294795,0.939570499077257
365.18259129564785,0.0017548696384705525,0.05863471956833199,0.9396104107931975
366.1830915457729,0.0017506110707908723,0.05859924004338418,0.939650148885825
367.183591795898,0.0017463743798180286,0.05856391100104077,0.9396897146191413
368.184092046023,0.0017421593927086417,0.058528731360249275,0.9397291092470422
369.1845922961481,0.0017379659383308034,0.05849370004803756,0.9397683340136317
370.18509254627315,0.0017337938472276621,0.05845881599923601,0.9398073901535364
371.1855927963982,0.0017296429515810071,0.05842407815619972,0.9398462788922194
372.1860930465233,0.0017255129920491655,0.058389485278536296,0.9398850017294147
373.18659329664837,0.0017214040252060095,0.05835503689076338,0.9399235590840307
374.18709354677344,0.0017173157579518424,0.058320731745074905,0.9399619524969733
375.18759379689845,0.0017132480322068456,0.058286568859797216,0.940000183107996
376.1880940470235,0.0017092006912062451,0.05825254726361943,0.9400382520451744
377.1885942971486,0.0017051735795003142,0.058218665995593395,0.9400761604249064
378.18909454727367,0.001701166542954371,0.05818492410513375,0.940113909351912
379.18959479739874,0.0016971794287487798,0.058151320652017884,0.9401514999192334
380.1900950475238,0.0016932120853789508,0.05811785470638595,0.9401889332082352
381.1905952976488,0.0016892643626553402,0.05808452534874086,0.9402262102886039
382.1910955477739,0.0016853361117034494,0.05805133166994827,0.9402633322183483
383.19159579789897,0.001681427184963826,0.058018272771236626,0.9403003000437996
384.19209604802404,0.0016775374361920634,0.05798534776419711,0.9403371147996109
385.1925962981491,0.001673666720458801,0.05795255577078368,0.9403737775087576
386.1930965482742,0.0016698148954043812,0.05791989586603754,0.9404102892385582
387.19359679839926,0.001665981821350953,0.05788736707296961,0.9404466511056795
388.19409704852427,0.0016621673582428071,0.05785496850223518,0.9404828641395221
389.19459729864934,0.0016583713673742702,0.05782269927325496,0.9405189293593709
390.1950975487744,0.001654593711422308,0.05779055851272679,0.940554847775851
391.1955977988995,0.0016508342544465252,0.057758545354625636,0.9405906203909279
392.19609804902456,0.001647092861889165,0.05772665894020356,0.9406262481979074
393.1965982991496,0.0016433694005751104,0.05769489841798974,0.9406617321814352
394.19709854927464,0.0016396637387118829,0.05766326294379047,0.9406970733174977
395.1975987993997,0.0016359757458896428,0.05763175168068915,0.9407322725734213
396.1980990495248,0.0016323052930811894,0.05760036379904631,0.9407673309078726
397.19859929964986,0.0016286522526419614,0.05756909847649956,0.9408022492708585
398.1990995497749,0.0016250164970162398,0.057537954938634076,0.9408370285643498
399.1995997999,0.0016213978993550925,0.05750693243955757,0.9408716696610875
400.20010005002507,0.0016177963354218887,0.05747603020200042,0.9409061734625778
401.2006003001501,0.0016142116823097139,0.05744524745763378,0.9409405408600566
402.20110055027516,0.001610643818439061,0.057414583447142085,0.940974772734419
403.20160080040023,0.0016070926235578309,0.05738403742022309,0.9410088699562192
404.2021010505253,0.0016035579787413322,0.057353608635587854,0.941042833385671
405.2026013006504,0.001600039766392281,0.05732329636096073,0.9410766638726471
406.20310155077544,0.0015965378702408012,0.0572930998730794,0.9411103622566799
407.20360180090046,0.0015930521753444245,0.05726301845769483,0.9411439293669609
408.20410205102553,0.0015895825680880896,0.057233051409571314,0.9411773660223407
409.2046023011506,0.0015861289361698424,0.057203198032224574,0.9412106730316057
410.2051025512757,0.0015826911637534624,0.057173457549168354,0.9412438512870782
411.20560280140074,0.0015792691358086511,0.05714382918338151,0.9412769016808099
412.2061030515258,0.0015758627417393084,0.0571143122237403,0.9413098250345204
413.20660330165083,0.0015724718721065313,0.057084905965017786,0.9413426221628757
414.2071035517759,0.0015690964186286134,0.05705560970788386,0.9413752938734875
415.207603801901,0.0015657362741810456,0.05702642275890523,0.9414078409669138
416.20810405202604,0.0015623913327965154,0.0569973444305454,0.941440264236658
417.2086043021511,0.001559061489664907,0.056968374041164706,0.9414725644691704
418.2091045522762,0.0015557466411333018,0.05693951091502028,0.9415047424438464
419.20960480240126,0.0015524466847059782,0.056910754382266095,0.9415367989330279
420.2101050525263,0.0015491615190444106,0.056882103778952905,0.9415687347020026
421.21060530265135,0.0015458910438710827,0.056853558447243956,0.9416005505088849
422.2111055527764,0.001542635155034504,0.056825117746479505,0.9416322470984859
423.2116058029015,0.0015393937503329488,0.05679678104011961,0.9416638252095474
424.21210605302656,0.0015361667309582623,0.05676854769250708,0.9416952855765346
425.21260630315163,0.0015329539991047305,0.0567404170742285,0.9417266289266667
426.21310655327665,0.001529755457969081,0.05671238856211425,0.9417578559799167
427.2136068034017,0.0015265710117504815,0.05668446153923849,0.941788967449011
428.2141070535268,0.0015234005656505406,0.056656635394919164,0.9418199640394302
429.21460730365186,0.0015202440258733085,0.056628909524718,0.9418508464494086
430.21510755377693,0.0015171012996252756,0.05660128333044053,0.9418816153699342
431.215607803902,0.001513972295115374,0.056573756220136044,0.9419122714847485
432.216108054027,0.0015108569215549759,0.05654632760809765,0.9419428154703474
433.2166083041521,0.001507755088949697,0.056518996914022734,0.9419732479970276
434.21710855427716,0.0015046667039283167,0.05649176354619484,0.9420035697498769
435.21760880440223,0.0015015916756247953,0.056464626925200476,0.9420337813991748
436.2181090545273,0.0014985299155540746,0.056437586483428344,0.9420638836010177
437.2186093046524,0.0014954813361086438,0.05641064165900734,0.9420938770048841
438.21910955477745,0.0014924458505585398,0.05638379189580657,0.9421237622536349
439.21960980490246,0.0014894233730513473,0.05635703664343536,0.9421535399835134
440.22011005502753,0.001486413818612198,0.05633037535724321,0.9421832108241447
441.2206103051526,0.0014834171031437714,0.056303807498319855,0.9422127753985364
442.2211105552777,0.001480433143426295,0.05627733253349521,0.9422422343230785
443.22161080540275,0.001477461857117543,0.05625094993533941,0.9422715882075431
444.2221110555278,0.0014745031627528377,0.05622465918216279,0.9423008376550844
445.22261130565283,0.0014715569788879958,0.05619845974794546,0.9423299832731666
446.2231115557779,0.0014686232158363716,0.05617235100524723,0.9423590257789164
447.223611805903,0.0014657017904983732,0.056146332399455046,0.9423879658100466
448.22411205602805,0.0014627926230633451,0.056120403410029995,0.9424168039669067
449.2246123061531,0.0014598956345211267,0.05609456352126801,0.942445540844211
450.2251125562782,0.0014570107466620515,0.05606881222229982,0.9424741770310382
451.22561280640326,0.0014541378820769474,0.05604314900709102,0.942502713110832
452.2261130565283,0.001451276964157137,0.056017573374442,0.9425311496614008
453.22661330665335,0.0014484279170944372,0.05599208482798799,0.9425594872549176
454.2271135567784,0.0014455906658811593,0.05596668287619904,0.9425877264579198
455.2276138069035,0.0014427651363101092,0.055941367032380035,0.9426158678313099
456.22811405702856,0.0014399512549745873,0.055916136814670676,0.9426439119303547
457.22861430715363,0.0014371489492683881,0.05589099174604551,0.9426718593046861
458.22911455727865,0.001434358147385801,0.055865931354313884,0.9426997104983003
459.2296148074037,0.0014315787783216094,0.05584095517211999,0.9427274660495584
460.2301150575288,0.0014288107718710915,0.05581606273694285,0.9427551264911861
461.23061530765386,0.0014260540586300196,0.05579125359109629,0.9427826923502737
462.23111555777893,0.001423308569994661,0.055766527281728984,0.9428101641482763
463.231615807904,0.0014205742381617767,0.05574188336082443,0.9428375424010138
464.2321160580291,0.001417850996128623,0.05571732138520095,0.9428648276186704
465.2326163081541,0.0014151387776929498,0.05569284091651168,0.9428920203057953
466.23311655827916,0.001412437517453002,0.05566844152124461,0.9429191209613024
467.23361680840424,0.001409747150543842,0.05564412276900722,0.9429461300804489
468.2341170585293,0.0014070675956126641,0.0556198841217757,0.9429730482826116
469.2346173086544,0.0014043987763762442,0.05559572507413276,0.942999876149491
470.23511755877945,0.0014017406267432802,0.05557164518659011,0.9430266141866667
471.23561780890446,0.0013990930812598972,0.05554764402343348,0.9430532628953067
472.23611805902954,0.0013964560751096478,0.05552372115272262,0.9430798227721677
473.2366183091546,0.0013938295441135128,0.05549987614629131,0.9431062943095952
474.2371185592797,0.0013912134247298996,0.055476108579747364,0.9431326779955228
475.23761880940475,0.0013886076540546438,0.05545241803247262,0.9431589743134728
476.2381190595298,0.001386012169821008,0.05542880408762292,0.9431851837425561
477.23861930965484,0.0013834269103996826,0.05540526633212816,0.9432113067574722
478.2391195597799,0.0013808518147987855,0.05538180435669225,0.943237343828509
479.239619809905,0.0013782868226638618,0.055358417755793116,0.9432632954215431
480.24012006003005,0.0013757318742778845,0.05533510612768273,0.9432891619980395
481.2406203101551,0.0013731869105612538,0.05531186907438706,0.9433149440150518
482.2411205602802,0.0013706518730717979,0.05528870620170614,0.9433406419252222
483.24162081040527,0.0013681267040047717,0.05526561711921399,0.9433662561767813
484.2421210605303,0.0013656113461928583,0.05524260144025868,0.9433917872135485
485.24262131065535,0.0013631057431061678,0.0552196587819623,0.9434172354749316
486.2431215607804,0.0013606098388522386,0.05519678876522096,0.9434426013959268
487.2436218109055,0.0013581235781760354,0.055173991014704805,0.9434678854071192
488.24412206103057,0.0013556469064599514,0.055151265158858,0.9434930879346821
489.24462231115564,0.001353179769723807,0.05512861082989873,0.9435182094003776
490.24512256128065,0.0013507221048121997,0.055106027623974665,0.9435432502712131
491.2456228114057,0.001348273843551979,0.055083515118044504,0.9435682110384035
492.2461230615308,0.0013458349305615549,0.05506107294219315,0.9435930921272453
493.24662331165587,0.0013434053110413608,0.0550387007300546,0.943617893958904
494.24712356178094,0.001340984930692524,0.05501639811848165,0.9436426169508259
495.247623811906,0.0013385737357168648,0.054994164747545884,0.9436672615167373
496.248124062031,0.001336171672816896,0.05497200026053773,0.9436918280666454
497.2486243121561,0.001333778689195824,0.05494990430396641,0.9437163170068378
498.24912456228117,0.0013313947325575481,0.05492787652755996,0.9437407287398825
499.24962481240624,0.0013290197511066605,0.05490591658426523,0.9437650636646281
500.2501250625313,0.001326653693548447,0.05488402413024789,0.9437893221762037
501.2506253126564,0.001324296509088886,0.05486219882489241,0.9438135046660188
502.25112556278145,0.0013219481474346492,0.054840440330802064,0.9438376115217633
503.25162581290647,0.0013196085587931015,0.05481874831379896,0.943861643127408
504.25212606303154,0.0013172776938723005,0.054797122442924,0.9438855998632038
505.2526263131566,0.0013149555038809969,0.0547755623904369,0.9439094821056822
506.2531265632817,0.001312641940528635,0.05475406783181619,0.9439332902276552
507.25362681340675,0.0013103369560253518,0.05473263844575922,0.9439570245982154
