Generation,xOC,xOB,xMM
0.0,0.3,0.2,0.5
1.0101010101010102,0.27631846284216754,0.18349648100070695,0.5401850561571253
2.0202020202020203,0.25394096443338415,0.16802882318528006,0.5780302123813355
3.0303030303030303,0.23307615407419205,0.15370967668208652,0.6132141692437212
4.040404040404041,0.2138309315833253,0.14058492013399793,0.6455841482826767
5.050505050505051,0.1962298531345351,0.12864813729238167,0.6751220095730833
6.0606060606060606,0.18023633513225665,0.11785535612716311,0.7019083087405802
7.070707070707071,0.1657729450764969,0.1081382686382481,0.726088786285255
8.080808080808081,0.15273681069772516,0.09941491812866504,0.7478482711736099
9.090909090909092,0.1410123779385346,0.09159757821216297,0.7673900438493025
10.101010101010102,0.13047989746483596,0.0845979471624437,0.7849221553727205
11.111111111111112,0.12102154521001375,0.0783310024257459,0.8006474523642405
12.121212121212121,0.11252558410803659,0.07271692941639261,0.8147574864755708
13.131313131313131,0.10488758640372543,0.0676823954044254,0.8274300181918491
14.141414141414142,0.09801219564883541,0.06316097350125185,0.8388268308499126
15.151515151515152,0.09181347844818523,0.059093113997046864,0.8490934075547679
16.161616161616163,0.08621443010235393,0.055425877788918144,0.8583596921087279
17.171717171717173,0.08114649197276969,0.05211251782794863,0.8667409901992816
18.181818181818183,0.07654916864531194,0.04911188586252097,0.8743389454921671
19.191919191919194,0.07236920177859452,0.04638789351890771,0.8812429047024977
20.202020202020204,0.0685597900303805,0.043908940998184515,0.8875312689714349
21.212121212121215,0.06507976016400645,0.041647405713180596,0.8932728341228129
22.222222222222225,0.06189305420688252,0.03957913457310987,0.8985278112200076
23.232323232323235,0.058968120677545394,0.03768298870088553,0.9033488906215691
24.242424242424242,0.056277334099923325,0.035940499415736814,0.9077821664843397
25.252525252525253,0.05379614528036162,0.034335458803491474,0.9118683959161469
26.262626262626263,0.051503242393386967,0.03285366317976308,0.9156430944268501
27.272727272727273,0.04937987002682672,0.031482617398413265,0.9191375125747601
28.282828282828284,0.04740922574683866,0.030211349964964662,0.9223794242881966
29.292929292929294,0.045576759034398444,0.029030161627469867,0.9253930793381316
30.303030303030305,0.04386938024116442,0.027930483338792392,0.9282001364200432
31.313131313131315,0.042275665643086165,0.0269047252275045,0.9308196091294094
32.323232323232325,0.040785361293292355,0.025946160437767124,0.9332684782689405
33.333333333333336,0.039389285581186706,0.025048798667698758,0.9355619157511146
34.343434343434346,0.038079295715757286,0.02420729698440805,0.9377134072998347
35.35353535353536,0.03684812895013769,0.023416888951116994,0.9397349820987453
36.36363636363637,0.03568927445396184,0.022673304358908956,0.9416374211871291
37.37373737373738,0.03459681250058364,0.02197272342627329,0.9434304640731431
38.38383838383839,0.033565554501041706,0.02131169388543618,0.9451227516135221
39.3939393939394,0.032590664347915105,0.020687115570733227,0.9467222200813518
40.40404040404041,0.03166785955114885,0.020096193425995886,0.9482359470228554
41.41414141414142,0.03079331161402729,0.019536391831998255,0.9496702965539745
42.42424242424243,0.02996342458835077,0.01900542336997951,0.9510311520416697
43.43434343434344,0.02917503467947711,0.018501203301847884,0.952323762018675
44.44444444444445,0.028425216775619433,0.018021836843769786,0.9535529463806107
45.45454545454546,0.027711259471689897,0.017565600528063132,0.9547231400002469
46.46464646464647,0.027030823678163462,0.017130919004203195,0.9558382573176334
47.47474747474748,0.026381667602680098,0.0167163545720541,0.9569019778252658
48.484848484848484,0.025761722020660904,0.016320586174288394,0.9579176918050506
49.494949494949495,0.02516916428403759,0.01594240864364382,0.9588884270723186
50.505050505050505,0.024602252767720115,0.015580707251285714,0.9598170399809941
51.515151515151516,0.024059405165123258,0.015234465299454393,0.9607061295354222
52.525252525252526,0.02353916830459277,0.014902742242711103,0.9615580894526959
53.535353535353536,0.02304020730184005,0.014584666953878537,0.9623751257442813
54.54545454545455,0.022561261381651477,0.014279437379174751,0.9631593012391737
55.55555555555556,0.0221011763994805,0.013986314323683063,0.9639125092768364
56.56565656565657,0.021658911034892484,0.013704608152937654,0.9646364808121698
57.57575757575758,0.02123348430563982,0.013433680164151536,0.9653328355302085
58.58585858585859,0.020823950528698457,0.013172940334199877,0.9660031091371016
59.5959595959596,0.020429465871034422,0.012921837594533109,0.9666486965344324
60.60606060606061,0.020049242379984625,0.012679862067326178,0.9672708955526892
61.61616161616162,0.019682532905151467,0.012446535622147734,0.9678709314727009
62.62626262626263,0.019328637652527427,0.012221410713837071,0.9684499516336355
63.63636363636364,0.018986912563938068,0.012004071066786765,0.9690090163692752
64.64646464646465,0.018656754019755056,0.011794127931276174,0.9695491180489688
65.65656565656566,0.018337600578751334,0.011591219499751467,0.9700711799214972
66.66666666666667,0.018028926239072974,0.011395006859766011,0.970576066901161
67.67676767676768,0.017730233555362906,0.011205168860129273,0.9710645975845079
68.68686868686869,0.01744105222989048,0.011021405602280434,0.9715375421678292
69.6969696969697,0.017160935874843148,0.010843436371422854,0.971995627753734
70.70707070707071,0.01688946359854872,0.01067099710573325,0.9724395392957181
71.71717171717172,0.01662625448408588,0.010503836532509083,0.9728699089834051
72.72727272727273,0.01637095649490773,0.010341719841783371,0.9732873236633088
73.73737373737374,0.01612323828713819,0.010184427935268263,0.9736923337775936
74.74747474747475,0.01588275856507407,0.010031751250947052,0.9740854901839788
75.75757575757576,0.01564919594532605,0.009883494074564039,0.9744673099801099
76.76767676767678,0.015422261410448267,0.009739469558404233,0.9748382690311475
77.77777777777779,0.01520168619316171,0.009599502039418086,0.9751988117674202
78.7878787878788,0.014987214168154621,0.009463424822451756,0.9755493610093936
79.7979797979798,0.014778605382465459,0.009331080549704194,0.9758903140678302
80.80808080808082,0.014575628196999816,0.00920231989587724,0.9762220519071229
81.81818181818183,0.01437805626517179,0.009077000749179118,0.976544942985649
82.82828282828284,0.014185676810524838,0.008954989222875786,0.9768593339665993
83.83838383838385,0.013998288201414898,0.008836158228950801,0.9771655535696342
84.84848484848486,0.013815699537739734,0.00872038720078451,0.9774639132614756
85.85858585858587,0.013637731216491762,0.008607558840201016,0.977754709943307
86.86868686868688,0.013464214244881333,0.00849756433654539,0.9780382214185731
87.87878787878789,0.013294990463991165,0.008390301666827981,0.9783147078691805
88.8888888888889,0.013129904641008877,0.008285671446101399,0.9785844239128894
89.89898989898991,0.012968804821524803,0.008183577105404809,0.9788476180730701
90.90909090909092,0.01281155174261457,0.008083929646277093,0.979104518611108
91.91919191919193,0.012658013962547282,0.007986645163983678,0.9793553408734688
92.92929292929294,0.012508059126531927,0.007891640087152617,0.9796003007863152
93.93939393939395,0.012361561416847848,0.007798835238262633,0.9798396033448894
94.94949494949496,0.012218403179940412,0.007708156720446736,0.9800734400996127
95.95959595959597,0.012078472881058304,0.007619534168173132,0.9803019929507686
96.96969696969697,0.011941664811508254,0.007532897572250998,0.9805254376162408
97.97979797979798,0.0118078794825185,0.007448181551510912,0.9807439389659707
98.98989898989899,0.011677023541441348,0.007365324443972419,0.9809576520145863
100.0,0.011549005062048026,0.007284266785811752,0.9811667281521402
