Generation,xOC,xOB,xMMd,xMMr,total xMM
0.0,0.26666666666666666,0.4,0.26666666666666666,0.06666666666666667,0.3333333333333333
0.5042016806722689,0.3902180467817125,0.32851584638533604,0.2250020428540884,0.05626406397886307,0.28126610683295145
1.0084033613445378,0.44938037434788836,0.290408639540618,0.20866767057588223,0.05154331553561152,0.26021098611149374
1.5126050420168067,0.48234223636630735,0.2660380241672493,0.2025170769739326,0.049102662492510746,0.25161973946644334
2.0168067226890756,0.5027462517755973,0.2483808503997209,0.20115042715179213,0.04772247067288973,0.24887289782468186
2.5210084033613445,0.5165164165709173,0.23440741765358275,0.20220309261127117,0.04687307316422886,0.24907616577550004
3.0252100840336134,0.5265256503827394,0.2226607219265273,0.20451420282088362,0.0462994248698497,0.25081362769073334
3.5294117647058822,0.5342644045789198,0.21238813901182654,0.20747574035531327,0.045871716053940303,0.2533474564092536
4.033613445378151,0.5405420136807996,0.20317829429269726,0.21075762008522828,0.04552207194127492,0.2562796920265032
4.53781512605042,0.5458142993180419,0.19479363331399735,0.21417734677004036,0.04521472059792042,0.2593920673679608
5.042016806722689,0.5503473274636235,0.18708832432399014,0.2176333900273437,0.04493095818504258,0.2625643482123863
5.546218487394958,0.5543028639248537,0.1799664027718145,0.22106947740724167,0.04466125589609016,0.26573073330333186
6.050420168067227,0.5577842150430317,0.1733598771379338,0.22445489165564644,0.044401016163388055,0.2688559078190345
6.554621848739496,0.5608612655412976,0.16721706283493612,0.2277734090853248,0.04414826253844146,0.2719216716237663
7.0588235294117645,0.5635843386390111,0.16149626341156476,0.23101702203988558,0.04390237590953864,0.2749193979494242
7.563025210084033,0.565991953039748,0.1561622875440018,0.23418235493147468,0.04366340448477549,0.27784575941625017
8.067226890756302,0.5681152126629245,0.15118448510940372,0.23726861177524716,0.0434316904524245,0.28070030222767167
8.571428571428571,0.5699803232846989,0.14653560442802507,0.24027640041086962,0.04320767187640642,0.28348407228727607
9.07563025210084,0.5716100640983015,0.1421910965387516,0.24320705835795137,0.04299178100499559,0.28619883936294693
9.579831932773109,0.5730246626570283,0.1381286687393992,0.2460622723558055,0.04278439624776682,0.2888466686035723
10.084033613445378,0.5742423407671887,0.13432797551007464,0.24884386143866005,0.042585822284076674,0.2914296837227367
10.588235294117647,0.5752796632240144,0.1307703910732299,0.25155365988535183,0.0423962858174037,0.2939499457027555
11.092436974789916,0.5761517787859631,0.12743882953115257,0.2541934530081875,0.04221593867469684,0.2964093916828843
11.596638655462185,0.5768725925330179,0.12431759611722139,0.2567649467037654,0.042044864645995335,0.2988098113497607
12.100840336134453,0.5774548973818098,0.12139225957051837,0.2592697553123293,0.041883087735342335,0.30115284304767165
12.605042016806722,0.5779104820399074,0.11864953902979901,0.26170939860157333,0.04173058032872029,0.3034399789302936
13.109243697478991,0.5782502204197727,0.11607720344066802,0.2640853050132064,0.041587271126353055,0.30567257613955945
13.61344537815126,0.5784841499518092,0.11366398067556137,0.26639881702857193,0.04145305234405762,0.30785186937262954
14.117647058823529,0.5786215461952808,0.11139947087079838,0.2686511983736857,0.04132778456023508,0.30997898293392073
14.621848739495798,0.5786709677779789,0.10927408054505315,0.27084364607487166,0.04121130560209632,0.312054951676968
15.126050420168067,0.5786403241068829,0.1072789482694834,0.2729772944064612,0.04110343321717248,0.3140807276236337
15.630252100840336,0.5785369387269375,0.10540587760232474,0.2750532160803918,0.041003967590346066,0.3160571836707378
16.134453781512605,0.5783675809272792,0.10364728748457958,0.27707243433557555,0.04091269725256577,0.3179851315881413
16.63865546218487,0.578138497414501,0.10199616030576962,0.2790359398007647,0.040829402478964806,0.3198653422797295
17.142857142857142,0.577855472546183,0.10044599081043716,0.28094468055059685,0.04075385609278307,0.32169853664337994
17.647058823529413,0.5775238613411671,0.09899074362208393,0.28279956917404675,0.04068582586270222,0.323485395036749
18.15126050420168,0.5771486107681937,0.09762481621848193,0.2846014957265434,0.04062507728678108,0.32522657301332447
18.655462184873947,0.5767342906328731,0.09634300317391283,0.2863513310080797,0.040571375185134526,0.32692270619321423
19.159663865546218,0.576285135872751,0.09514046029882228,0.2880499203325929,0.04052448349583395,0.3285744038284269
19.66386554621849,0.5758050586131338,0.09401267777016581,0.28969809598968593,0.040484167627014594,0.3301822636167005
20.168067226890756,0.5752976760152025,0.09295545207016068,0.2912966769909516,0.040450194923685207,0.3317468719146368
20.672268907563023,0.5747663311077372,0.09196486124218235,0.29284647229083866,0.04042233535924179,0.3332688076500805
21.176470588235293,0.57421411305202,0.09103724235513662,0.29434828241898,0.04040036217386339,0.33474864459284337
21.680672268907564,0.5736438750959357,0.09016917087894752,0.2958029016937322,0.040384052331384576,0.3361869540251168
22.18487394957983,0.5730582517056726,0.08935744187939634,0.2972111194677254,0.040373186947205784,0.33758430641493115
22.6890756302521,0.5724596726648953,0.0885990527005975,0.29857372327847104,0.04036755135603624,0.3389412746345073
23.19327731092437,0.5718503804354962,0.08789118705459666,0.299891497100808,0.0403669354090992,0.34025843250990717
23.69747899159664,0.5712324437082544,0.08723120115503051,0.30116522108608085,0.040371134050634284,0.34153635513671515
24.201680672268907,0.5706077647623982,0.08661661008671391,0.30239567839694004,0.04037994675394791,0.342775625150888
24.705882352941174,0.5699780921468716,0.08604507644165436,0.3035836531776202,0.04039317823385385,0.34397683141147406
25.210084033613445,0.5693450327547395,0.08551439887098834,0.30472993017365063,0.04041063820062158,0.3451405683742722
25.714285714285715,0.5687100678055078,0.08502250086338306,0.30583529052452996,0.040432140806579184,0.3462674313311091
26.218487394957982,0.5680745544810859,0.08456742277690123,0.30690051752603115,0.04045750521598164,0.3473580227420128
26.72268907563025,0.5674397321646794,0.08414731387766955,0.3079263980070181,0.040486555950633024,0.34841295395765115
27.22689075630252,0.5668067338735563,0.08376042369846937,0.3089137201489552,0.04051912227901917,0.3494328424279744
27.73109243697479,0.5661765973658478,0.08340509446574412,0.3098632701915008,0.04055503797690733,0.3504183081684081
28.235294117647058,0.565550266136248,0.0830797554667635,0.3107758366721051,0.040594141724883286,0.3513699783969884
28.739495798319325,0.5649285986896713,0.0827829165554546,0.31165220799851445,0.04063627675635963,0.35228848475487406
29.243697478991596,0.5643123734845642,0.08251316279428221,0.3124931728537552,0.040681290867398336,0.3531744637211536
29.747899159663866,0.5637022948706425,0.08226914931783015,0.31329951953503793,0.04072903627648954,0.3540285558115275
30.252100840336134,0.5630989980535414,0.082049596703421,0.31407203569308056,0.04077936954995713,0.35485140524303765
30.7563025210084,0.5625030539937627,0.08185328667835187,0.3148115078371476,0.040832151490737705,0.3556436593278854
31.26050420168067,0.5619149739606555,0.08167905817158232,0.31551872082985905,0.040887247037903134,0.35640596786776213
31.764705882352942,0.5613352136221784,0.08152580371364011,0.3161944574901356,0.040944525174045975,0.35713898266418154
32.26890756302521,0.5607641770910121,0.08139246607743889,0.3168394980099362,0.041003858821612754,0.357843356831549
32.773109243697476,0.5602022204168418,0.08127803526505396,0.3174546195709893,0.041065124747115045,0.35851974431810435
33.27731092436974,0.5596496553531347,0.08118154560906948,0.3180405955877169,0.041128203450078844,0.35916879903779575
33.78151260504202,0.5591067523105938,0.08110207322861536,0.3185981953774855,0.04119297908330526,0.35979117446079073
34.285714285714285,0.55857374338613,0.08103873362907889,0.3191281836250192,0.041259339359771996,0.3603875229847912
34.78991596638655,0.5580508252657012,0.08099067947347047,0.31963131980455706,0.04132717545627132,0.3609584952608284
35.294117647058826,0.5575381616889975,0.08095709862320853,0.3201083577595075,0.04139638192828651,0.361504739687794
35.79831932773109,0.557035886287867,0.08093721214986743,0.3205600449560573,0.04146685660620816,0.3620269015622654
36.30252100840336,0.5565441045372194,0.08093027268942783,0.32098712223811854,0.041538500535234335,0.3625256227733528
36.80672268907563,0.5560628958763421,0.08093556285016285,0.3213903233749206,0.041611217898574526,0.3630015412734951
37.310924369747895,0.5555923160121313,0.08095239366233298,0.3217703744089937,0.04168491591654178,0.36345529032553553
37.81512605042017,0.555132398340902,0.0809801033970307,0.32212799345873033,0.04175950480333702,0.36388749826206734
38.319327731092436,0.5546831563616271,0.08101805607603696,0.3224638899150569,0.04183489764727889,0.3642987875623358
38.8235294117647,0.5542445849762901,0.08106564042502717,0.32277876423387275,0.04191101036480991,0.3646897745986827
39.32773109243698,0.5538166618364295,0.08112226882605927,0.3230733076879899,0.0419877616495213,0.3650610693375112
39.831932773109244,0.5533993487776985,0.08118737632978108,0.32334820198508013,0.04206507290744011,0.3654132748925203
40.33613445378151,0.552992593517504,0.0812604196124827,0.3236041187084028,0.042142868161610524,0.3657469868700133
40.84033613445378,0.5525963305435702,0.08134087625629507,0.32384171917664056,0.0422210740234941,0.36606279320013463
41.344537815126046,0.5522104825944099,0.0814282438320466,0.32406165397034287,0.04229961960320074,0.36636127357354364
41.84873949579832,0.5518349615371828,0.08152203930206608,0.3242645626816916,0.042378436479059436,0.36664299916075105
42.35294117647059,0.5514696695927862,0.08162179810445178,0.32445107368919013,0.04245745861357196,0.3669085323027621
42.857142857142854,0.5511144998322071,0.08172707364900107,0.32462180417888686,0.04253662233990502,0.3671584265187919
43.36134453781513,0.5507693371171429,0.0818374368049453,0.3247773597639315,0.042615866313980254,0.3673932260779118
43.865546218487395,0.5504340593043991,0.08195247513343244,0.32491833414040766,0.042695131421760825,0.36761346556216845
44.36974789915966,0.5501085379358553,0.08207179226724831,0.32504530907123474,0.04277436072566147,0.36781966979689623
44.87394957983193,0.5497926383000078,0.08219500807651073,0.32515885409770545,0.04285349952577611,0.36801235362348156
45.3781512605042,0.549486221288549,0.08232175715923697,0.3252595264166988,0.04293249513551528,0.36819202155221414
45.88235294117647,0.549189143141209,0.08245168901428722,0.3253478708930718,0.04301129695143206,0.3683591678445039
46.38655462184874,0.5489012559641848,0.0825844677538547,0.32542441984616494,0.04308985643579553,0.36851427628196043
46.890756302521005,0.5486224084410429,0.08271977104635286,0.32548969352678647,0.04316812698581774,0.36865782051260415
47.39495798319328,0.5483524458527144,0.08285729064942116,0.32554419946609325,0.04324606403177138,0.36879026349786465
47.89915966386555,0.5480912114824783,0.08299673103479006,0.32558843266929693,0.04332362481343449,0.3689120574827314
48.403361344537814,0.5478385465057374,0.08313780957641013,0.3256228754787783,0.04340076843907408,0.36902364391785236
48.90756302521008,0.5475942903874728,0.08328025640800256,0.3256479973285829,0.043477455875941554,0.3691254532045245
49.41176470588235,0.5473582813240572,0.08342381346241867,0.32566425538984384,0.04355364982368034,0.36921790521352416
49.91596638655462,0.5471303563565296,0.08356823478111636,0.325672094085012,0.04362931477734191,0.36930140886235396
50.42016806722689,0.5469103517930286,0.08371328552077073,0.3256719457983042,0.0437044168878965,0.3693763626862007
50.924369747899156,0.5466981032286163,0.08385874254299214,0.3256642301608073,0.043778924067584116,0.36944315422839147
51.42857142857143,0.5464934463189776,0.08400439301117929,0.32564935490413066,0.043852805765712384,0.36950216066984304
51.9327731092437,0.5462962166052042,0.08415003531499705,0.3256277149483005,0.043926033131498066,0.36955374807979857
52.436974789915965,0.5461062502142952,0.08429547737153334,0.3255996936673329,0.04399857874683864,0.36959827241417154
52.94117647058823,0.5459233835742459,0.08444053797160446,0.3255656615984457,0.04407041685570405,0.3696360784541497
53.4453781512605,0.5457474537054403,0.084585044986813,0.32552597820283685,0.04414152310490975,0.3696675013077466
53.94957983193277,0.5455782984125346,0.08472883606127711,0.32548099087760823,0.04421187464857995,0.3696928655261882
54.45378151260504,0.5454157562309213,0.08487175820461497,0.32543103545844465,0.04428145010601894,0.3697124855644636
54.95798319327731,0.5452596667918282,0.08501366691666727,0.3253764368649688,0.04435022942653572,0.3697266662915045
55.46218487394958,0.5451098710807162,0.08515442622673773,0.3253175088032831,0.044418193889263026,0.3697357026925461
55.96638655462185,0.5449662114806233,0.08529390929871276,0.3252545530243309,0.044485326196333184,0.3697398792206641
56.470588235294116,0.5448285321080654,0.08543199698031233,0.32518786065647404,0.04455161025514834,0.3697394709116224
56.97478991596638,0.5446966786340434,0.08556857815837417,0.3251177119543778,0.04461703125320483,0.36973474320758265
57.47899159663865,0.5445704986359918,0.08570354924360987,0.3250443765533368,0.04468157556706157,0.3697259521203983
57.983193277310924,0.544449840831765,0.0858368142009344,0.3249681141402813,0.04474523082701927,0.36971334496730063
58.48739495798319,0.544334555152491,0.08596828425214184,0.3248891747184628,0.04480798587690438,0.36969716059536717
58.99159663865546,0.5442244933050737,0.08609787751382357,0.32480779849069713,0.04486983069040561,0.36967762918110275
59.49579831932773,0.5441195091701725,0.0862255188959936,0.32472421559766906,0.044930756336164855,0.36965497193383395
60.0,0.5440194591111287,0.08635113948733816,0.3246386465299084,0.04499075487162471,0.36962940140153316
60.0,0.5440194591111287,0.08635113948733816,0.3246386465299084,0.04499075487162471,0.36962940140153316
61.111111111111114,0.5246855599111451,0.10188852559365691,0.3207055043230342,0.052720410172163966,0.3734259144951981
62.22222222222222,0.5161513255755946,0.11617691071624274,0.30782132290807807,0.05985044080008452,0.36767176370816257
63.333333333333336,0.5111186001396942,0.13012078457684598,0.29178696443679747,0.06697365084666228,0.35876061528345976
64.44444444444444,0.5067332002868502,0.1440146316777673,0.2749061954219237,0.0743459726134589,0.3492521680353826
65.55555555555556,0.5020155420049697,0.15783448556941507,0.25809935880525053,0.08205061362036467,0.34014997242561523
66.66666666666667,0.4967104187680219,0.17141546029848795,0.24178226491838622,0.09009185601510401,0.3318741209334902
67.77777777777777,0.490838857954759,0.18454155361669772,0.22618117371962407,0.09843841470891929,0.3246195884285433
68.88888888888889,0.48452774862464354,0.19699150582281205,0.211438067424589,0.10704267812795548,0.31848074555254446
70.0,0.47794176670168714,0.20856394411535828,0.19764468543074948,0.11584960375220514,0.31349428918295463
70.0,0.47794176670168714,0.20856394411535828,0.19764468543074948,0.11584960375220514,0.31349428918295463
71.11111111111111,0.5037016143437334,0.18716518490476966,0.20197160894166066,0.1071615918098362,0.30913320075149686
72.22222222222223,0.5189692708231037,0.17122451475585845,0.20905554782835017,0.10075066659268755,0.30980621442103773
73.33333333333333,0.5300622496467431,0.15815985566615248,0.21647341115434016,0.09530448353276424,0.31177789468710443
74.44444444444444,0.5387934305151467,0.14711026489335718,0.22361845554061235,0.09047784905088373,0.31409630459149607
75.55555555555556,0.5458334528118045,0.13765775096413946,0.23035627528071811,0.08615252094333793,0.3165087962240561
76.66666666666667,0.5515277310221278,0.12952786631979402,0.23667815518599458,0.08226624747208364,0.3189444026580782
77.77777777777777,0.5561097908020559,0.12251126671152902,0.24260680173302937,0.07877214075338566,0.321378942486415
78.88888888888889,0.5597612032127309,0.11643905554377217,0.24817045568549292,0.07562928555800402,0.323799741243497
80.0,0.5626309763962578,0.1111722431853748,0.2533960360520589,0.07280074436630839,0.3261967804183673
80.0,0.5626309763962578,0.1111722431853748,0.2533960360520589,0.07280074436630839,0.3261967804183673
81.11111111111111,0.5434604135042728,0.1266016141081673,0.2469660882090259,0.08297188417853396,0.3299379723875599
82.22222222222223,0.5323526220656701,0.14012196134598717,0.23541402331071587,0.09211139327762685,0.3275254165883427
83.33333333333333,0.523843822430162,0.15272784602619052,0.2224274113488675,0.10100092019477988,0.32342833154364736
84.44444444444444,0.5159544839616927,0.1647223505933113,0.20938661378095144,0.10993655166404445,0.3193231654449959
85.55555555555556,0.5080863285528873,0.17610621406488552,0.1968122827541539,0.11899517462807338,0.3158074573822273
86.66666666666667,0.5001439068805325,0.18677355227156175,0.1849174544129726,0.12816508643493307,0.3130825408479057
87.77777777777777,0.4922031467962071,0.19659777771012288,0.17379753894297234,0.13740153655069764,0.31119907549367
88.88888888888889,0.48438867846532396,0.2054678188199325,0.16349397944672917,0.14664952326801445,0.3101435027147436
90.0,0.47682749842570415,0.21330256029852812,0.1540166889814112,0.15585325229435654,0.3098699412757678
90.0,0.47682749842570415,0.21330256029852812,0.1540166889814112,0.15585325229435654,0.3098699412757678
91.11111111111111,0.5065319179172324,0.1872154893531459,0.16538497488165596,0.14086761784796578,0.30625259272962174
92.22222222222223,0.5271926057909925,0.16704799935575868,0.17698700944706283,0.1287723854061859,0.30575939485324877
93.33333333333333,0.5427736441114581,0.1507764084691238,0.187941785121484,0.11850816229793408,0.30644994741941806
94.44444444444444,0.5547758608322028,0.13743886308838507,0.19810179185538163,0.10968348422403072,0.30778527607941236
95.55555555555556,0.5640239052885706,0.1264139050183419,0.20749891130689102,0.10206327838619661,0.30956218969308763
96.66666666666667,0.5710890728291925,0.11724411226929625,0.2162023510934526,0.09546446380805872,0.31166681490151127
97.77777777777777,0.5764068549970855,0.10957755096172996,0.22428186653381035,0.08973372750737416,0.3140155940411845
98.88888888888889,0.5803203746453889,0.10313903604710778,0.23179915828538603,0.0847414310221173,0.31654058930750334
100.0,0.5831032255363974,0.0977115575720395,0.2388068937256306,0.08037832316593237,0.319185216891563
100.0,0.5831032255363974,0.0977115575720395,0.2388068937256306,0.08037832316593237,0.319185216891563
101.11111111111111,0.5645896827266097,0.11129002719982803,0.23311715026143878,0.09100313981212359,0.32412029007356236
102.22222222222223,0.5530901263765078,0.12343996988257791,0.22291500081103505,0.10055490292987923,0.3234699037409143
103.33333333333333,0.5438384371494456,0.13495193923765486,0.21138939868311327,0.10982022492978613,0.3212096236128994
104.44444444444444,0.535105164018783,0.14605700265972735,0.19974551405285662,0.11909231926863309,0.3188378333214897
105.55555555555556,0.5263704509264977,0.1567388065408641,0.1884470164759157,0.12844372605672247,0.31689074253263816
106.66666666666667,0.5175599270147793,0.1668907818732097,0.1776908847355223,0.13785840637648866,0.31554929111201097
107.77777777777777,0.5087536239226826,0.17638656299443828,0.16757181489488332,0.1472879981879958,0.3148598130828791
108.88888888888889,0.5000766208167813,0.18511093158257833,0.1581373949216158,0.15667505267902468,0.31481244760064053
110.0,0.4916567686461412,0.19297321060546277,0.1494072887973213,0.16596273195107475,0.315370020748396
110.0,0.4916567686461412,0.19297321060546277,0.1494072887973213,0.16596273195107475,0.315370020748396
111.11111111111111,0.5202998223422495,0.16918074464679342,0.16180081457664366,0.14871861843431342,0.310519433010957
112.22222222222223,0.5404829294098473,0.1507411342964017,0.17400343837402477,0.13477249791972618,0.30877593629375094
113.33333333333333,0.5555560543726208,0.1359519734973899,0.18541350886562208,0.1230784632643673,0.3084919721299894
114.44444444444444,0.5669506490118058,0.12392230480780687,0.19596312036478333,0.1131639258156041,0.3091270461803874
115.55555555555556,0.575522550318045,0.11405436805881267,0.20571034929161602,0.10471273233152639,0.3104230816231424
116.66666666666667,0.5818811555106748,0.10590689832688521,0.21473477625877024,0.09747716990366988,0.31221194616244013
117.77777777777777,0.5864902587974115,0.09914322854679684,0.22311118006764208,0.09125533258814955,0.31436651265579163
118.88888888888889,0.5897113248642439,0.09350288993214932,0.23090413829689607,0.08588164690671074,0.3167857852036068
120.0,0.5918289382708106,0.08878255017414637,0.2381681642228835,0.08122034733215958,0.31938851155504305
120.0,0.5918289382708106,0.08878255017414637,0.2381681642228835,0.08122034733215958,0.31938851155504305
121.11111111111111,0.5735464072029478,0.10158343235538533,0.2329568303906438,0.09191333005102316,0.32487016044166694
122.22222222222223,0.5620847967345574,0.11320214709862199,0.22318308553899185,0.10152997062782895,0.3247130561668208
123.33333333333333,0.5527902973852661,0.12434397745113011,0.21200775886282835,0.11085796630077525,0.3228657251636036
124.44444444444444,0.5439584495349739,0.13521226842082193,0.20063679192436035,0.12019249011984398,0.32082928204420436
125.55555555555556,0.5350705907900146,0.1457826043109447,0.18954012206788606,0.1296066828311546,0.3191468048990406
126.66666666666667,0.5260503081647928,0.15594382648580615,0.17892206653609236,0.13908379881330873,0.31800586534940106
127.77777777777777,0.516977928612908,0.16556280508707613,0.16888528945379588,0.14857397684622003,0.3174592663000159
128.88888888888889,0.5079821218501481,0.17451408561552814,0.15948584674291033,0.1580179457914135,0.3175037925343238
130.0,0.49919720140255275,0.18269369139767602,0.15075204245434312,0.16735706474542808,0.3181091071997712
130.0,0.49919720140255275,0.18269369139767602,0.15075204245434312,0.16735706474542808,0.3181091071997712
131.11111111111111,0.5268310738289526,0.1604640981873894,0.163070991015859,0.14963383696779903,0.312704827983658
132.22222222222223,0.5461766439713979,0.1432586542931345,0.17519895725117612,0.13536574448429148,0.3105647017354676
133.33333333333334,0.5605275983788074,0.12947311653161903,0.1865435944822445,0.12345569060732894,0.3099992850895735
134.44444444444446,0.5712981532926795,0.11826822365022502,0.1970381880156188,0.11339543504147669,0.3104336230570955
135.55555555555554,0.579332036955057,0.10908285639618771,0.20673984885363234,0.10484525779512298,0.31158510664875533
136.66666666666666,0.58522718887505,0.10150413809068524,0.2157266494736678,0.09754202356059707,0.31326867303426487
137.77777777777777,0.5894366941163128,0.09521777734703711,0.2240718309903812,0.09127369754626886,0.31534552853665004
138.88888888888889,0.5923124493726937,0.08998097065292893,0.2318385818543091,0.08586799812006835,0.31770657997437746
140.0,0.5941307606816625,0.08560433781366747,0.23908022902075987,0.0811846724839103,0.3202649015046702
140.0,0.5941307606816625,0.08560433781366747,0.23908022902075987,0.0811846724839103,0.3202649015046702
141.11111111111111,0.5759006492534423,0.09817564380107965,0.23403478457518842,0.09188892237028967,0.3259237069454781
142.22222222222223,0.564494357559588,0.10964356137953903,0.22435111583969838,0.10151096522117452,0.3258620810608729
143.33333333333334,0.5552488036136256,0.12068901193625499,0.2132198191382932,0.11084236531182616,0.32406218445011936
144.44444444444446,0.5464489163041775,0.1315079567462418,0.20186217728148634,0.1201809496680944,0.3220431269495807
145.55555555555554,0.5375694183892678,0.14207374068492126,0.19075577721978682,0.12960106370602395,0.3203568409258108
146.66666666666666,0.5285308464513829,0.15227338564834483,0.1801095454608204,0.13908622243945196,0.3191957679002723
147.77777777777777,0.5194130992318104,0.16197083445077667,0.17002976852098955,0.1485862977964232,0.31861606631741274
148.88888888888889,0.5103463248494423,0.17103635175604762,0.16057583264760195,0.15804149074690804,0.31861732339451004
150.0,0.5014676797109325,0.179360576405455,0.1517792077508322,0.16739253613278024,0.31917174388361247
150.0,0.5014676797109325,0.179360576405455,0.1517792077508322,0.16739253613278024,0.31917174388361247
151.11111111111111,0.5287224792736684,0.15770102814610512,0.16397680225625424,0.14959969032397227,0.3135764925802265
152.22222222222223,0.5477184390387995,0.14095187139788729,0.17602029237929587,0.1353093971840174,0.3113296895633133
153.33333333333334,0.5617760058271148,0.12753133008640646,0.1872969612021789,0.12339570288429998,0.3106926640864789
154.44444444444446,0.5723072181365073,0.11661959832219437,0.19773364732510026,0.11333953621619797,0.3110731835412982
155.55555555555554,0.5801474710930141,0.10767129031417576,0.20738477320989027,0.10479646538291973,0.31218123859281
156.66666666666666,0.5858861508388516,0.10028582032345644,0.21632687720566982,0.09750115163202211,0.3138280288376919
157.77777777777777,0.5899689985588751,0.0941583587287921,0.22463211974555464,0.0912405229667783,0.3158726427123329
158.88888888888889,0.5927419477681484,0.08905335542083721,0.23236285665382184,0.08584184015719253,0.3182046968110144
160.0,0.5944765587561511,0.08478699807535542,0.23957175583092438,0.08116468733756904,0.3207364431684934
160.0,0.5944765587561511,0.08478699807535542,0.23957175583092438,0.08116468733756904,0.3207364431684934
161.11111111111111,0.57625193489158,0.09731261421217811,0.2345625042402049,0.09187294665603696,0.3264354508962418
162.22222222222223,0.5648682723840767,0.10875351840438811,0.22488337620351107,0.10149483300802413,0.32637820921153515
163.33333333333334,0.5556486960602752,0.11978536665171909,0.21374158862208245,0.11082434866592328,0.32456593728800576
164.44444444444446,0.5468711240180656,0.1306025475696948,0.20236566741834588,0.12016066099389375,0.3225263284122396
165.55555555555554,0.5380071833174276,0.14117779754983467,0.19123630531056338,0.1295787138221745,0.32081501913273786
166.66666666666666,0.5289762693153444,0.15139749790957813,0.18056399668655732,0.13906223608852022,0.3196262327750775
167.77777777777777,0.519858168979989,0.1611246335455145,0.17045606943247324,0.1485611280420231,0.3190171974744963
168.88888888888889,0.5107835224737703,0.1702281803113975,0.1609727632835845,0.1580155339312477,0.31898829721483224
170.0,0.5018903551621966,0.17859724416174397,0.1521463020215692,0.16736609865449026,0.31951240067605946
170.0,0.5018903551621966,0.17859724416174397,0.1521463020215692,0.16736609865449026,0.31951240067605946
171.11111111111111,0.5290536289638679,0.15708483578811056,0.16429346982099474,0.1495680654270268,0.3138615352480216
172.22222222222223,0.5479573032945564,0.14045451681484014,0.176303713265528,0.13528446662507565,0.31158817989060367
173.33333333333334,0.5619389950401136,0.12712766954022814,0.18755401640793298,0.12337931901172522,0.3109333354196582
174.44444444444446,0.5724112221564946,0.1162896827812055,0.19796812112512288,0.11333097393717692,0.3112990950622998
175.55555555555554,0.5802065516182924,0.10739974600263914,0.20759928881891296,0.10479441356015548,0.31239370237906844
176.66666666666666,0.5859113671110402,0.1000608597590221,0.2165234787069734,0.09750429442296421,0.3140277731299376
177.77777777777777,0.589968895993356,0.09397091314263967,0.22481248378933,0.09124770707467418,0.3160601908640042
178.88888888888889,0.5927230983175075,0.08889640001883882,0.23252839392012203,0.08585210774353173,0.3183805016636538
180.0,0.5944440159516579,0.08465504651765328,0.23972367368654007,0.08117726384414886,0.32090093753068893
180.0,0.5944440159516579,0.08465504651765328,0.23972367368654007,0.08117726384414886,0.32090093753068893
181.11111111111111,0.5762176481288629,0.09717798734234996,0.23471665072010553,0.09188771380868158,0.3266043645287871
182.22222222222223,0.5648398168608659,0.10861877552472553,0.22503151699151952,0.10150989062288905,0.3265414076144086
183.33333333333334,0.5556280208418631,0.11965246020434887,0.213880717226236,0.11083880172755202,0.32471951895378803
184.44444444444446,0.5468578478811618,0.13047322656910065,0.20249484130152184,0.12017408424821574,0.3226689255497376
185.55555555555554,0.5380000814330839,0.14105366630474947,0.1913553717417129,0.12959088052045367,0.3209462522621666
186.66666666666666,0.5289738792385393,0.1512799804079761,0.18067313606083074,0.13907300429265385,0.3197461403534846
187.77777777777777,0.5198590438234652,0.161014924784388,0.17055563417659508,0.14857039721555163,0.3191260313921467
188.88888888888889,0.5107863451654915,0.17012721012645735,0.16106321458915562,0.15802323011889563,0.31908644470805125
190.0,0.5018939924633671,0.17850566041634264,0.1522281765043563,0.16737217061593415,0.31960034712029045
190.0,0.5018939924633671,0.17850566041634264,0.1522281765043563,0.16737217061593415,0.31960034712029045
191.11111111111111,0.5290469380973613,0.15701672159791966,0.16436243574657614,0.14957390455814307,0.3139363403047192
192.22222222222223,0.5479375193287728,0.14040554874931713,0.1763645166704112,0.13529241525149896,0.3116569319219102
193.33333333333334,0.5619089756825707,0.12709334439892545,0.18760841137233605,0.12338926854616782,0.3109976799185039
194.44444444444446,0.572374217127375,0.11626640537307298,0.198016991352434,0.11334238614711795,0.31135937749955195
195.55555555555554,0.5801652034640248,0.10738481126508495,0.20764321496603289,0.1048067703048575,0.31244998527089035
196.66666666666666,0.5858676512206681,0.10005225887116845,0.21656290651475407,0.09751718339340937,0.31408008990816344
197.77777777777777,0.5899242446068576,0.09396715228296074,0.22484778240322723,0.09126082070695461,0.3161086031101818
198.88888888888889,0.5926785337691741,0.08889636099879256,0.2325598813088061,0.08586522392322718,0.31842510523203327
200.0,0.5944002584065897,0.08465788508677743,0.23975163062343416,0.08119022588319863,0.3209418565066328
200.0,0.5944002584065897,0.08465788508677743,0.23975163062343416,0.08119022588319863,0.3209418565066328
201.11111111111111,0.5761727032603247,0.09718313095591148,0.2347424483634136,0.0919017174203503,0.32664416578376393
202.22222222222223,0.5647956786269087,0.10862595836461561,0.22505408167757132,0.10152428133090444,0.32657836300847576
203.33333333333334,0.5555852659750153,0.11966152685723948,0.21389996780436377,0.11085323936338133,0.3247532071677451
204.44444444444446,0.5468165828171062,0.130484038093447,0.20251102663077833,0.12018835245866843,0.32269937908944674
205.55555555555554,0.5379602944461429,0.14106605874845862,0.19136883640344027,0.1296048104019582,0.32097364680539847
206.66666666666666,0.528935552736478,0.15129375552491794,0.1806842415937835,0.13908645014482057,0.31977069173860406
207.77777777777777,0.5198221826762748,0.16102985563770264,0.17056473013080575,0.14858323155521672,0.31914796168602244
208.88888888888889,0.5107509771650075,0.17014305256478507,0.1610706256600065,0.15803534461020088,0.31910597027020743
210.0,0.5018601602468581,0.1785221659040318,0.15223419588586823,0.1673834779632418,0.31961767384911005
210.0,0.5018601602468581,0.1785221659040318,0.15223419588586823,0.1673834779632418,0.31961767384911005
211.11111111111111,0.5290161061730074,0.15703257286496183,0.16436687205864503,0.1495844489033857,0.31395132096203077
212.22222222222223,0.5479085160968811,0.1404209079664376,0.17636806334523386,0.13530251259144752,0.3116705759366814
213.33333333333334,0.5618817255037476,0.1271081067232231,0.18761127877745903,0.12339888899557021,0.31101016777302926
214.44444444444446,0.5723487774760551,0.11628048712315653,0.1980192583056954,0.11335147709509308,0.31137073540078847
215.55555555555554,0.5801415922104987,0.10739817921492792,0.2076449216936971,0.10481530688087627,0.3124602285745734
216.66666666666666,0.5858458349814598,0.1000649168122288,0.21656408145238784,0.09752516675392359,0.31408924820631146
217.77777777777777,0.5899041542973713,0.09397912588880422,0.2248484506556582,0.09126826915816637,0.31611671981382455
218.88888888888889,0.5926600798213336,0.08890768714190707,0.23256006755358466,0.08587216548317464,0.3184322330367593
220.0,0.5943833415091546,0.08466860515502889,0.23975136012249582,0.08119669321332079,0.3209480533358166
220.0,0.5943833415091546,0.08466860515502889,0.23975136012249582,0.08119669321332079,0.3209480533358166
221.11111111111111,0.5761554263858607,0.09719500697623322,0.23474098255550813,0.09190858408239783,0.32664956663790595
222.22222222222223,0.5647782936947036,0.10863869594663653,0.22505163909085651,0.10153137126780343,0.32658301035865994
223.33333333333334,0.5555678591336244,0.119674915792491,0.2138967734791022,0.11086045159478232,0.3247572250738845
224.44444444444446,0.5467992260921494,0.130497886028996,0.20250727902091206,0.12019560885794252,0.3227028878788546
225.55555555555554,0.5379430795291422,0.14108017157427527,0.19136470923869425,0.12961203965788817,0.32097674889658245
226.66666666666666,0.528918590406154,0.15130793752988872,0.18067988706454996,0.1390935849994073,0.31977347206395723
227.77777777777777,0.5198055940256465,0.16104391643836422,0.1705602795681528,0.14859020996783662,0.3191504895359894
228.88888888888889,0.5107348839543483,0.1701568152825224,0.16106618918490345,0.15804211157822579,0.31910830076312924
230.0,0.5018446764738733,0.17853547424339497,0.15222986232885685,0.16738998695387491,0.31961984928273174
230.0,0.5018446764738733,0.17853547424339497,0.15222986232885685,0.16738998695387491,0.31961984928273174
231.11111111111111,0.5290028488144668,0.15704391789429883,0.16436293443349886,0.14959029885773556,0.3139532332912344
232.22222222222223,0.54789719927822,0.14043065168412788,0.17636442560623758,0.1353077234314146,0.31167214903765217
233.33333333333334,0.5618720735630686,0.12711653178787302,0.18760788435936016,0.12340351028969829,0.31101139464905847
234.44444444444446,0.5723405400289671,0.11628782249642208,0.1980160663058733,0.1133555711687375,0.3113716374746108
235.55555555555554,0.580134552355778,0.10740461023145402,0.20764189998684426,0.1048189374259237,0.312460837412768
236.66666666666666,0.5858398094046988,0.10007059301512566,0.21656120430255624,0.09752839327761915,0.31408959758017535
237.77777777777777,0.5898989897790156,0.09398416789360801,0.2248456975069402,0.09127114482043625,0.3161168423273764
238.88888888888889,0.5926556487638718,0.08891219244343389,0.23255742214512806,0.08587473664756623,0.3184321587926943
240.0,0.5943795376085196,0.08467265286544673,0.23974880973377113,0.0811989997922626,0.32094780952603374
240.0,0.5943795376085196,0.08467265286544673,0.23974880973377113,0.0811989997922626,0.32094780952603374
241.11111111111111,0.5761515723688526,0.09719934088149862,0.23473807125772064,0.09191101549192804,0.3266490867496487
242.22222222222223,0.5647743281721954,0.10864321963108557,0.22504856002948667,0.10153389216723226,0.32658245219671894
243.33333333333334,0.5555637680939429,0.11967955590114969,0.2138936371565099,0.1108630388483974,0.3247566760049073
244.44444444444446,0.5467950301569718,0.1305025737153497,0.20250415516070422,0.12019824096697425,0.3227023961276785
245.55555555555554,0.5379388188876418,0.1410848385298862,0.19136164782313478,0.1296146947593372,0.320976342582472
246.66666666666666,0.528914314843481,0.15131251727011324,0.18067692660836568,0.13909624127804004,0.31977316788640575
247.77777777777777,0.5198013564837994,0.16104834702078896,0.17055744996356315,0.14859284653184845,0.3191502964954116
248.88888888888889,0.5107307360957373,0.17016104197204057,0.16106351268888824,0.15804470924333391,0.31910822193222216
250.0,0.5018406655225096,0.17853945154365639,0.15222735413266178,0.16739252880117225,0.31961988293383403
250.0,0.5018406655225096,0.17853945154365639,0.15222735413266178,0.16739252880117225,0.31961988293383403
251.11111111111111,0.5289995797992304,0.15704716621900094,0.1643607468814824,0.14959250710028632,0.31395325398176865
252.22222222222223,0.5478946476614838,0.140433296168985,0.1763624532218019,0.13530960294772915,0.31167205616953103
253.33333333333334,0.5618701218597115,0.1271186930058872,0.1876060825479352,0.12340510258646593,0.3110111851344012
254.44444444444446,0.5723390701257903,0.11628959920060997,0.19801440932615122,0.11335692134744857,0.31137133067359973
255.55555555555554,0.5801334646476266,0.10740607991220333,0.2076403695550496,0.10482008588512044,0.3124604554401701
256.6666666666667,0.5858390239314764,0.10007181582099008,0.2165597861204443,0.09752937412708927,0.3140891602475335
257.77777777777777,0.5898984432980982,0.09398519052768613,0.22484437995713635,0.09127198621707938,0.31611636617421573
258.8888888888889,0.5926552913965505,0.08891305134462965,0.23255619562799773,0.08587546163082217,0.31843165725881994
260.0,0.5943793299424975,0.08467337665829622,0.23974766623139065,0.08119962716781565,0.32094729339920625
