Generation,xOC,xOB,xMMd,xMMr,total xMM
0.0,0.26666666666666666,0.4,0.26666666666666666,0.06666666666666667,0.3333333333333333
1.0169491525423728,0.45010051052451966,0.28991042961909963,0.20850103216261964,0.05148802769376111,0.25998905985638077
2.0338983050847457,0.5032997441943569,0.24785800455007018,0.20115531038825035,0.047686940867322475,0.24884225125557283
3.0508474576271185,0.5269650413949807,0.22210731119114352,0.20465273160031433,0.04627491581356136,0.2509276474138757
4.067796610169491,0.5409274540591676,0.20258578055496085,0.21098658745853827,0.04550017792733329,0.25648676538587156
5.084745762711864,0.5507031882401603,0.18646324533238365,0.21792592046078424,0.044907645966671815,0.26283356642745603
6.101694915254237,0.5581146359226362,0.1727147673517035,0.22479560806851065,0.044374988657149575,0.26917059672566024
7.11864406779661,0.5638858192065644,0.16084382781428522,0.23139669615427488,0.043873656824875436,0.27527035297915037
8.135593220338983,0.568382701574062,0.15053542249325863,0.23768102180567233,0.043400854127007095,0.2810818759326794
9.152542372881356,0.5718392829587529,0.14155369775082072,0.24364743151324558,0.042959587777180716,0.2866070192904263
10.169491525423728,0.5744304196338657,0.1337083718287073,0.24930815223525157,0.042553056302175485,0.29186120853742703
11.1864406779661,0.5762972444415906,0.12684140263448795,0.2546780141656281,0.04218333875829339,0.29686135292392146
12.203389830508474,0.577557458230471,0.12082003634276493,0.25977118534998184,0.04185132007678212,0.301622505426764
13.220338983050848,0.5783105171263819,0.11553218582655092,0.26460037594562064,0.04155692110144649,0.3061572970470671
14.23728813559322,0.5786409291362148,0.11088289399638573,0.2691768202384033,0.0412993566289961,0.31047617686739937
15.254237288135592,0.578620658073089,0.10679148304251694,0.2735105023046907,0.04107735657970325,0.31458785888439394
16.271186440677965,0.5783111087085466,0.10318918572682331,0.2776103755068314,0.04088933005779881,0.3184997055646302
17.28813559322034,0.5777646809225272,0.10001720195855919,0.28148462347548314,0.04073349364343066,0.3222181171189138
18.305084745762713,0.5770261476207543,0.09722506839060836,0.2851408264380338,0.04060795755060366,0.32574878398863744
19.322033898305083,0.5761337305710758,0.09476932310968171,0.28858615250448805,0.040510793814754434,0.32909694631924247
20.338983050847457,0.5751200842030513,0.09261238135231378,0.29182745692225864,0.040440077522376335,0.33226753444463497
21.35593220338983,0.5740130714760573,0.09072161283419684,0.29487139643200544,0.040393919257740475,0.33526531568974594
22.3728813559322,0.5728364437252625,0.08906857077089761,0.297724500076775,0.04037048542706483,0.3380949855038398
23.389830508474574,0.5716104096352808,0.0876283503528294,0.30039322927010437,0.04036801074178558,0.3407612400118899
24.406779661016948,0.5703521353412102,0.08637905421983698,0.3028840036617128,0.04038480677724004,0.34326881043895285
25.423728813559322,0.569076131015883,0.08530134898271664,0.3052032535073527,0.040419266494047756,0.3456225200014004
26.440677966101696,0.5677946481545477,0.0843780861812192,0.30735740255400623,0.04046986311022695,0.34782726566423317
27.457627118644066,0.5665179522786243,0.08359399526540032,0.30935290001289434,0.04053515244308091,0.34988805245597526
28.47457627118644,0.5652546065533569,0.08293541786862028,0.31119620606525683,0.04061376951276598,0.3518099755780228
29.491525423728813,0.5640116952046911,0.08239008832743396,0.31289378981920374,0.040704426648671285,0.35359821646787504
30.508474576271183,0.5627950233590094,0.08194694780703315,0.3144521184211576,0.04080591041279981,0.3552580288339574
31.525423728813557,0.5616092900619782,0.08159598782739577,0.3158776437509002,0.04091707835972589,0.35679472211062613
32.54237288135593,0.5604582393095039,0.08132811814331999,0.3171767868377146,0.04103685570946152,0.35821364254717614
33.559322033898304,0.5593447912687439,0.08113505527323644,0.3183559214254166,0.04116423203260313,0.3595201534580197
34.57627118644068,0.5582711575647122,0.08100922804575054,0.3194213563879474,0.041298258001589844,0.36071961438953726
35.59322033898305,0.5572389409610082,0.08094369784471034,0.32037931885640364,0.04143804233787787,0.3618173611942815
36.610169491525426,0.5562492241448173,0.08093209069787713,0.32123593637962444,0.04158274877768117,0.3628186851573056
37.62711864406779,0.5553026451432745,0.08096853987696377,0.3219972215667153,0.041731593413046345,0.3637288149797616
38.644067796610166,0.5543994646610191,0.08104763699883225,0.3226690562929272,0.04188384204722152,0.3645528983401487
39.66101694915254,0.5535396250455946,0.0811643901752256,0.32325717704531004,0.04203880773386974,0.3652959847791798
40.67796610169491,0.5527227998364974,0.08131418825027747,0.32376716328015087,0.042195848633074344,0.3659630119132252
41.69491525423729,0.5519484382291824,0.08149277056121841,0.32420442530897925,0.04235436590061999,0.3665587912095993
42.71186440677966,0.5512158054059474,0.08169619964418369,0.3245741933893035,0.04251380156056556,0.36708799494986905
43.728813559322035,0.5505240124361538,0.08192083917175949,0.32488151139499993,0.04267363699708683,0.36755514839208675
44.7457627118644,0.5498720471951347,0.08216333288669987,0.3251312288977598,0.042833391020405634,0.3679646199181654
45.762711864406775,0.5492587989553265,0.08242058783264779,0.32532799484112546,0.04299261837090037,0.3683206132120258
46.77966101694915,0.5486830807821238,0.08268975751654355,0.3254762536491637,0.04315090805216885,0.36862716170133253
47.79661016949152,0.5481436445342417,0.08296822850858679,0.32558024473583824,0.04330788222133336,0.3688881269571716
48.813559322033896,0.5476391993725793,0.08325360668505995,0.32564399940270483,0.04346319453965587,0.3691071939423607
49.83050847457627,0.5471684257581081,0.08354370595403209,0.3256713393771545,0.043616528910705284,0.3692878682878598
50.847457627118644,0.5467299853572639,0.08383653649485352,0.3256658798968368,0.04376759825104575,0.3694334781478825
51.86440677966102,0.5463225303347015,0.08413029480590123,0.3256310314985119,0.04391614336088544,0.36954717485939736
52.88135593220339,0.5459447137567504,0.08442335305199301,0.3255700016992725,0.044061931491984035,0.36963193319125653
53.89830508474576,0.5455951958649612,0.08471425040122249,0.3254857983817859,0.04420475535203041,0.3696905537338163
54.91525423728813,0.5452726484572405,0.08500168344747866,0.325381236085227,0.04434443201005371,0.3697256680952807
55.932203389830505,0.5449757604534279,0.08528449558908667,0.32525894248219145,0.04448080147529409,0.3697397439574856
56.94915254237288,0.5447032447961965,0.08556167135573922,0.32512135803821646,0.044613725809847724,0.3697350838480642
57.96610169491525,0.5444538419743867,0.08583232566440437,0.32497074464801323,0.044743087713195615,0.36971383236120886
58.983050847457626,0.5442263162214571,0.08609569702188093,0.3248091966697665,0.044868790086895545,0.369677986756662
60.0,0.544019459223612,0.08635113946485279,0.3246386464511583,0.04499075486037693,0.36962940131153527
60.0,0.544019459223612,0.08635113946485279,0.3246386464511583,0.04499075486037693,0.36962940131153527
61.00502512562814,0.524718116843177,0.10003790542984041,0.32346045254861516,0.05178352517836742,0.3752439777269826
62.01005025125628,0.5158162400383242,0.11236925746219452,0.31392913164714203,0.057885370852339295,0.3718145024994814
63.015075376884425,0.5108960434070537,0.12417286196188076,0.3011162376075285,0.06381485702353709,0.36493109463106554
64.02010050251256,0.507175923001604,0.13579130764011885,0.2872141119101292,0.06981865744814798,0.35703276935827716
65.0251256281407,0.5035697093746587,0.14729408829014706,0.27314323225969944,0.0759929700754949,0.34913620233519427
66.03015075376885,0.4997054508042929,0.15862020930750606,0.25931307165229817,0.08236126823590297,0.3416743398882012
67.03517587939699,0.49550232491932045,0.1696537676340075,0.24593057022415324,0.08891333722251893,0.3348439074466722
68.04020100502512,0.4909971446543963,0.18026225926944667,0.23311706007671487,0.09562353599944216,0.3287405960761571
69.04522613065326,0.4862731048593063,0.190316535488523,0.2209510529750847,0.10245930667708604,0.32341035965217074
70.0502512562814,0.48142915035194256,0.19970169933158646,0.20948384366015244,0.10938530665631856,0.318869150316471
71.05527638190955,0.4765655545857936,0.20832312692108257,0.19874573481961907,0.11636558367350473,0.3151113184931238
72.06030150753769,0.47177632705466405,0.2161094724087,0.18874935590554268,0.12336484463109332,0.312114200536636
73.06532663316582,0.46714489964411815,0.22301355818278287,0.17949227170172527,0.1303492704713737,0.309841542173099
74.07035175879398,0.46274172747927866,0.22901168696836835,0.17095951400413606,0.137287071548217,0.30824658555235307
75.07537688442211,0.45862321462296796,0.23410179829627292,0.16312611025375276,0.14414887682700647,0.3072749870807592
76.08040201005025,0.45483161665993266,0.23830083715786937,0.15595954186286276,0.15090800431933515,0.3068675461821979
77.08542713567839,0.4513957399939355,0.24164164584951478,0.14942198942054327,0.15754062473600647,0.30696261415654974
78.09045226130652,0.448332047187675,0.24416972318611235,0.14347234932172184,0.16402588030449086,0.30749822962621265
79.09547738693468,0.4456462539470283,0.2459399641390461,0.1380678924638102,0.17034588945011547,0.30841378191392566
80.10050251256281,0.4433349205685212,0.24701368797452786,0.13316564554093216,0.17648574591601865,0.3096513914569508
81.10552763819095,0.4413872087594194,0.2474559358318861,0.12872342943817508,0.18243342597051942,0.3111568554086945
82.1105527638191,0.43978651039985545,0.24733318130635515,0.1247006393845286,0.1881796689092608,0.3128803082937894
83.11557788944724,0.4385119570176716,0.24671144634336667,0.1210587791300861,0.19371781750887562,0.31477659663896174
84.12060301507537,0.4375397634704711,0.24565481312351967,0.11776179960247264,0.19904362380353657,0.3168054234060092
85.12562814070351,0.43684437924932795,0.24422430706700277,0.11477628298946534,0.204155030694204,0.31893131368366934
86.13065326633165,0.43639945141844744,0.24247711173948788,0.11207149498604657,0.20905194185601814,0.3211234368420647
87.1356783919598,0.4361785716066653,0.24046606994477138,0.10961937372613362,0.21373598472242974,0.3233553584485634
88.14070351758794,0.436155934916178,0.23823939292089158,0.1073944216397283,0.21821025052320192,0.3256046721629302
89.14572864321607,0.43630674609267417,0.23584059415243308,0.10537358458675271,0.22247907516814006,0.32785265975489275
90.15075376884423,0.43660756848060944,0.23330853915366656,0.10353608774613546,0.22654780461958854,0.330083892365724
91.15577889447236,0.43703653346942506,0.23067761433590345,0.10186326472875219,0.23042258746591932,0.33228585219467155
92.1608040201005,0.4375734685366835,0.22797796735607365,0.10033838224103231,0.23411018186621071,0.334448564107243
93.16582914572864,0.4381999627525814,0.22523579368241636,0.09894646410310767,0.23761777946189455,0.33656424356500225
94.17085427135677,0.43889935767838073,0.22247365858677487,0.09767412490252379,0.2409528588323207,0.3386269837348445
95.17587939698493,0.43965671389276717,0.21971082357614155,0.09650941105826234,0.244123051472829,0.3406324625310913
96.18090452261306,0.4404587388779956,0.2169635756344939,0.09544165356335461,0.24713603192415595,0.34257768548751055
97.1859296482412,0.44129369852390754,0.2142455449449738,0.09446133204050425,0.2499994244906144,0.34446075653111863
98.19095477386935,0.442151311333076,0.2115680081720768,0.09355995146070804,0.25272072903413906,0.3462806804948471
99.19597989949749,0.44302263831656313,0.20894017079116667,0.09272992987883578,0.25530726101343443,0.3480371908922702
100.20100502512562,0.4438999676897497,0.20636942831721763,0.09196449751272898,0.2577661064803036,0.3497306039930326
101.20603015075376,0.444776702497429,0.20386160337761894,0.09125760633957208,0.26010408778538,0.3513616941249521
102.2110552763819,0.4456472505860472,0.20142116010912736,0.09060384926819488,0.2623277400366306,0.3529315893048255
103.21608040201005,0.4465069174562907,0.19905139708699715,0.08999838820684014,0.26444329724987203,0.3544416854567121
104.22110552763819,0.4473518093937729,0.19675461704531755,0.08943689009491723,0.2664566834659922,0.35589357356090945
105.22613065326632,0.44817874075115366,0.1945322780194744,0.08891547011098913,0.26837351111838276,0.3572889812293719
106.23115577889448,0.4489851479624124,0.19238512635481814,0.08843064147528736,0.2701990842074821,0.35862972568276946
107.23618090452261,0.44976901246458034,0.19031331211721927,0.0879792710940601,0.27193840432414035,0.35991767541820047
108.24120603015075,0.4505287922978398,0.18831648906336257,0.08755853999137507,0.2735961786474226,0.36115471863879767
109.24623115577889,0.4512633560346681,0.18639390332504124,0.08716590846577145,0.2751768321745192,0.36234274064029065
110.25125628140702,0.4519719241873139,0.18454446885448342,0.08679908594501581,0.2766845210131869,0.3634836069582027
111.25628140703517,0.45265402279343336,0.18276683062056998,0.08645600313434745,0.27812314345164907,0.36457914658599655
112.26130653266331,0.453309435782069,0.1810594209482005,0.08613478827723973,0.2794963549924907,0.36563114326973045
113.26633165829145,0.4539381634344843,0.17942050737205176,0.08583374607700482,0.28080758311645915,0.366641329193464
114.2713567839196,0.45454038945118835,0.17784823198716102,0.08555133857227472,0.2820600399893758,0.3676113785616505
115.27638190954774,0.4551164486776504,0.17634064587740467,0.08528616867776946,0.2832567367671754,0.36854290544494483
116.28140703517587,0.45566680011980787,0.1748957370148694,0.08503696583334719,0.2844004970319755,0.3694374628653227
117.28643216080401,0.45619200513244385,0.17351145468144863,0.08480257202696011,0.2854939681591474,0.3702965401861075
118.29145728643215,0.456692705876695,0.17218572928985484,0.08458193070344977,0.28653963413000033,0.3711215648334501
119.2964824120603,0.4571696030971012,0.17091649038063286,0.08437407713778654,0.2875398293844793,0.37191390652226586
120.30150753768844,0.4576234440771733,0.1697016794806878,0.08417812865777875,0.2884967477843602,0.3726748764421389
121.30653266331657,0.45805501581395397,0.16853925857293506,0.08399327594019872,0.28941244967291235,0.37340572561311114
122.31155778894473,0.45846513040907516,0.1674272210775392,0.0838187758079868,0.2902888727053989,0.3741076485133857
123.31658291457286,0.45885460560727737,0.16636360159814223,0.08365394656531426,0.2911278462292662,0.37478179279458046
124.321608040201,0.45922425932733174,0.165346480862986,0.08349816174565275,0.2919310980640295,0.3754292598096823
125.32663316582914,0.45957492377842274,0.16437398326899255,0.08335084216889815,0.29270025078368656,0.3760510929525847
126.33165829145727,0.45990741306764155,0.1634442893574768,0.08321145461711102,0.2934368429577706,0.3766482975748816
127.33668341708542,0.46022253538521607,0.1625556321890647,0.08307950585053424,0.29414232657518496,0.3772218324257192
128.34170854271355,0.4605210807901255,0.161706301568569,0.08295454001858646,0.294818077622719,0.3777726176413055
129.3467336683417,0.4608038218631286,0.16089464399571443,0.08283613465177375,0.2954653994893832,0.37830153414115697
130.35175879396985,0.4610715094980431,0.16011906333343648,0.08272389818792404,0.2960855289805965,0.3788094271685205
131.356783919598,0.4613248717763317,0.1593780201288226,0.08261746765085806,0.29667964044398754,0.3792971080948456
132.36180904522612,0.4615646142090717,0.1586700319964301,0.08251650473772143,0.2972488490567769,0.37976535379449833
133.36683417085425,0.4617914213519224,0.15799367129079747,0.08242069413146517,0.297794213225815,0.38021490735728014
134.3718592964824,0.46200594864078104,0.1573475663746082,0.08232974283479441,0.2983167421498163,0.3806464849846107
135.37688442211055,0.462208817726525,0.1567304017358327,0.08224337848654878,0.2988174020510935,0.38106078053764225
136.3819095477387,0.4624006375135469,0.15614091093328253,0.08216134487223914,0.2992971066809315,0.38145845155317065
137.38693467336682,0.46258198432463227,0.1555778804705071,0.0820834034708712,0.29975673173398953,0.3818401352048607
138.39195979899498,0.4627534106197339,0.1550401463227519,0.08200933101388673,0.30019711204362753,0.3822064430575142
139.3969849246231,0.4629154435568367,0.15452659269145258,0.08193891834427594,0.30061904540743484,0.38255796375171075
140.40201005025125,0.4630685857564267,0.1540361504864467,0.08187196936658832,0.3010232943905383,0.3828952637571266
141.4070351758794,0.4632133168098869,0.15356779549847827,0.08180829989256679,0.30141058779906804,0.3832188876916348
142.41206030150752,0.4633500901283915,0.15312054716591858,0.08174773757130192,0.301781625134388,0.3835293627056899
143.41708542713567,0.46347933966298965,0.15269346694108382,0.08169011980688189,0.3021370735890446,0.38382719339592647
144.4221105527638,0.4636014769016254,0.15228565651834453,0.08163529379822515,0.30247757278180504,0.3841128665800302
145.42713567839195,0.46371689233544555,0.1518962563535454,0.08158311568835508,0.302803735622654,0.3843868513110091
146.4321608040201,0.46382595579479924,0.15152444435908813,0.08153345003350115,0.3031161498126114,0.3846495998461126
147.43718592964825,0.46392901817375787,0.15116943416798456,0.08148616908597685,0.3034153785722808,0.3849015476582577
148.44221105527637,0.4640264117920862,0.1508304738075145,0.08144115233462056,0.3037019620657788,0.38514311440039933
149.4472361809045,0.4641184518995235,0.15050684439868603,0.08139828592069724,0.30397641778109324,0.38537470370179044
150.45226130653265,0.46420543728859537,0.15019785762678806,0.0813574621985544,0.30423924288606224,0.38559670508461663
151.4572864321608,0.46428764343205076,0.14990285843140455,0.08131858062889127,0.3044909175076534,0.38580949813654464
152.46231155778895,0.4643653433270275,0.14962121706898715,0.08128154410226132,0.30473189550172414,0.38601343960398543
153.46733668341707,0.46443878661882765,0.14935233391871316,0.08124626207267703,0.3049626173897821,0.38620887946245913
154.47236180904522,0.4645082112746986,0.14909563533229217,0.08121264849291264,0.3051835049000967,0.3863961533930093
155.47738693467335,0.46457384190070977,0.14885057325206721,0.08118062190409853,0.30539496294312457,0.3865755848472231
156.4824120603015,0.4646358906365892,0.14861662390255528,0.08115010510734574,0.3055973803535097,0.38674748546085547
157.48743718592965,0.46469455795276526,0.14839328699883791,0.08112102491309094,0.3057911301353058,0.3869121550483967
158.49246231155777,0.46475003377403734,0.14818008388368628,0.08109331176197317,0.3059765705803032,0.38706988234227635
159.49748743718592,0.464802496930563,0.14797655729581422,0.0810668997265176,0.3061540460471052,0.3872209457736228
160.50251256281405,0.46485211462519355,0.14778227181472425,0.08104172658446392,0.30632388697561824,0.38736561356008214
161.5075376884422,0.46489904400848203,0.14759681151872212,0.08101773335380356,0.3064864111189922,0.3875041444727958
162.51256281407035,0.4649434331402033,0.14741977826213273,0.08099486394209328,0.30664192465557066,0.38763678859766393
163.5175879396985,0.46498542985094693,0.14725079006825076,0.08097306385801378,0.3067907162227884,0.38776378008080226
164.52261306532662,0.46502516509691505,0.14708948416423365,0.08095228262426603,0.3069330681145852,0.3878853507388512
165.52763819095475,0.46506276511896105,0.1469355134479206,0.08093247185731124,0.3070692495758071,0.3880017214331184
166.5326633165829,0.4650983480519434,0.14678854656351445,0.08091358569751918,0.3071995196870229,0.38811310538454213
167.53768844221105,0.46513202591727293,0.14664826685141055,0.08089558044028695,0.3073241267910295,0.38821970723131644
168.5427135678392,0.4651639042600897,0.1465143719474433,0.08087841453780477,0.3074433092546621,0.3883217237924669
169.54773869346732,0.46519408266885215,0.14638657311793543,0.08086204846224869,0.3075572957509638,0.3884193442132125
170.55276381909547,0.4652226552789789,0.14626459420776444,0.08084644454056937,0.3076663059726872,0.3885127505132565
171.5577889447236,0.4652497105617541,0.14614817176415856,0.08083156698515351,0.30777055068893383,0.38860211767408737
172.56281407035175,0.46527533151643286,0.14603705484368426,0.08081738185109358,0.30787023178878925,0.3886876136398828
173.5678391959799,0.4652995967931987,0.14593100293425684,0.08080385669720712,0.30796554357533723,0.38876940027254436
174.57286432160802,0.4653225809100386,0.14582978649970119,0.0807909606053266,0.30805667198493364,0.38884763259026023
175.57788944723617,0.4653443547271506,0.14573318601391194,0.08077866402996996,0.30814379522896745,0.3889224592589374
176.5829145728643,0.46536498517179475,0.14564099270000166,0.08076693889813727,0.30822708323006615,0.3889940221282034
177.58793969849245,0.4653845344773376,0.1455530061906174,0.08075575850447898,0.308306700827566,0.389062459332045
178.5929648241206,0.4654030593480906,0.14546903634254704,0.08074509778032245,0.3083828065290398,0.3891279043093623
179.59798994974875,0.46542061626042136,0.14538890061754578,0.08073493236257498,0.30845555075945796,0.38919048312203297
180.60301507537687,0.46543725827535437,0.14531242472656572,0.08072523907203212,0.30852507792604783,0.3892503169980799
181.608040201005,0.46545303434595187,0.14523944274887166,0.08071599601590075,0.3085915268892757,0.38930752290517645
182.61306532663315,0.46546799133649647,0.14516979608166705,0.08070718222919665,0.30865503035263986,0.3893622125818365
183.6180904522613,0.4654821733579286,0.14510333306336798,0.0806987777297505,0.308715715848953,0.3894144935787035
184.62311557788945,0.46549562203649253,0.14503990907008588,0.08069076349196139,0.3087737054014603,0.3894644688934217
185.62814070351757,0.465508376713099,0.14497938579976363,0.08068312135807586,0.30882911612906144,0.3895122374871373
186.63316582914572,0.465520474527443,0.14492163141163314,0.080675834041198,0.30888206001972585,0.3895578940609239
187.63819095477385,0.4655319506428548,0.14486651974609274,0.0806688850251598,0.30893264458589265,0.38960152961105243
188.643216080402,0.46554283815838937,0.1448139304297995,0.0806622585875388,0.3089809728242723,0.38964323141181106
189.64824120603015,0.46555316814383974,0.1447637488047559,0.08065593978939965,0.3090271432620048,0.3896830830514044
190.65326633165827,0.4655629695406715,0.1447158662460607,0.08064991451681698,0.3090712496964508,0.38972116421326775
191.65829145728642,0.46557227019238917,0.14467017739508953,0.08064416910532057,0.30911338330720073,0.3897575524125213
192.66331658291455,0.4655810966804397,0.14462658247324697,0.08063869056081917,0.3091536302854942,0.3897923208463134
193.6683417085427,0.4655894773958173,0.14458498504804904,0.08063346596003577,0.30919207159609796,0.38982553755613375
194.67336683417085,0.46559743116051017,0.14454529524990958,0.08062848423296783,0.30922878935661247,0.3898572735895803
195.67839195979897,0.4656049825496963,0.14450742553120846,0.08062373377152779,0.30926385814756735,0.38988759191909517
196.68341708542712,0.46561215178164467,0.14447129270646067,0.08061920393926512,0.30929735157262966,0.38991655551189475
197.68844221105527,0.4656189592102463,0.14443681773869865,0.08061488446864845,0.3093293385824065,0.389944223051055
198.6934673366834,0.46562542348601765,0.14440392521676465,0.08061076565106466,0.30935988564615313,0.38997065129721775
199.69849246231155,0.46563156174794684,0.14437254574088992,0.08060683854377484,0.3093890539673882,0.389995892511163
200.7035175879397,0.46563739228790124,0.14434260481597316,0.08060309355427549,0.3094169093418501,0.39002000289612565
201.70854271356782,0.4656429305829053,0.14431403896147663,0.08059952250913328,0.3094435079464848,0.39004303045561806
202.71356783919597,0.46564819147885034,0.1442867860206667,0.08059611743514222,0.30946890506534075,0.390065022500483
203.7185929648241,0.4656531895985687,0.14426078455661448,0.0805928704561728,0.3094931553886439,0.3900860258448167
204.72361809045225,0.4656579378986704,0.1442359784913145,0.08058977441917256,0.30951630919084266,0.3901060836100152
205.7286432160804,0.46566244916586935,0.14421231270001844,0.08058682228406053,0.30953841585005176,0.39012523813411226
206.73366834170852,0.4656667351863056,0.1441897353056629,0.08058400744774513,0.30955952206028625,0.3901435295080314
207.73869346733667,0.46567080953795986,0.1441681963670028,0.08058132325670576,0.3095796708383315,0.39016099409503724
208.7437185929648,0.4656746820188869,0.14414764827561824,0.08057876377492444,0.30959890593057043,0.39017766970549483
209.74874371859295,0.4656783617451364,0.14412804599453186,0.08057632339951776,0.3096172688608141,0.3901935922603318
210.7537688442211,0.46568185971096343,0.14410934589974153,0.08057399641815002,0.3096347979711449,0.3902087943892949
211.75879396984922,0.4656851844026876,0.14409150679348365,0.08057177767718278,0.3096515311266459,0.39022330880382866
212.76381909547737,0.46568834510505996,0.1440744886854502,0.08056966203425243,0.3096675041752373,0.3902371662094897
213.76884422110552,0.4656913498337528,0.1440582548449871,0.08056764482863531,0.3096827504926246,0.39025039532125994
214.77386934673365,0.46569420609074663,0.14404277104557106,0.0805657217094539,0.30969730115422844,0.39026302286368236
215.7788944723618,0.465696922175341,0.14402799917086861,0.08056388783725382,0.3097111908165366,0.39027507865379035
216.78391959798995,0.46569950483298367,0.14401390805138636,0.0805621392546112,0.3097244478610187,0.3902865871156299
217.78894472361807,0.46570196080676973,0.14400046638749042,0.08056047199024635,0.30973710081549366,0.39029757280573996
218.79396984924622,0.4657042963575193,0.14398764477510248,0.08055888231889823,0.30974917654847994,0.3903080588673781
219.79899497487435,0.46570651768095034,0.1439754140418805,0.08055736654675867,0.30976070173041037,0.39031806827716903
220.8040201005025,0.46570863033575194,0.14396374751826635,0.08055592130656616,0.30977170083941546,0.3903276221459816
221.80904522613065,0.46571063981809213,0.14395261901846265,0.08055454328666692,0.30978219787677824,0.39033674116344513
222.81407035175877,0.4657125512370249,0.14394200388451686,0.08055322937453824,0.30979221550392005,0.39034544487845835
223.81909547738692,0.46571436934242555,0.14393187888177383,0.0805519766431936,0.3098017751326069,0.3903537517758005
224.82412060301505,0.46571609879878106,0.1439222210602188,0.08055078220559721,0.3098108979354029,0.3903616801410001
225.8291457286432,0.4657177438361916,0.14391300921799027,0.08054964340154641,0.30981960354427174,0.39036924694581815
226.83417085427135,0.4657193085783644,0.14390422332733968,0.080548557699953,0.309827910394343,0.390376468094296
227.83919597989947,0.46572079793060944,0.14389584305782488,0.08054752244186968,0.309835836569696,0.3903833590115656
228.84422110552762,0.4657222146903376,0.14388785004452023,0.080546535431448,0.3098433998336942,0.39038993526514226
229.84924623115577,0.465723562850161,0.14388022634045408,0.0805455943607256,0.3098506164486593,0.39039621080938486
230.8542713567839,0.4657248457268084,0.1438729549644097,0.08054469710431506,0.3098575022044669,0.39040219930878195
231.85929648241205,0.46572606643368664,0.1438660197144477,0.0805438416402127,0.3098640722116529,0.39040791385186563
232.8643216080402,0.46572722810779876,0.14385940499067346,0.08054302600285203,0.3098703408986758,0.39041336690152784
233.86934673366832,0.46572833359826943,0.14385309626357412,0.08054224837020575,0.3098763217679507,0.39041857013815645
234.87437185929647,0.4657293854655424,0.1438470804402544,0.08054150710069595,0.3098820269935073,0.3904235340942033
235.8793969849246,0.46573038672726685,0.14384134208168373,0.08054080025883896,0.3098874709322105,0.39042827119104945
236.88442211055275,0.46573133972228886,0.1438358691285523,0.08054012633401993,0.30989266481513905,0.39043279114915896
237.8894472361809,0.46573224684398173,0.1438306492482925,0.08053948378130397,0.30989762012642164,0.3904371039077256
238.89447236180902,0.46573311029395636,0.14382567100692292,0.08053887116970206,0.3099023475294188,0.39044121869912085
239.89949748743717,0.4657339321721573,0.14382092345658376,0.08053828712978695,0.309906857241472,0.39044514437125893
240.9045226130653,0.46573471470709554,0.14381639503576849,0.08053773021442481,0.309911160042711,0.3904488902571358
241.90954773869345,0.4657354596303602,0.14381207655918807,0.08053719927758293,0.3099152645328687,0.3904524638104517
242.9145728643216,0.4657361689264143,0.1438079577736225,0.08053669303412982,0.3099191802658333,0.3904558732999631
243.91959798994972,0.465736844382841,0.1438040295550549,0.08053621033699893,0.3099229157251052,0.39045912606210414
244.92462311557787,0.4657374876408529,0.14380028332247774,0.08053575011217023,0.30992647892449904,0.39046222903666933
245.92964824120602,0.4657380979890088,0.14379671129353416,0.0805353116690156,0.3099298790484415,0.39046519071745706
246.93467336683415,0.4657386797358849,0.14379330458629655,0.08053489355962663,0.3099331221181921,0.39046801567781875
247.9396984924623,0.4657392344122163,0.14379005554139906,0.08053449481656148,0.3099362152298232,0.3904707100463847
248.94472361809045,0.4657397619382708,0.14378695722969595,0.0805341147531946,0.3099391660788386,0.3904732808320332
249.94974874371857,0.4657402647093988,0.14378400240659495,0.08053375233211969,0.3099419805518866,0.3904757328840063
250.95477386934672,0.46574074342215727,0.14378118444033472,0.08053340679634492,0.30994466534116305,0.390478072137508
251.95979899497485,0.4657411992065684,0.1437784973033056,0.08053307739371242,0.30994722609641345,0.39048030349012586
252.964824120603,0.46574163312094063,0.14377593537685146,0.08053276342234551,0.30994966807986246,0.39048243150220796
253.96984924623115,0.46574204641097,0.14377349214898805,0.08053246406633523,0.30995199737370677,0.390484461440042
254.97487437185927,0.46574244023545414,0.14377116174901308,0.08053217858541864,0.3099542194301141,0.39048639801553275
255.97989949748742,0.4657428155834377,0.14376893950197112,0.08053190638138373,0.3099563385332074,0.39048824491459116
256.98492462311555,0.4657431734477215,0.14376682009379757,0.08053164679129869,0.30995835966718227,0.390490006458481
257.9899497487437,0.4657435121866875,0.14376479945912365,0.08053139961709424,0.3099602887370946,0.3904916883541888
258.99497487437185,0.4657438353386226,0.1437628724245027,0.08053116388192459,0.30996212835495,0.39049329223687457
260.0,0.4657441436968689,0.1437610346800527,0.08053093904947464,0.3099638825736038,0.39049482162307847
