Generation,xOC,xOB,xMMd,xMMr,total xMM
0.0,0.26666666666666666,0.4,0.26666666666666666,0.06666666666666667,0.3333333333333333
0.5084745762711864,0.3909031084149033,0.3280972467545695,0.2247917341485347,0.056207910681992566,0.2809996448305273
1.0169491525423728,0.45010051063110684,0.2899104295755917,0.2085010321092765,0.05148802768402502,0.2599890597933015
1.5254237288135593,0.48298148685724446,0.2655239365717952,0.2024370026148127,0.04905757395614768,0.2514945765709604
2.0338983050847457,0.5032997442189261,0.24785800454406468,0.2011553103716835,0.04768694086532576,0.24884225123700926
2.542372881355932,0.5170029496139719,0.23387151489024738,0.2022811415171419,0.04684439397863886,0.2491255354957808
3.0508474576271185,0.5269650413988681,0.22210731119370813,0.20465273159381872,0.04627491581360499,0.2509276474074237
3.559322033898305,0.5346718222343205,0.21181509447566746,0.20766382041233994,0.04584926287767213,0.25351308329001204
4.067796610169491,0.5409274540570851,0.2025857805595029,0.2109865874553997,0.04550017792801237,0.25648676538341203
4.576271186440678,0.5461835529910967,0.19418345193424488,0.21444058610751515,0.045192408967143265,0.2596329950746584
5.084745762711864,0.5507031882368547,0.18646324533697295,0.21792592045865883,0.044907645967513454,0.2628335664261723
5.59322033898305,0.5546461713435811,0.1793296474726566,0.2213875402143005,0.04463664096946192,0.26602418118376236
6.101694915254237,0.5581146359191349,0.17271476735598076,0.22479560806684076,0.04437498865804346,0.2691705967248842
6.610169491525424,0.5611778360923615,0.16656680478975378,0.22813451929199785,0.044120839825886764,0.2722553591178846
7.11864406779661,0.5638858192034449,0.16084382781809647,0.23139669615270556,0.04387365682575307,0.27527035297845864
7.627118644067796,0.5662770484691466,0.155510353297661,0.23457906031852063,0.043633537914671665,0.27821259823319233
8.135593220338983,0.5683827015709986,0.1505354224967492,0.23768102180435943,0.043400854127892574,0.28108187593225203
8.64406779661017,0.5702291281702223,0.14589148138496638,0.24070333224338217,0.04317605820142924,0.2838793904448114
9.152542372881356,0.571839282956394,0.14155369775383647,0.243647431511767,0.04295958777800257,0.28660701928976956
9.661016949152541,0.5732335789512811,0.13749952033617327,0.2465150802160782,0.042751820496467335,0.28926690071254557
10.169491525423728,0.5744304196316796,0.13370837183140713,0.24930815223393957,0.042553056302973825,0.2918612085369134
10.677966101694915,0.575446539786015,0.13016142134937023,0.25202852414559307,0.04236351471902178,0.2943920388646149
11.1864406779661,0.5762972444397684,0.1268414026368995,0.2546780141642796,0.04218333875905245,0.2968613529233321
11.694915254237287,0.576996578288342,0.12373246362162994,0.2572583555149411,0.042012602575087,0.29927095809002807
12.203389830508474,0.5775574582291382,0.12082003634461433,0.25977118534882393,0.041851320077423634,0.3016225054262476
12.711864406779661,0.5779917817520857,0.11809072146126172,0.2622180433951125,0.041699453391540096,0.3039174967866526
13.220338983050848,0.5783105171223714,0.11553218583041458,0.2646003759443654,0.04155692110284863,0.30615729704721406
13.728813559322033,0.5785237846980366,0.11313306845281887,0.2669195416725881,0.04142360517655644,0.30834314684914454
14.23728813559322,0.5786409291443242,0.11088289399329901,0.26917682023431805,0.04129935662805896,0.31047617686237705
14.745762711864407,0.5786705657128839,0.10877200522929917,0.2713734246795484,0.0411840043782685,0.3125574290578169
15.254237288135592,0.5786206580628231,0.10679148304554158,0.2735105023106573,0.041077356580977956,0.3145878588916353
15.762711864406779,0.5784985721263061,0.10493308364515087,0.27558913929635576,0.0409792049321875,0.31656834422854324
16.271186440677965,0.5783111087066223,0.1031891857282285,0.2776103755067691,0.04088933005838012,0.3184997055651492
16.779661016949152,0.5780645418717097,0.10155273698535033,0.27957521659618,0.04080750454675978,0.32038272114293975
17.28813559322034,0.5777646809197488,0.10001720195999879,0.2814846234761827,0.04073349364406962,0.32221811712025233
17.796610169491526,0.5774168978706281,0.09857652007163462,0.28333952387880157,0.040667058178935636,0.3240065820577372
18.305084745762713,0.5770261476164166,0.09722506839236758,0.28514082643982414,0.04060795755139167,0.3257487839912158
18.813559322033896,0.5765970124621022,0.09595762246254237,0.2868894150718138,0.04055595000354158,0.3274453650753554
19.322033898305083,0.5761337305693202,0.09476932311070344,0.2885861525047738,0.04051079381520255,0.3290969463199764
19.83050847457627,0.5756402158990777,0.09365564756295071,0.2902318876064,0.04047224893157173,0.33070413653797176
20.338983050847457,0.5751200842003353,0.09261238135197396,0.2918274569258872,0.04044007752180357,0.3322675344476908
20.847457627118644,0.5745766749407225,0.09163559333516587,0.29337368699135413,0.040414044732757504,0.33378773172411164
21.35593220338983,0.5740130714773093,0.09072161283259027,0.29487139643374033,0.04039391925636013,0.3352653156901005
21.864406779661017,0.5734321194133257,0.08986700879154116,0.2963213980041898,0.04037947379094336,0.33670087179513314
22.3728813559322,0.5728364437147621,0.08906857077178139,0.29772450008645124,0.04037048542700538,0.3380949855134566
22.881355932203387,0.572228463064308,0.08832329132685085,0.2990815100375193,0.040366735571321886,0.33944824560884124
23.389830508474574,0.5716104096545472,0.08762835034687869,0.3003932292608831,0.04036801073769101,0.34076123999857416
23.89830508474576,0.5709843377978875,0.0869811005043292,0.3016604593838789,0.04037410231390447,0.34203456169778335
24.406779661016948,0.5703521353704066,0.08637905421192463,0.30288400364546725,0.040384806772201576,0.3432688104176688
24.915254237288135,0.5697155350756465,0.08581987171641701,0.30406466726809156,0.04039992593984484,0.3444645932079364
25.423728813559322,0.569076130974717,0.0853013489880494,0.30520325354149924,0.04041926649573437,0.34562252003723365
25.93220338983051,0.5684353887007922,0.08482140754394799,0.3063005638102519,0.04044263994500797,0.34674320375525985
26.440677966101696,0.5677946481896234,0.08437808617454469,0.30735740252992855,0.04046986310590333,0.3478272656358319
26.94915254237288,0.567155129273866,0.08396953295759453,0.30837457941079016,0.04050075835774922,0.3488753377685394
27.457627118644066,0.5665179522806495,0.08359399526420284,0.3093529000135177,0.040535152441630015,0.34988805245514765
27.966101694915253,0.565884135679398,0.08324981429094518,0.3102931727624598,0.04057287726719696,0.3508660500296568
28.47457627118644,0.5652546065526595,0.0829354178679857,0.3111962060677618,0.04061376951159304,0.3518099755793549
28.983050847457626,0.5646302059360745,0.08264931461183282,0.3120628088378324,0.04065767061426052,0.3527204794520929
29.491525423728813,0.5640116952020959,0.08239008832729865,0.31289378982301336,0.04070442664759197,0.35359821647060535
30.0,0.5633997616028036,0.0821563929299607,0.3136899572392436,0.04075388822799212,0.3544438454672357
30.0,0.5633997616028036,0.0821563929299607,0.3136899572392436,0.04075388822799212,0.3544438454672357
31.333333333333332,0.5808150788410043,0.11863919127759015,0.24085514750552997,0.0596905823758758,0.30054572988140577
32.666666666666664,0.559401308307769,0.1634998597419335,0.19196857773529352,0.08513025421500402,0.2770988319502975
34.0,0.5204585531998474,0.20973330251870537,0.15491077689022337,0.114897367391224,0.26980814428144734
34.0,0.5204585531998474,0.20973330251870537,0.15491077689022337,0.114897367391224,0.26980814428144734
35.333333333333336,0.5171343063593693,0.19242453224949346,0.17903162500565462,0.11140953638548245,0.29044116139113707
36.666666666666664,0.5299425432008071,0.1722904240174978,0.19373937398096513,0.10402765880072994,0.2977670327816951
38.0,0.5428902401242522,0.15490294420459316,0.2054529332231251,0.09675388244802963,0.30220681567115476
38.0,0.5428902401242522,0.15490294420459316,0.2054529332231251,0.09675388244802963,0.30220681567115476
39.333333333333336,0.5294762133834785,0.1906294526661592,0.15677418102972646,0.12312015292063587,0.27989433395036234
40.666666666666664,0.49291177428982297,0.22636130405745736,0.12706679489449027,0.1536601267582294,0.2807269216527197
42.0,0.4545277317661415,0.2552685250336091,0.10614928537696108,0.18405445782328816,0.2902037432002492
42.0,0.4545277317661415,0.2552685250336091,0.10614928537696108,0.18405445782328816,0.2902037432002492
43.333333333333336,0.47956871118954725,0.2200546473167977,0.13205327496214372,0.16832336653151136,0.3003766414936551
44.666666666666664,0.5116291088328122,0.18752845854132494,0.15119434170444532,0.1496480909214176,0.3008424326258629
46.0,0.537520565459659,0.1617508259721442,0.16747659058540745,0.13325201798278935,0.3007286085681968
46.0,0.537520565459659,0.1617508259721442,0.16747659058540745,0.13325201798278935,0.3007286085681968
47.333333333333336,0.5209732532061796,0.18843793863595246,0.13082650324149508,0.15976230491637286,0.2905888081578679
48.666666666666664,0.4867294424602003,0.2143924948195966,0.10940254179267869,0.1894755209275244,0.2988780627202031
50.0,0.45351454402080094,0.2344085617248234,0.09447728633612382,0.21759960791825186,0.3120768942543757
50.0,0.45351454402080094,0.2344085617248234,0.09447728633612382,0.21759960791825186,0.3120768942543757
51.333333333333336,0.4870269317955204,0.19859104257239182,0.12109237518011905,0.1932896504519687,0.3143820256320878
52.666666666666664,0.5238473858253393,0.16701039901323037,0.14139807039586996,0.16774414476556046,0.3091422151614304
54.0,0.5521364704979136,0.1426566536763548,0.15882152961301046,0.14638534621272115,0.30520687582573164
54.0,0.5521364704979136,0.1426566536763548,0.15882152961301046,0.14638534621272115,0.30520687582573164
55.333333333333336,0.5362494688574436,0.1653083163241708,0.1258072064922102,0.1726350083261754,0.2984422148183856
56.666666666666664,0.5031110562949029,0.1879908881365069,0.10680778582086521,0.20209026974772484,0.30889805556859007
58.0,0.47074990232446323,0.20609608780356886,0.09349078251264593,0.22966322735932193,0.32315400987196785
58.0,0.47074990232446323,0.20609608780356886,0.09349078251264593,0.22966322735932193,0.32315400987196785
59.333333333333336,0.503949249916155,0.17438903916357454,0.12034613867196813,0.20131557224830238,0.32166171092027046
60.666666666666664,0.5397607676943145,0.14661845954256253,0.14076584353706362,0.17285492922605944,0.31362077276312306
62.0,0.5667213896109798,0.12538607002324367,0.15827754223446303,0.14961499813131354,0.30789254036577657
62.0,0.5667213896109798,0.12538607002324367,0.15827754223446303,0.14961499813131354,0.30789254036577657
63.333333333333336,0.5515133611393503,0.1463552645760319,0.12608330322535807,0.17604807105925974,0.3021313742846178
64.66666666666667,0.5185570103079544,0.1679294438674982,0.10765628747224382,0.20585725835230356,0.3135135458245474
66.0,0.48577666724845353,0.1858045741320598,0.09466154198811895,0.23375721663136775,0.32841875861948666
66.0,0.48577666724845353,0.1858045741320598,0.09466154198811895,0.23375721663136775,0.32841875861948666
67.33333333333333,0.5169007068743672,0.1577314478928346,0.12160046418014438,0.20376738105265377,0.3253678452327981
68.66666666666667,0.5508631153769109,0.13302816964963504,0.14191809246787862,0.17419062250557546,0.31610871497345405
70.0,0.5762241095382249,0.11416786802766607,0.15931184889252545,0.15029617354158362,0.309608022434109
70.0,0.5762241095382249,0.11416786802766607,0.15931184889252545,0.15029617354158362,0.309608022434109
71.33333333333333,0.5615066426876307,0.13429266566883427,0.12717699981637234,0.17702369182716274,0.3042006916435351
72.66666666666667,0.528557151395417,0.15536097932605347,0.10881569071385509,0.20726617856467439,0.31608186927852944
74.0,0.49531160829659326,0.17325636718507761,0.09581787372124428,0.23561415079708473,0.33143202451832904
74.0,0.49531160829659326,0.17325636718507761,0.09581787372124428,0.23561415079708473,0.33143202451832904
75.33333333333333,0.5247209451177335,0.14759492584775352,0.12278730796888229,0.2048968210656307,0.327684129034513
76.66666666666667,0.5573047128742553,0.12486913930897908,0.14300188319135151,0.17482426462541414,0.31782614781676566
78.0,0.5815657371984778,0.10750468211205426,0.16028324741485342,0.1506463332746145,0.3109295806894679
78.0,0.5815657371984778,0.10750468211205426,0.16028324741485342,0.1506463332746145,0.3109295806894679
79.33333333333333,0.5671608371698273,0.12715886087861047,0.1280531419385547,0.17762716001300743,0.30568030195156215
80.66666666666667,0.5342025171826148,0.1479449100447164,0.10964555510139408,0.2082070176712749,0.317852572772669
82.0,0.5006506292952491,0.1658640036051856,0.09658774287878405,0.23689762422078137,0.3334853670995654
82.0,0.5006506292952491,0.1658640036051856,0.09658774287878405,0.23689762422078137,0.3334853670995654
83.33333333333333,0.528983781860234,0.14167106661830148,0.12356861091104887,0.20577654061041567,0.32934515152146454
84.66666666666667,0.5607374345228053,0.12013518728233892,0.1437149409751881,0.17541243721966757,0.3191273781948557
86.0,0.5843603316753337,0.10366083017745337,0.1609226155413937,0.15105622260581913,0.31197883814721283
86.0,0.5843603316753337,0.10366083017745337,0.1609226155413937,0.15105622260581913,0.31197883814721283
87.33333333333333,0.5701358082812604,0.12304330928014391,0.12860004710005826,0.17822083533853736,0.3068208824385956
88.66666666666667,0.5371713030666346,0.14365983146456898,0.11014051412585682,0.20902835134293962,0.3191688654687964
90.0,0.5034445106913551,0.1615840950227601,0.09703177820575372,0.23793961608013112,0.3349713942858848
90.0,0.5034445106913551,0.1615840950227601,0.09703177820575372,0.23793961608013112,0.3349713942858848
91.33333333333333,0.5311760713599881,0.1382574421586894,0.12401680936382685,0.20654967711749558,0.3305664864813224
92.66666666666667,0.56247661849211,0.11741972250412262,0.14412397558043066,0.17597968342333659,0.32010365900376725
94.0,0.5857591535277324,0.10146414787158735,0.1612894163376984,0.15148728226298183,0.31277669860068025
94.0,0.5857591535277324,0.10146414787158735,0.1612894163376984,0.15148728226298183,0.31277669860068025
95.33333333333333,0.5716317340710473,0.12068767326869964,0.12890517259589468,0.17877542006435831,0.307680592660253
96.66666666666667,0.5386636524002719,0.14119991237316687,0.11040957645808738,0.20972685876847383,0.32013643522656127
98.0,0.504843478324201,0.1591187279013071,0.09726828758382766,0.23876950619066428,0.33603779377449194
98.0,0.504843478324201,0.1591187279013071,0.09726828758382766,0.23876950619066428,0.33603779377449194
99.33333333333333,0.5322600361808103,0.13629698561420392,0.12425468563663455,0.20718829256835122,0.33144297820498575
100.66666666666667,0.563327292146773,0.11586520340141071,0.1443410221431745,0.17646648230864181,0.3208075044518163
102.0,0.5864376303784282,0.10020992663636435,0.16148396626177178,0.15186847672343548,0.31335244298520726
102.0,0.5864376303784282,0.10020992663636435,0.16148396626177178,0.15186847672343548,0.31335244298520726
103.33333333333333,0.5723601383643209,0.11933958187102281,0.12906411573866525,0.17923616402599113,0.30830027976465635
104.66666666666667,0.5393901583796538,0.13978702299366827,0.11054730536754684,0.2102755132591311,0.32082281862667794
106.0,0.5055222206811635,0.1576968678532546,0.09738765298087797,0.23939325848470394,0.33678091146558187
106.0,0.5055222206811635,0.1576968678532546,0.09738765298087797,0.23939325848470394,0.33678091146558187
107.33333333333333,0.5327807870372686,0.1351685140462964,0.12437439161248748,0.2076763073039476,0.33205069891643507
108.66666666666667,0.5637326406541302,0.11497242180123718,0.14445018795335635,0.1768447495912762,0.32129493754463256
110.0,0.5867591192325948,0.09949095148855593,0.16158171397722795,0.15216821530162136,0.31374992927884937
110.0,0.5867591192325948,0.09949095148855593,0.16158171397722795,0.15216821530162136,0.31374992927884937
111.33333333333333,0.572706577537452,0.11856465990225565,0.12914293698169457,0.17958582557859792,0.30872876256029247
112.66666666666667,0.5397357328429812,0.1389716235545031,0.1106147383881346,0.2106779052143812,0.3212926436025158
114.0,0.5058441305770236,0.1568726609392776,0.09744549126919402,0.2398377172145048,0.33728320848369886
114.0,0.5058441305770236,0.1568726609392776,0.09744549126919402,0.2398377172145048,0.33728320848369886
115.33333333333333,0.5330258143176487,0.13451513384020744,0.12443223500246112,0.20802681683968283,0.3324590518421439
116.66666666666667,0.5639222188049621,0.11445629793350683,0.14450288740010514,0.1771185958614259,0.321621483261531
118.0,0.5869090340213732,0.09907581997628549,0.16162881634538923,0.152386329656952,0.31401514600234126
118.0,0.5869090340213732,0.09907581997628549,0.16162881634538923,0.152386329656952,0.31401514600234126
119.33333333333333,0.572868781691501,0.11811589208193457,0.12918054051648348,0.17983478571008102,0.30901532622656447
120.66666666666667,0.5398976524504824,0.13849751087933646,0.11064660129009428,0.21095823538008682,0.3216048366701811
122.0,0.5059946073767696,0.15639132231408068,0.09747261497568974,0.2401414553334599,0.33761407030914964
122.0,0.5059946073767696,0.15639132231408068,0.09747261497568974,0.2401414553334599,0.33761407030914964
123.33333333333333,0.5331396441325806,0.13413377641199056,0.1244592819542948,0.2082672975011341,0.3327265794554289
124.66666666666667,0.5640099497028407,0.11415533606369324,0.1445274909130246,0.1773072233204416,0.3218347142334662
126.0,0.5869784163807154,0.09883392277375182,0.1616507447817214,0.15253691606381145,0.31418766084553285
126.0,0.5869784163807154,0.09883392277375182,0.1616507447817214,0.15253691606381145,0.31418766084553285
127.33333333333333,0.5729442062275137,0.1178536200800146,0.1291979119725602,0.18000426171991152,0.30920217369247177
128.66666666666666,0.5399730732197098,0.13821936754348169,0.110661219821487,0.21114633941532157,0.32180755923680854
130.0,0.506064589898252,0.15610778803064496,0.09748499943896052,0.24034262263214243,0.337827622071103
130.0,0.506064589898252,0.15610778803064496,0.09748499943896052,0.24034262263214243,0.337827622071103
131.33333333333334,0.533192360244925,0.1339091681428006,0.12447158993034207,0.20842688168193232,0.3328984716122744
132.66666666666666,0.5640505297302847,0.11397816255344535,0.14453866019971776,0.17743264751655222,0.32197130771626997
134.0,0.5870106330391189,0.09869156493198886,0.16166065689181108,0.1526371451370812,0.3142978020288923
134.0,0.5870106330391189,0.09869156493198886,0.16166065689181108,0.1526371451370812,0.3142978020288923
135.33333333333334,0.572979424957548,0.11769884769033574,0.12920572105565806,0.18011600629645821,0.30932172735211627
136.66666666666666,0.5400083951730982,0.1380546704971335,0.11066776595587005,0.21126916837389842,0.32193693432976844
138.0,0.506097351346982,0.15593930081987095,0.09749053683834016,0.2404728109948068,0.3379633478331469
138.0,0.506097351346982,0.15593930081987095,0.09749053683834016,0.2404728109948068,0.3379633478331469
139.33333333333334,0.5332169979244873,0.13377567743882188,0.12447707059637235,0.2085302540403185,0.33300732463669086
140.66666666666666,0.5640695359002474,0.11387287769166173,0.14454361576182598,0.17751397064626478,0.3220575864080908
142.0,0.5870258481699085,0.098606971248839,0.16166502610798425,0.1527021544732682,0.31436718058125246
142.0,0.5870258481699085,0.098606971248839,0.16166502610798425,0.1527021544732682,0.31436718058125246
143.33333333333334,0.5729961652413891,0.1176066573504566,0.12920915383241613,0.1801880235757382,0.30939717740815437
144.66666666666666,0.5400252588052915,0.13795628822709152,0.11067064406308816,0.21134780890452878,0.32201845296761694
146.0,0.5061130089484499,0.15583835884163394,0.09749297902861911,0.2405556531812971,0.33804863220991627
146.0,0.5061130089484499,0.15583835884163394,0.09749297902861911,0.2405556531812971,0.33804863220991627
147.33333333333334,0.5332287918364625,0.1336956769441353,0.12447947527370593,0.20859605594569627,0.3330755312194022
148.66666666666666,0.5640786890985784,0.113809775047868,0.14454577823774048,0.17756575761581322,0.3221115358535537
150.0,0.5870332707689857,0.09855626171050376,0.16166691412283563,0.1527435533976748,0.31441046752051044
150.0,0.5870332707689857,0.09855626171050376,0.16166691412283563,0.1527435533976748,0.31441046752051044
151.33333333333334,0.5730043878065003,0.1175512858701557,0.12921063917393308,0.18023368714941088,0.30944432632334395
152.66666666666666,0.5400335891474433,0.13789706364770932,0.11067189712372844,0.21139745008111888,0.3220693472048473
154.0,0.506120764192184,0.15577745392211753,0.09749405279834875,0.2406077290873497,0.33810178188569845
154.0,0.506120764192184,0.15577745392211753,0.09749405279834875,0.2406077290873497,0.33810178188569845
155.33333333333334,0.5332346636834826,0.13364738861723197,0.12448052563140023,0.20863742206788527,0.3331179476992855
156.66666666666666,0.5640832908377034,0.11377167781462676,0.14454671531832416,0.17759831602934564,0.3221450313476698
158.0,0.5870370637770971,0.09852563862920434,0.16166772049815858,0.15276957709554004,0.3144372975936986
158.0,0.5870370637770971,0.09852563862920434,0.16166772049815858,0.15276957709554004,0.3144372975936986
159.33333333333334,0.5730086164403164,0.11751779667322286,0.12921127844276992,0.1802623084436908,0.3094735868864607
160.66666666666666,0.5400379002674432,0.1378611828457196,0.11067244460759104,0.21142847227924608,0.3221009168868371
162.0,0.5061247938986345,0.15574049234688792,0.09749453100069269,0.24064018275378488,0.3381347137544775
162.0,0.5061247938986345,0.15574049234688792,0.09749453100069269,0.24064018275378488,0.3381347137544775
163.33333333333334,0.5332377397734596,0.1336180720649981,0.12448098967278953,0.20866319848875295,0.33314418816154245
164.66666666666666,0.5640857308708538,0.11374854196215636,0.14454712476747045,0.17761860239951938,0.3221657271669898
166.0,0.5870391097670413,0.09850703619031553,0.16166806566818076,0.1527857883744624,0.31445385404264314
166.0,0.5870391097670413,0.09850703619031553,0.16166806566818076,0.1527857883744624,0.31445385404264314
167.33333333333334,0.573010908768203,0.11749743038911029,0.12921155678088647,0.18028010406180012,0.3094916608426866
168.66666666666666,0.5400402512168443,0.13783933549510863,0.11067268950109814,0.21144772378694898,0.3221204132880471
170.0,0.5061270017207686,0.15571796005068683,0.09749475144329796,0.24066028678524648,0.3381550382285444
170.0,0.5061270017207686,0.15571796005068683,0.09749475144329796,0.24066028678524648,0.3381550382285444
171.33333333333334,0.533239441409409,0.13360019374232035,0.12448120169029829,0.2086791631579724,0.3331603648482707
172.66666666666666,0.5640870972462627,0.11373442880332797,0.14454730925018683,0.17763116470022244,0.32217847395040927
174.0,0.5870402728974713,0.0984956851704556,0.16166821707889262,0.15279582485318055,0.3144640419320731
174.0,0.5870402728974713,0.0984956851704556,0.16166821707889262,0.15279582485318055,0.3144640419320731
175.33333333333334,0.5730122158853888,0.11748499336242191,0.12921168245451672,0.18029110829767261,0.30950279075218934
176.66666666666666,0.5400415980896718,0.13782598305673852,0.11067280454395295,0.21145961430963672,0.3221324188535897
178.0,0.5061282722889389,0.15570417811705287,0.09749485915134443,0.24067269044266384,0.3381675495940083
178.0,0.5061282722889389,0.15570417811705287,0.09749485915134443,0.24067269044266384,0.3381675495940083
179.33333333333334,0.533240429757325,0.1335892549903046,0.12448130442231357,0.20868901083005675,0.33317031525237034
180.66666666666666,0.5640878991279843,0.11372579145027299,0.14454739730341967,0.17763891211832303,0.32218630942174276
182.0,0.5870409631628638,0.09848873645539089,0.16166828720885393,0.15280201317289147,0.3144703003817454
182.0,0.5870409631628638,0.09848873645539089,0.16166828720885393,0.15280201317289147,0.3144703003817454
183.33333333333334,0.5730129925027464,0.11747737590450437,0.129211743008459,0.18029788858429005,0.3095096315927491
184.66666666666666,0.5400424008326616,0.13781780069433874,0.11067286265579682,0.21146693581720263,0.32213979847299945
186.0,0.5061290323392544,0.15569572846757837,0.09749491585733917,0.2406803233358281,0.3381752391931673
186.0,0.5061290323392544,0.15569572846757837,0.09749491585733917,0.2406803233358281,0.3381752391931673
187.33333333333334,0.5332410254690914,0.13358254677232398,0.12448135819337003,0.20869506956521455,0.3331764277585846
188.66666666666666,0.5640883861029333,0.11372049335731674,0.14454744280158496,0.17764367773816497,0.3221911205397499
190.0,0.5870413852772283,0.09848447322541778,0.16166832249502538,0.15280581900232856,0.3144741414973539
190.0,0.5870413852772283,0.09848447322541778,0.16166832249502538,0.15280581900232856,0.3144741414973539
191.33333333333334,0.5730134673341752,0.1174727009083038,0.12921177479307389,0.18030205696444704,0.30951383175752095
192.66666666666666,0.5400428924615919,0.1378127775206091,0.11067289453006188,0.211471435487737,0.32214433001779885
194.0,0.5061294990510683,0.15569053982629205,0.09749494803759601,0.2406850130850437,0.3381799611226397
194.0,0.5061294990510683,0.15569053982629205,0.09749494803759601,0.2406850130850437,0.3381799611226397
195.33333333333334,0.5332413932683149,0.13357842666639497,0.12448138863840094,0.2086987914268892,0.33318018006529015
196.66666666666666,0.5640886882035566,0.11371723872288969,0.14454746836121668,0.17764660471233695,0.32219407307355363
198.0,0.5870416480611915,0.09848185384862963,0.16166834199341562,0.15280815609676324,0.31447649809017886
198.0,0.5870416480611915,0.09848185384862963,0.16166834199341562,0.15280815609676324,0.31447649809017886
199.33333333333334,0.5730137626564056,0.11746982804188898,0.12921179296799126,0.18030461633371422,0.3095164093017055
200.66666666666666,0.5400431984191162,0.13780969025389703,0.11067291332873644,0.21147419799825032,0.3221471113269868
202.0,0.5061297899948535,0.1556873504880925,0.0974949674228925,0.24068789209416155,0.33818285951705407
202.0,0.5061297899948535,0.1556873504880925,0.0974949674228925,0.24068789209416155,0.33818285951705407
203.33333333333334,0.5332416233643681,0.13357589375595566,0.12448140699307869,0.20870107588659745,0.33318248287967617
204.66666666666666,0.564088877690599,0.1137152375827242,0.1445474837336723,0.17764840099300436,0.32219588472667665
206.0,0.5870418130786339,0.09848024308315138,0.16166835366366503,0.15280959017454962,0.31447794383821465
206.0,0.5870418130786339,0.09848024308315138,0.16166835366366503,0.15280959017454962,0.31447794383821465
207.33333333333334,0.573013947874673,0.11746806126063121,0.12921180406704946,0.18030618679764632,0.3095179908646958
208.66666666666666,0.5400433902987448,0.13780779153807557,0.11067292498719238,0.2114758931759872,0.3221488181631796
210.0,0.5061299726365782,0.1556853889525191,0.09749497955342998,0.24068965885747268,0.3381846384109027
210.0,0.5061299726365782,0.1556853889525191,0.09749497955342998,0.24068965885747268,0.3381846384109027
211.33333333333334,0.5332417681085995,0.133574335775905,0.12448141850807061,0.2087024776074249,0.33318389611549554
212.66666666666666,0.5640889970232539,0.11371400655520059,0.14454749339149633,0.17764950303004923,0.32219699642154553
214.0,0.5870419169764666,0.09847925209963751,0.16166836102084206,0.15281046990305383,0.31447883092389595
214.0,0.5870419169764666,0.09847925209963751,0.16166836102084206,0.15281046990305383,0.31447883092389595
215.33333333333334,0.5730140643432006,0.11746697427650386,0.1292118111157543,0.18030715026454128,0.30951896138029555
216.66666666666666,0.5400435109083396,0.13780662340407793,0.11067293241787209,0.2114769332697105,0.3221498656875826
218.0,0.506130087494515,0.15568418221040947,0.09749498729023713,0.24069074300483825,0.3381857302950754
218.0,0.506130087494515,0.15568418221040947,0.09749498729023713,0.24069074300483825,0.3381857302950754
219.33333333333334,0.5332418592306956,0.1335733772314296,0.12448142587512097,0.20870333766275384,0.3331847635378748
220.66666666666666,0.5640890721639549,0.11371324910650722,0.14454749959061805,0.17765017913891987,0.3221976787295379
222.0,0.5870419823360108,0.09847864230544026,0.16166836577800114,0.1528110095805478,0.314479375358549
222.0,0.5870419823360108,0.09847864230544026,0.16166836577800114,0.1528110095805478,0.314479375358549
223.33333333333334,0.5730141375267163,0.11746630542347858,0.12921181567010837,0.18030774137969688,0.30951955704980527
224.66666666666666,0.5400435866530254,0.13780590465335446,0.11067293720396544,0.2114775714896548,0.3221505086936202
226.0,0.5061301596390353,0.15568343975008525,0.09749499225510007,0.24069140835577948,0.33818640061087957
226.0,0.5061301596390353,0.15568343975008525,0.09749499225510007,0.24069140835577948,0.33818640061087957
227.33333333333334,0.5332419164900457,0.13357278744848325,0.12448143061668025,0.20870386544479075,0.333185296061471
228.66666666666666,0.5640891193673544,0.11371278302942614,0.14454750359542815,0.17765059400779132,0.3221980976032195
230.0,0.587042023344247,0.09847826706519341,0.16166836887650843,0.15281134071405109,0.3144797095905595
