Generation,xOC,xOB,xMMd,xMMr,total xMM
0.0,0.30434782608695654,0.34782608695652173,0.30434782608695654,0.043478260869565216,0.34782608695652173
1.0344827586206897,0.42322861553572155,0.23931157055715174,0.30382323095798147,0.03363658294914543,0.33745981390712687
2.0689655172413794,0.45598101091983223,0.17627976201415843,0.33988644011651614,0.027852786949493086,0.36773922706600926
3.1034482758620694,0.46264461044806476,0.13161626233648355,0.3826649412980946,0.023074185917357153,0.40573912721545174
4.137931034482759,0.45695213926365513,0.09882686777080137,0.42525783431089204,0.018963158654651438,0.4442209929655434
5.172413793103448,0.4440216623432511,0.0747022215419174,0.4657783043693071,0.015497811745524418,0.4812761161148315
6.206896551724139,0.4266655088984748,0.05696403017436217,0.503729028975477,0.012641431951685995,0.516370460927163
7.241379310344828,0.4067540762054816,0.04389441401871829,0.5390283133215606,0.01032319645423947,0.5493515097758002
8.275862068965518,0.38559698565675,0.03421681557931412,0.5717275018775625,0.008458696886373384,0.5801861987639358
9.310344827586208,0.36410853433920337,0.027000233398847433,0.6019256762092297,0.00696555605271967,0.6088912322619493
10.344827586206897,0.3429130207391923,0.02157352141580059,0.6297425274332986,0.005770930411708393,0.635513457845007
11.379310344827587,0.32242237463524476,0.017455231615016532,0.6553085869985151,0.004813806751223523,0.6601223937497387
12.413793103448278,0.3028947539148046,0.014300029773900881,0.6787605514275179,0.004044664883776744,0.6828052163112946
13.448275862068966,0.2844784484658,0.011859433629986434,0.7002380659812104,0.0034240519230030464,0.7036621179042135
14.482758620689657,0.26724442115356506,0.009953705901188086,0.7198810036337608,0.0029208693114860366,0.7228018729452469
15.517241379310345,0.2512102033775043,0.008451971783323345,0.7378270840471226,0.0025107407920496485,0.7403378248391722
16.551724137931036,0.23635730286663084,0.007258222838612227,0.754209872339987,0.002174601954769955,0.756384474294757
17.586206896551726,0.22264378512141733,0.006301468363577205,0.7691572047544832,0.0018975417605223172,0.7710547465150055
18.620689655172416,0.21001328540847689,0.005528787680633818,0.7827900485766358,0.0016678783342536324,0.7844579269108894
19.655172413793103,0.19840139264339943,0.00490040714314158,0.7952217659543482,0.0014764342591106695,0.7966982002134589
20.689655172413794,0.18774010744121863,0.004386192047201339,0.8065577264721752,0.001315974039404873,0.8078737005115801
21.724137931034484,0.17796089311916083,0.003963130559226927,0.8168952064690953,0.0011807698525168084,0.8180759763216121
22.758620689655174,0.1689967147095175,0.0036135167161465013,0.8263235013622031,0.0010662672121329628,0.827389768574336
23.793103448275865,0.1607833363886737,0.0033236287615599778,0.8349242071868685,0.0009688276628976925,0.8358930348497663
24.827586206896555,0.15326010626560993,0.0030827607433828413,0.8427716024364112,0.00088553055459603,0.8436571329910072
25.862068965517242,0.14637036968400996,0.002882507753911572,0.8499331025496668,0.0008140200124116821,0.8507471225620785
26.896551724137932,0.1400616273482321,0.002716234617947023,0.8564697515408279,0.0007523864929929328,0.8572221380338209
27.931034482758623,0.13428552549832534,0.0025786781130249722,0.862436721622971,0.0006990747656787619,0.8631357963886497
28.965517241379313,0.12899773346140217,0.0024656471317287135,0.8678838072161084,0.0006528121907607126,0.8685366194068691
30.0,0.12415774879766961,0.002373795227783235,0.8728559033883001,0.0006125525862469779,0.8734684559745471
30.0,0.12415774879766961,0.002373795227783235,0.8728559033883001,0.0006125525862469779,0.8734684559745471
30.903010033444815,0.7094351708515187,0.024440979685114005,0.25967930776122783,0.0064445417021394575,0.26612384946336726
31.806020066889634,0.8554760639607951,0.07090013744763779,0.048285768575125745,0.025338030016441245,0.07362379859156698
32.709030100334445,0.727661399688012,0.1498149118355015,0.017217695569947157,0.10530599290653925,0.12252368847648641
33.61204013377927,0.450443298215139,0.21234589900606307,0.007222705984706785,0.329988096794091,0.3372108027787978
34.51505016722408,0.19788845504582248,0.1849896675963426,0.002451002758054356,0.6146708745997805,0.617121877357835
35.4180602006689,0.07813714929649572,0.11946161689374893,0.0007716284977126404,0.8016296053120426,0.8024012338097553
36.32107023411371,0.035019093922397077,0.0699322983242356,0.0002837772234499572,0.8947648305299173,0.8950486077533673
37.22408026755853,0.019701795950890246,0.04097226892754786,0.00013761277272045577,0.9391883223488414,0.9393259351215619
38.12709030100334,0.014095915707637286,0.025080845110178246,9.040650181543743e-05,0.960732832680369,0.9608232391821845
39.030100334448164,0.012408798237296284,0.01632025785882389,7.777907960197395e-05,0.9711931648242779,0.9712709439038798
39.93311036789298,0.012755806046491429,0.011317784833334529,8.216447164433589e-05,0.9758442446485297,0.975926409120174
40.836120401337794,0.014518146728065456,0.008317814544438825,9.944703587228947e-05,0.9770645916916234,0.9771640387274958
41.73913043478261,0.017504103357408,0.006420697427402802,0.00013001952970823966,0.9759451796854809,0.9760751992151891
42.642140468227424,0.021646082919940954,0.0051576379667676595,0.00017581717370140394,0.9730204619395899,0.9731962791132913
43.54515050167224,0.026873536177861475,0.004276285956809335,0.00023887295895199236,0.9686113049063771,0.9688501778653291
44.448160535117054,0.033059375478450455,0.00363539576861783,0.0003203603978151706,0.9629848683551165,0.9633052287529318
45.35117056856187,0.04000772734324109,0.0031526406009742443,0.0004199816996439324,0.9564196503561406,0.9568396320557846
46.254180602006684,0.0474676082082126,0.0027780954325534613,0.0005357449060298567,0.9492185514532041,0.9497542963592339
47.1571906354515,0.055160222368336925,0.002480312644335055,0.0006641285442138807,0.9416953364431141,0.942359464987328
48.06020066889632,0.06280922350831866,0.002238752475047224,0.0008005370731993315,0.9341514869434346,0.934952024016634
48.96321070234114,0.07016629092048264,0.002039528989350418,0.0009398933995504071,0.9268542866906165,0.927794180090167
49.86622073578595,0.07702814958444687,0.001872945098584334,0.0010772175992068052,0.920021687717762,0.9210989053169689
50.76923076923077,0.0832444629121992,0.0017320235643742635,0.001208087061078159,0.9138154264623484,0.9150235135234264
51.67224080267559,0.0887181217722663,0.001611607980866868,0.0013289311522400441,0.9083413390946268,0.9096702702468668
52.575250836120404,0.09340027833712279,0.0015077979310790105,0.0014371618575250997,0.9036547618742731,0.9050919237317981
53.47826086956522,0.09728250313198064,0.0014175844900584603,0.0015311713440336354,0.8997687410339273,0.901299912377961
54.381270903010034,0.10038790989811738,0.0013386084329232288,0.0016102376714306086,0.8966632439975287,0.8982734816689594
55.28428093645485,0.10276251611511575,0.0012689952882283435,0.0016743788470521947,0.8942941097496038,0.895968488596656
56.187290969899664,0.10446756638952673,0.0012072396669820453,0.0017241874385267638,0.8926010065049644,0.8943251939434912
57.09030100334448,0.10557312695882431,0.0011521220137555622,0.0017606680124767203,0.8915140830149434,0.89327475102742
57.993311036789294,0.10615304241732088,0.0011026472012744882,0.0017850915108483733,0.8909592188705563,0.8927443103814047
58.89632107023411,0.10628112167897194,0.0010579983175681691,0.001798873531746665,0.8908620064717132,0.8926608800034599
59.799331103678924,0.10602842307036635,0.001017501226546213,0.0018034774065421126,0.8911505982965453,0.8929540757030875
60.702341137123746,0.1054614241059755,0.0009805969776227172,0.0018003421572257516,0.8917576367591761,0.8935579789164018
61.60535117056856,0.10464090848711934,0.000946820105489349,0.0017908316853476303,0.8926214397220437,0.8944122714073913
62.508361204013376,0.10362139390312483,0.0009157813128507416,0.0017762021761617596,0.8936866226078626,0.8954628247840244
63.41137123745819,0.10245095935209339,0.0008871536766853619,0.0017575830637203698,0.8949043039075009,0.8966618869712213
64.314381270903,0.10117136612722578,0.0008606614208376474,0.0017359698766610712,0.8962320025752756,0.8979679724519366
65.21739130434781,0.09981837141671039,0.0008360708943366247,0.0017122240340495137,0.8976333336549035,0.899345557688953
66.12040133779264,0.09842216526499133,0.0008131832053123656,0.0016870786069045603,0.8990775729227917,0.9007646515296963
67.02341137123746,0.09700787432403832,0.0007918282259766029,0.0016611473954106872,0.9005391500545744,0.9022002974499852
67.92642140468227,0.09559609920765905,0.0007718596835436643,0.0016349360089169022,0.9019971050998803,0.9036320411087972
68.82943143812709,0.09420344535243161,0.0007531511583051637,0.0016088537440769122,0.9034345497451862,0.9050434034892632
69.7324414715719,0.09284303932118755,0.0007355927895378811,0.0015832256196892929,0.9048381422695853,0.9064213678892745
70.63545150501672,0.09152501083394411,0.0007190885764898626,0.0015583039715366665,0.9061975966180293,0.907755900589566
71.53846153846153,0.090256934540962,0.0007035541618000959,0.001534279205453334,0.9075052320917846,0.9090395112972379
72.44147157190636,0.08904423606344751,0.0006889149967911261,0.0015112895254823858,0.908755559414279,0.9102668489397614
73.34448160535118,0.08789053529766695,0.000675104849410608,0.0014894299447038282,0.9099449299082186,0.9114343598529224
74.24749163879599,0.08679796943221264,0.0006620645521915442,0.001468759667869712,0.9110712063477261,0.9125399660155958
75.15050167224081,0.08576746176122088,0.0006497409727132026,0.0014493089531718117,0.9121334883128941,0.9135827972660658
76.05351170568562,0.08479895435423256,0.000638086170465207,0.0014310847546952278,0.9131318747206071,0.9145629594753023
76.95652173913044,0.08389161311675872,0.0006270566742847387,0.001414075643899337,0.9140672545650572,0.9154813302089565
77.85953177257525,0.08304399340296509,0.0006166129014136016,0.0013982559460292568,0.914941137749592,0.9163393936956213
78.76254180602007,0.0822541899208536,0.0006067186546015504,0.0013835890211789672,0.9157555024033659,0.9171390914245449
79.66555183946488,0.0815199517070077,0.0005973407122349094,0.0013700302718649329,0.9165126773088925,0.9178827075807574
80.5685618729097,0.08083878483743191,0.0005884484750497031,0.001357529388166868,0.9172152372993515,0.9185727666875183
81.47157190635451,0.08020803410437546,0.0005800136701526275,0.0013460322861902816,0.9178659199392817,0.919211952225472
82.37458193979933,0.07962495027091243,0.000572010103412764,0.0013354826326048169,0.9184675569930699,0.9198030396256748
83.27759197324414,0.07908674613578234,0.0005644134381728512,0.0013258230871721706,0.9190230173388727,0.9203488404260448
84.18060200668896,0.0785906387061712,0.0005572010104128528,0.0013169963578460156,0.9195351639255699,0.9208521602834159
85.08361204013377,0.07813388505733597,0.0005503516725045378,0.0013089458843473407,0.9200068173858121,0.9213157632701595
85.98662207357859,0.07771380907788122,0.000543845654496659,0.001301616477031487,0.9204407287905906,0.9217423452676221
86.8896321070234,0.07732782160974057,0.0005376644413634081,0.001294954774790379,0.9208395591741056,0.922134513948896
87.79264214046822,0.07697343691506547,0.0005317906711709289,0.0012889095394411816,0.9212058628743224,0.9224947724137637
88.69565217391303,0.07664828218618294,0.000526208036200845,0.0012834319549693512,0.9215420778226469,0.9228255097776162
89.59866220735785,0.07635010528297474,0.000520901205123491,0.0012784757279938237,0.9218505177839079,0.9231289935119018
90.50167224080266,0.07607677963713366,0.000515855746787886,0.0012739971736239568,0.9221333674424544,0.9234073646160784
91.40468227424749,0.0758263044953781,0.0005110580664854678,0.0012699553077096426,0.9223926821304268,0.9236626374381364
92.3076923076923,0.07559680656138097,0.0005064953439712763,0.0012663117660625775,0.9226303863285852,0.9238966980946477
93.21070234113712,0.0753865364459728,0.0005021554824802162,0.00126303083847496,0.9228482772330721,0.924111308071547
94.11371237458194,0.07519386673656152,0.0004980270608394123,0.0012600793469386474,0.9230480268556603,0.9243081062025991
95.01672240802675,0.07501728793019892,0.0004940992878477494,0.0012574265868000934,0.9232311861951532,0.9244886127819534
95.91973244147157,0.07485540349065424,0.0004903619622576217,0.0012550442402278056,0.9233991903068604,0.9246542345470882
96.82274247491638,0.07470692484995636,0.00048680543658104913,0.0012529062491420631,0.9235533634643206,0.9248062697134626
97.7257525083612,0.07457066603204067,0.00048342058301531596,0.001250988695624687,0.9236949246893192,0.9249459133849439
98.62876254180601,0.07444553781475287,0.00048019876192800185,0.0012492696926753204,0.9238249937306438,0.9250742634233191
99.53177257525083,0.07433054192897852,0.00047713179280404615,0.0012477292622550794,0.9239445970159624,0.9251923262782176
100.43478260869564,0.07422476529860653,0.00047421192759376367,0.0012463492064665224,0.9240546735673332,0.9253010227737997
101.33779264214047,0.07412737426468466,0.00047143182596539424,0.001245112985659684,0.9241560809236902,0.9254011939093498
102.24080267558529,0.07403760893982296,0.00046878453209513486,0.001244005602234302,0.9242496009258476,0.9254936065280819
103.1438127090301,0.07395477778657018,0.00046626345290654307,0.0012430134866616674,0.9243359452738618,0.9255789587605233
104.04682274247492,0.07387825243678134,0.0004638623381341588,0.0012421243855266061,0.9244157608395579,0.9256578852250845
104.94983277591973,0.0738074626746247,0.0004615752603087386,0.0012413272570043947,0.9244896348080621,0.9257309620650666
105.85284280936455,0.07374189167133133,0.0004593965980916233,0.001240612167086638,0.9245580995634903,0.925798711730577
106.75585284280936,0.07368107151539666,0.00045732101943652634,0.0012399701978566217,0.9246216372673102,0.9258616074651668
107.65886287625418,0.07362457885588247,0.0004553434651702976,0.0012393933535395142,0.9246806843254077,0.9259200776789472
108.56187290969899,0.073572031128292,0.00045345913567779975,0.0012388744812474829,0.9247356352547826,0.92597450973603
109.4648829431438,0.07352308290211644,0.000451663476108168,0.0012384071922085286,0.924786846429567,0.9260252536217756
110.36789297658862,0.07347742224637895,0.0004499521632739951,0.0012379857852478494,0.9248346398050992,0.926072625590347
111.27090301003344,0.07343476788546159,0.0004483210936118514,0.0012376051858345486,0.924879305835092,0.9261169110209265
112.17391304347825,0.07339486616273665,0.00044676637146451423,0.0012372608823139496,0.9249211065834849,0.9261583674657988
113.07692307692307,0.07335748818811286,0.00044528429788997354,0.0012369488647654273,0.9249602786492318,0.9261972275139972
113.9799331103679,0.07332242762407801,0.0004438713607056522,0.0012366655782020267,0.9249970354370143,0.9262337010152163
114.88294314381271,0.07328949840298982,0.0004425242245241496,0.0012364078737596759,0.9250315694987263,0.9262679773724861
115.78595317725753,0.07325853248545097,0.0004412397214315344,0.0012361729612482269,0.9250640548318693,0.9263002277931175
116.68896321070234,0.07322937825738371,0.00044001484236006096,0.0012359583752217706,0.9250946485250343,0.9263306069002561
117.59197324414716,0.07320189879130365,0.00043884672875988133,0.0012357619383717535,0.9251234925415648,0.9263592544799366
118.49498327759197,0.07317597016822057,0.00043773266470369256,0.0012355817257762905,0.9251507154412995,0.9263862971670758
119.39799331103679,0.07315148027501396,0.0004366700695621925,0.0012354160397626808,0.9251764336156612,0.9264118496554239
120.3010033444816,0.07312832754956589,0.00043565649100996975,0.0012352633834293643,0.9252007525759948,0.9264360159594242
121.20401337792642,0.07310641973978126,0.0004346895983067583,0.001235122434550538,0.9252237682273614,0.9264588906619119
122.10702341137123,0.07308567301924242,0.0004337671760853743,0.0012349920272181096,0.9252455677774541,0.9264805598046723
123.01003344481605,0.07306601111126597,0.0004328871184095423,0.0012348711336985928,0.9252662306366259,0.9265011017703245
123.91304347826086,0.07304736438709249,0.0004320474230790184,0.0012347588455444052,0.925285829344284,0.9265205881898285
124.81605351170568,0.07302966921725663,0.000431246186320203,0.0012346543603514828,0.9253044302360717,0.9265390845964232
125.71906354515049,0.07301286737071053,0.0004304815977874023,0.0012345569695064477,0.9253220940619956,0.9265566510315021
126.62207357859532,0.07299690537371839,0.00042975193571083946,0.001234466045010642,0.9253388766455601,0.9265733426905708
127.52508361204013,0.07298173404046061,0.0004290555623887042,0.0012343810300672706,0.9253548293670834,0.9265892103971507
128.42809364548495,0.07296730807688376,0.0004283909199677168,0.0012343014312824934,0.925369999571866,0.9266043010031485
129.33110367892976,0.07295358556008075,0.00042775652621895573,0.001234226807966676,0.9253844311057337,0.9266186579137003
130.23411371237458,0.07294052767906932,0.0004271509707823956,0.001234156767289038,0.9253981645828592,0.9266323213501483
131.1371237458194,0.07292809847512356,0.0004265729116513239,0.0012340909595343983,0.9254112376536907,0.9266453286132251
132.0401337792642,0.07291626437238743,0.00042602107133536514,0.0012340290683576231,0.9254236854879195,0.9266577145562771
132.94314381270902,0.0729049942071393,0.0004254942341217494,0.001233970812302972,0.925435540746436,0.9266695115587389
133.84615384615384,0.07289425877860971,0.0004249912424898072,0.0012339159355743883,0.9254468340433261,0.9266807499789004
134.74916387959865,0.07288403080603953,0.0004245109944891695,0.0012338642077928217,0.9254575939916784,0.9266914581994712
135.65217391304347,0.07287428470565008,0.00042405244087519644,0.001233815419860125,0.9254678474336145,0.9267016628534747
136.55518394648828,0.07286499640843744,0.00042361458231414965,0.001233769380547802,0.9254776196287006,0.9267113890092484
137.4581939799331,0.07285614334537001,0.0004231964673310515,0.0012337259169044135,0.9254869342703946,0.926720660187299
138.36120401337791,0.07284770410290727,0.00042279718905152057,0.0012336848671945047,0.9254958138408467,0.9267294987080412
139.26421404682276,0.07283965863922014,0.00042241588425078873,0.0012336460861260138,0.925504279390403,0.926737925476529
140.16722408026754,0.07283198781656171,0.00042205172960409296,0.0012336094353635409,0.9255123510184706,0.9267459604538342
141.0702341137124,0.07282467371879099,0.000421703941554865,0.001233574791322323,0.9255200475483318,0.9267536223396542
141.97324414715717,0.07281769920617367,0.00042137177245954064,0.001233542035525679,0.925527386985841,0.9267609290213668
142.87625418060202,0.07281104817751279,0.0004210545106219941,0.001233511060267722,0.9255343862515976,0.9267678973118653
143.7792642140468,0.07280470526485042,0.000420751477000907,0.0012334817632577157,0.925541061494891,0.9267745432581487
144.68227424749165,0.07279865591933467,0.00042046202479754897,0.0012334540507842593,0.9255474280050836,0.9267808820558678
145.58528428093643,0.07279288628760529,0.0004201855370596502,0.0012334278346454,0.9255535003406897,0.926786928175335
146.48829431438128,0.07278738323598723,0.00041992142572742355,0.0012334030309658938,0.9255592923073195,0.9267926953382855
147.39130434782606,0.07278213427876072,0.0004196691299765662,0.0012333795601016067,0.925564817031161,0.9267981965912627
148.2943143812709,0.07277712750529079,0.00041942811518764486,0.0012333573497536074,0.9255700870297678,0.9268034443795216
149.1973244147157,0.07277235156675821,0.00041919787142193223,0.0012333363321308359,0.925575114229689,0.9268084505618197
150.10033444816054,0.0727677956161287,0.00041897791142379175,0.0012333164407552415,0.9255799100316924,0.9268132264724476
151.00334448160532,0.0727634494740281,0.00041876777224275977,0.0012332976140054961,0.9255844851397237,0.9268177827537293
151.90635451505017,0.07275930329464207,0.0004185670103402315,0.0012332797925228604,0.9255888499024948,0.9268221296950176
152.80936454849498,0.07275534772798797,0.000418375202893074,0.0012332629203115847,0.9255930141488075,0.926826277069119
153.7123745819398,0.07275157393220269,0.00041819194796497295,0.001233246947105536,0.9255969871727269,0.9268302341198325
154.6153846153846,0.07274797339360398,0.0004180168600180149,0.0012332318224256792,0.9256007779239523,0.9268340097463781
155.51839464882943,0.0727445380451603,0.00041784957223987645,0.0012332174998770146,0.9256043948827228,0.9268376123825999
156.42140468227424,0.07274126021250332,0.0004176897348735967,0.0012332039359638288,0.9256078461166591,0.926841050052623
157.32441471571906,0.07273813253731248,0.00041753701292768014,0.001233191089074046,0.9256111393606857,0.9268443304497597
158.22742474916387,0.07273514805896976,0.00041739108810380407,0.0012331789197575795,0.9256142819331689,0.9268474608529265
159.1304347826087,0.07273230011354746,0.0004172516555812078,0.0012331673908139503,0.9256172808400573,0.9268504482308714
160.0334448160535,0.07272958235024844,0.00041711842434737995,0.0012331564669937271,0.9256201427584104,0.926853299225404
160.93645484949832,0.0727269887350484,0.0004169911176090293,0.0012331461153190025,0.9256228740320235,0.9268560201473425
161.83946488294313,0.07272451349309948,0.0004168694698587773,0.001233136304083525,0.9256254807329581,0.9268586170370416
162.74247491638795,0.0727221511349119,0.00041675322837032483,0.0012331270037108774,0.925627968633007,0.9268610956367178
163.64548494983276,0.07271989643355188,0.0004166421521435334,0.0012331181864719191,0.9256303432278326,0.9268634614143044
164.54849498327758,0.0727177443777651,0.00041653600980651564,0.0012331098256200788,0.9256326097868084,0.9268657196124285
165.4515050167224,0.07271569020994104,0.00041643458106379244,0.0012331018960757343,0.9256347733129195,0.9268678752089953
166.3545150501672,0.07271372943249783,0.00041633765661501043,0.0012330943742350795,0.9256368385366521,0.9268699329108872
167.25752508361202,0.07271185770133833,0.0004162450346313516,0.0012330872375242061,0.9256388100265062,0.9268718972640304
168.16053511705684,0.0727100708934525,0.0004161565229514273,0.0012330804648141148,0.925640692118782,0.926873772583596
169.06354515050165,0.07270836510264791,0.0004160719397122293,0.001233074037226349,0.9256424889204136,0.9268755629576398
169.96655518394647,0.07270673657001527,0.00041599110901068605,0.0012330679359617435,0.9256442043850123,0.926877272320974
170.86956521739128,0.0727051817192643,0.00041591386331544806,0.001233062143657112,0.9256458422737631,0.9268789044174203
171.77257525083613,0.0727036972061726,0.0004158400442225603,0.0012330566425460356,0.9256474061070589,0.9268804627496048
172.67558528428094,0.07270227977994344,0.0004157694985616447,0.0012330514169655343,0.9256488993045293,0.9268819507214948
173.57859531772576,0.07270092636188424,0.0004157020803369788,0.0012330464515036676,0.925650325106275,0.9268833715577787
174.48160535117057,0.07269963400153556,0.0004156376514218326,0.0012330417337052275,0.9256516866133374,0.9268847283470426
175.3846153846154,0.0726983998912343,0.0004155760785227938,0.0012330372501611559,0.9256529867800818,0.926886024030243
176.2876254180602,0.07269722134306134,0.00041551723442146684,0.0012330329887850116,0.9256542284337322,0.9268872614225173
177.19063545150502,0.07269609585587535,0.00041546099835837013,0.0012330289365970507,0.9256554142091693,0.9268884431457663
178.09364548494983,0.07269502101486726,0.00041540725440690967,0.0012330250818940952,0.9256565466488317,0.9268895717307258
178.99665551839465,0.07269399451076426,0.0004153558915063333,0.0012330214135311943,0.9256576281841982,0.9268906495977295
179.89966555183946,0.07269301411265765,0.0004153068042207829,0.001233017923577105,0.9256586611595444,0.9268916790831215
180.80267558528428,0.07269207768289679,0.00041525989170060774,0.0012330146050244701,0.9256596478203781,0.9268926624254026
181.7056856187291,0.07269118318993693,0.00041521505699120193,0.0012330114501701035,0.9256605903029018,0.9268936017530719
182.6086956521739,0.07269032875220754,0.0004151722079612855,0.0012330084493903102,0.9256614905904409,0.9268944990398311
183.51170568561872,0.0726895126407604,0.00041513125683158406,0.0012330055903581388,0.9256623505120499,0.9268953561024081
184.41471571906354,0.07268873312026125,0.0004150921189971169,0.00123300286514038,0.9256631718956012,0.9268961747607415
185.31772575250835,0.07268798854385201,0.00041505471398515636,0.0012330002662323976,0.9256639564759304,0.9268969567421627
186.22073578595317,0.07268727724823808,0.0004150189653918733,0.0012329977921380544,0.9256647059942321,0.92689770378637
187.12374581939798,0.0726865977444842,0.0004149847994342976,0.0012329954351299154,0.9256654220209515,0.9268984174560814
188.0267558528428,0.07268594857249003,0.0004149521458567589,0.0012329931903700606,0.9256661060912832,0.9268990992816533
188.9297658862876,0.07268532839761155,0.0004149209380108178,0.0012329910511482464,0.9256667596132293,0.9268997506643777
189.83277591973243,0.0726847358667791,0.0004148911115606225,0.001232989014124525,0.9256673840075357,0.9269003730216603
190.73578595317724,0.0726841697100781,0.000414862605153111,0.0012329870753101076,0.9256679806094587,0.9269009676847687
191.63879598662206,0.07268362881425415,0.0004148353606804453,0.001232985226515524,0.9256685505985499,0.9269015358250653
192.54180602006687,0.07268311203515702,0.0004148093219840162,0.001232983463364804,0.9256690951794941,0.9269020786428589
193.4448160535117,0.07268261832206213,0.00041478443547584426,0.0012329817796708285,0.9256696154627911,0.9269025972424619
194.3478260869565,0.07268214658945679,0.00041476065048013223,0.0012329801747210467,0.9256701125853419,0.9269030927600629
195.25083612040132,0.07268169587077172,0.0004147379180202033,0.0012329786434106444,0.9256705875677973,0.926903566211208
196.15384615384613,0.07268126522214727,0.00041471619132608787,0.001232977182084749,0.925671041404442,0.9269040185865267
197.05685618729098,0.07268085373945873,0.0004146954260706318,0.001232975787905951,0.9256714750465648,0.9269044508344708
197.9598662207358,0.07268046054882324,0.00041467557965530713,0.0012329744584547166,0.9256718894130668,0.9269048638715215
198.8628762541806,0.07268008480508727,0.0004146566112480094,0.001232973191849426,0.9256722853918152,0.9269052585836647
199.76588628762542,0.0726797257486979,0.00041463848206322,0.0012329719841329416,0.925672663785106,0.926905635769239
200.66889632107024,0.07267938265835609,0.00041462115500191067,0.0012329708312823484,0.9256730253553598,0.9269059961866422
201.57190635451505,0.07267905481750396,0.0004146045944081339,0.0012329697306441066,0.9256733708574438,0.9269063405880879
202.47491638795987,0.0726787415465147,0.0004145887663827975,0.0012329686797151903,0.9256737010073872,0.9269066696871024
203.37792642140468,0.07267844218591592,0.00041457363862546116,0.001232967676816768,0.9256740164986419,0.9269069841754586
204.2809364548495,0.07267815612763939,0.0004145591800033467,0.0012329667188040263,0.9256743179735533,0.9269072846923573
205.1839464882943,0.07267788277797238,0.0004145453609097945,0.0012329658036100291,0.9256746060575077,0.9269075718611177
206.08695652173913,0.07267762155886522,0.00041453215322311986,0.0012329649301497105,0.9256748813577619,0.9269078462879117
206.98996655518394,0.07267737192538828,0.00041451952973463134,0.0012329640964910435,0.925675144448386,0.9269081085448769
207.89297658862876,0.07267713334731267,0.0004145074644856343,0.0012329633014124348,0.9256753958867893,0.9269083591882017
208.79598662207357,0.07267690536116077,0.000414495933012266,0.0012329625418994238,0.9256756361639276,0.926908598705827
209.69899665551839,0.07267668749190094,0.00041448491162155744,0.0012329618164097728,0.9256758657800677,0.9269088275964774
210.6020066889632,0.07267647928653508,0.0004144743776233302,0.0012329611233772794,0.9256760852124644,0.9269090463358417
211.50501672240802,0.07267628031325642,0.0004144643094312225,0.001232960461393348,0.9256762949159191,0.9269092553773124
212.40802675585283,0.07267609014875995,0.0004144546866640213,0.0012329598300249496,0.925676495334551,0.9269094551645759
213.31103678929765,0.07267590839892943,0.0004144454894391069,0.001232959227788164,0.9256766868838434,0.9269096461116316
214.21404682274246,0.07267573467993724,0.0004144366988391321,0.001232958653775565,0.925676869967448,0.9269098286212235
215.11705685618728,0.07267556866615198,0.000414428297045902,0.0012329581052241568,0.925677044931578,0.9269100030368022
216.0200668896321,0.07267541002546964,0.00041442026683064415,0.0012329575803833091,0.9256772121273165,0.9269101697076999
216.9230769230769,0.07267525844108387,0.0004144125916672626,0.0012329570774779475,0.9256773718897708,0.9269103289672489
217.82608695652172,0.07267511360316507,0.0004144052558309841,0.0012329565952943623,0.9256775245457097,0.9269104811410039
218.72909698996654,0.07267497515986647,0.0004143982444770908,0.0012329561359590172,0.9256776704596974,0.9269106265956564
219.63210702341135,0.0726748428343988,0.0004143915431451119,0.0012329556979095387,0.9256778099245466,0.9269107656224562
220.53511705685617,0.0726747163311369,0.0004143851380737529,0.0012329552814304863,0.9256779432493588,0.9269108985307893
221.43812709030098,0.07267459542884094,0.00041437901625816456,0.001232954883661489,0.9256780706712393,0.9269110255549008
222.3411371237458,0.0726744798857623,0.0004143731651695258,0.0012329545033920258,0.9256781924456762,0.9269111469490683
223.24414715719064,0.07267436945905395,0.00041436757277201093,0.0012329541400327266,0.9256783088281413,0.926911262968174
224.14715719063545,0.07267426392692833,0.0004143622276043865,0.0012329537925193257,0.925678420052948,0.9269113738454674
225.05016722408027,0.07267416305961548,0.00041435711886177016,0.0012329534609936106,0.9256785263605292,0.9269114798215228
225.95317725752508,0.07267406666180426,0.00041435223600253934,0.0012329531440075255,0.9256786279581857,0.9269115811021932
226.8561872909699,0.07267397453973932,0.000414347568994647,0.0012329528406214555,0.9256787250506445,0.9269116778912659
227.7591973244147,0.07267388650030288,0.00041434310836224996,0.0012329525505046003,0.9256788178408303,0.926911770391335
228.66220735785953,0.07267380236051739,0.00041433884498837993,0.0012329522731855727,0.9256789065213087,0.9269118587944942
229.56521739130434,0.07267372194655528,0.00041433477009437204,0.0012329520080820824,0.9256789912752683,0.9269119432833505
230.46822742474916,0.07267364509046688,0.000414330875322729,0.0012329517547768783,0.9256790722794336,0.9269120240342106
231.37123745819397,0.07267357164161373,0.00041432715281093153,0.0012329515124839198,0.9256791496930914,0.9269121012055754
232.2742474916388,0.07267350144212985,0.00041432359487587954,0.0012329512810089554,0.9256792236819854,0.9269121749629943
233.1772575250836,0.07267343434419309,0.0004143201942110643,0.0012329510600442846,0.9256792944015516,0.9269122454615959
234.08026755852842,0.0726733702153605,0.0004143169439497062,0.0012329508489596485,0.9256793619917301,0.9269123128406896
234.98327759197323,0.07267330892418387,0.0004143138374569779,0.001232950647330326,0.9256794265910289,0.9269123772383593
235.88628762541805,0.07267325034026789,0.000414310868316732,0.0012329504549187932,0.9256794883364965,0.9269124387914154
236.78929765886286,0.07267319434131096,0.0004143080304122725,0.0012329502713921828,0.9256795473568846,0.9269124976282768
237.69230769230768,0.07267314081274523,0.0004143053179256933,0.001232950096341362,0.9256796037729877,0.9269125538693291
238.5953177257525,0.07267308965719681,0.0004143027255129563,0.0012329499289799792,0.9256796576883103,0.9269126076172903
239.4983277591973,0.07267304076582967,0.00041430024772544946,0.0012329497690011357,0.9256797092174437,0.9269126589864448
240.40133779264212,0.0726729940413593,0.0004142978794530096,0.0012329496158648041,0.9256797584633228,0.9269127080791876
241.30434782608694,0.07267294939165003,0.00041429561578541324,0.0012329494689786423,0.925679805523586,0.9269127549925646
242.20735785953175,0.0726729067166776,0.00041429345226287183,0.001232949328706613,0.925679850502353,0.9269127998310597
243.11036789297657,0.07267286592827013,0.0004142913844477302,0.0012329491947846005,0.9256798934924975,0.926912842687282
244.01337792642138,0.07267282694408049,0.00041428940802980583,0.0012329490667745155,0.9256799345811152,0.9269128836478897
244.9163879598662,0.07267278968185271,0.000414287518925631,0.0012329489444951136,0.9256799738547266,0.9269129227992217
245.81939799331101,0.07267275406497178,0.0004142857132744519,0.0012329488277136598,0.9256800113940401,0.9269129602217537
246.72240802675583,0.07267272002801149,0.00041428398754254746,0.0012329487159650806,0.9256800472684809,0.926912995984446
247.62541806020064,0.07267268749526604,0.00041428233809177493,0.00123294860922,0.9256800815574221,0.9269130301666421
248.5284280936455,0.07267265639865367,0.00041428076152891653,0.0012329485073156834,0.9256801143325017,0.9269130628398176
249.4314381270903,0.07267262667254716,0.0004142792545974626,0.001232948410111938,0.9256801456627434,0.9269130940728554
250.33444816053512,0.07267259826247224,0.0004142778143256247,0.0012329483171867241,0.9256801756060153,0.926913123923202
251.23745819397993,0.07267257110961288,0.0004142764377455408,0.001232948228358605,0.9256802042242829,0.9269131524526415
252.14046822742475,0.07267254515769209,0.00041427512200907724,0.0012329481434444746,0.9256802315768543,0.9269131797202989
253.04347826086956,0.07267252035432152,0.00041427386440559446,0.001232948062206314,0.9256802577190665,0.9269132057812728
253.94648829431438,0.07267249664871361,0.00041427266237570494,0.0012329479844920843,0.9256802827044185,0.9269132306889106
254.8494983277592,0.0726724739908069,0.00041427151354049823,0.0012329479103172466,0.9256803065853354,0.9269132544956528
255.752508361204,0.07267245233519555,0.00041427041549178524,0.0012329478394079165,0.9256803294099047,0.9269132772493126
256.6555183946488,0.07267243163729481,0.00041426936596857867,0.0012329477716141136,0.9256803512251225,0.9269132989967366
257.5585284280936,0.07267241185422565,0.00041426836279879705,0.001232947706794113,0.9256803720761815,0.9269133197829756
258.46153846153845,0.0726723929493726,0.00041426740413390154,0.001232947644841635,0.9256803920016518,0.9269133396464935
259.3645484949833,0.07267237488208618,0.0004142664879209305,0.0012329475856274535,0.9256804110443655,0.9269133586299929
260.2675585284281,0.07267235761436627,0.00041426561224625573,0.0012329475290388263,0.9256804292443487,0.9269133767733875
261.17056856187287,0.0726723411099696,0.0004142647752904258,0.001232947474975289,0.9256804466397648,0.92691339411474
262.0735785953177,0.07267232533381333,0.00041426397529821746,0.0012329474233461473,0.9256804632675423,0.9269134106908884
262.97658862876256,0.07267231025183979,0.0004142632105723512,0.001232947374070631,0.9256804791635171,0.9269134265375879
263.87959866220734,0.07267229583842094,0.00041426247973204303,0.001232947326975372,0.9256804943548717,0.926913441681847
264.78260869565213,0.07267228206783906,0.00041426178141223345,0.001232947281908721,0.92568050886884,0.9269134561507487
265.685618729097,0.07267226890657394,0.00041426111399114104,0.0012329472388440876,0.9256805227405909,0.9269134699794349
266.5886287625418,0.07267225632696095,0.0004142604760684742,0.00123294719769226,0.9256805359992784,0.9269134831969705
267.4916387959866,0.07267224430224728,0.0004142598662902498,0.0012329471583670355,0.9256805486730955,0.9269134958314624
268.3946488294314,0.07267223280649354,0.0004142592833438079,0.0012329471207848676,0.9256805607893778,0.9269135079101627
269.29765886287623,0.07267222181627352,0.0004142587260401471,0.00123294708486715,0.9256805723728192,0.9269135194576864
270.2006688963211,0.07267221131792506,0.00041425819366585335,0.0012329470505506369,0.9256805834378584,0.9269135304884091
271.10367892976586,0.07267220128371896,0.0004142576848255466,0.0012329470177523038,0.9256805940137032,0.9269135410314554
272.00668896321065,0.07267219169275786,0.0004142571984566156,0.001232946986399774,0.9256806041223857,0.9269135511087855
272.9096989966555,0.07267218252490751,0.0004142567335342825,0.0012329469564222129,0.9256806137851359,0.9269135607415583
273.81270903010034,0.07267217376072808,0.00041425628906805926,0.0012329469277500224,0.9256806230224538,0.9269135699502039
274.7157190635452,0.07267216538140549,0.00041425586409820215,0.0012329469003145293,0.9256806318541818,0.9269135787544964
275.61872909698997,0.07267215737473501,0.0004142554580395963,0.0012329468741156036,0.9256806402931098,0.9269135871672255
276.52173913043475,0.07267214972267858,0.0004142550699678901,0.0012329468490824768,0.9256806483582711,0.9269135952073536
277.4247491638796,0.07267214240847988,0.00041425469902833545,0.001232946825154057,0.9256806560673377,0.9269136028924918
278.32775919732444,0.07267213541693589,0.00041425434445176184,0.001232946802282436,0.92568066343633,0.9269136102386124
279.2307692307692,0.07267212873339651,0.0004142540054975615,0.001232946780422128,0.9256806704806837,0.9269136172611058
280.133779264214,0.0726721223437135,0.00041425368145114725,0.0012329467595299556,0.9256806772153054,0.9269136239748353
281.03678929765886,0.07267211623627876,0.0004142533717180538,0.0012329467395613912,0.9256806836524418,0.9269136303920033
281.9397993311037,0.07267211040032903,0.00041425307574535504,0.0012329467204732346,0.9256806898034523,0.9269136365239256
282.8428093645485,0.07267210482219937,0.00041425279284821426,0.0012329467022297708,0.9256806956827226,0.9269136423849524
283.7458193979933,0.07267209949038396,0.0004142525224437761,0.0012329466847939821,0.9256807013023782,0.9269136479871722
284.6488294314381,0.07267209439380089,0.0004142522639707334,0.0012329466681302928,0.9256807066740981,0.9269136533422284
285.55183946488296,0.07267208952175248,0.0004142520168873263,0.0012329466522044362,0.9256807118091558,0.9269136584613602
286.45484949832775,0.07267208486420942,0.0004142517806850309,0.0012329466369836353,0.9256807167181219,0.9269136633551055
287.3578595317726,0.07267208041435767,0.00041425155501199895,0.0012329466224389645,0.9256807214081915,0.9269136680306305
288.2608695652174,0.07267207616132558,0.0004142513393202523,0.0012329466085382363,0.925680725890816,0.9269136724993543
289.1638795986622,0.07267207209631465,0.0004142511331629272,0.0012329465952518248,0.9256807301752706,0.9269136767705225
290.066889632107,0.07267206821083441,0.00041425093610858286,0.001232946582550866,0.9256807342705062,0.9269136808530571
290.96989966555185,0.07267206449667098,0.0004142507477395984,0.0012329465704071332,0.9256807381851823,0.9269136847555894
291.87290969899664,0.07267206094585588,0.0004142505676505696,0.0012329465587929123,0.9256807419277007,0.9269136884864935
292.7759197324415,0.07267205755477518,0.00041425039566793213,0.0012329465477086236,0.9256807455018482,0.9269136920495568
293.67892976588627,0.07267205431537826,0.0004142502313803162,0.0012329465371239952,0.9256807489161175,0.9269136954532414
294.5819397993311,0.07267205121987967,0.0004142500743898433,0.0012329465270096546,0.9256807521787208,0.9269136987057304
295.4849498327759,0.07267204826170112,0.0004142499243625183,0.0012329465173435271,0.9256807552965929,0.9269137018139364
296.38795986622074,0.07267204543443806,0.0004142497809730848,0.001232946508103997,0.9256807582764849,0.9269137047845889
297.2909698996655,0.0726720427318326,0.00041424964390365164,0.001232946499269808,0.925680761124994,0.9269137076242638
298.19397993311037,0.07267204014774648,0.00041424951284231825,0.00123294649081997,0.9256807638485912,0.9269137103394113
299.09698996655516,0.07267203767613412,0.00041424938748180115,0.0012329464827336618,0.9256807664536504,0.926913712936384
300.0,0.07267203531318353,0.0004142492676302903,0.0012329464750004278,0.9256807689441857,0.9269137154191861
