Generation,xOC,xOB,xMMd,xMMr,total xMM
0.0,0.26666666666666666,0.4,0.26666666666666666,0.06666666666666667,0.3333333333333333
1.0344827586206897,0.4515562958161853,0.2888996507018397,0.20816757341016762,0.05137648007180737,0.259544053481975
2.0689655172413794,0.504412928560479,0.24679778607398378,0.20117346116066587,0.04761582420487132,0.24878928536553718
3.1034482758620694,0.5278491662804731,0.22098329723960072,0.2049418124247685,0.046225724055157735,0.25116753647992623
4.137931034482759,0.541704447114333,0.20138164764050914,0.2114580899740148,0.045455815271143056,0.25691390524515784
5.172413793103448,0.5514207475087903,0.18519362585116558,0.21852551902661016,0.04486010761343381,0.26338562664004395
6.206896551724139,0.5587797786483729,0.171405968333275,0.22549243103192884,0.04432182198642297,0.2698142530183518
7.241379310344828,0.5644907341939718,0.159522013368323,0.2321722134956035,0.04381503894210179,0.2759872524377053
8.275862068965518,0.5689169238922827,0.14922237601423416,0.2385226658597111,0.04333803423377195,0.281860700093483
9.310344827586208,0.5722941995809823,0.14026615298164205,0.24454548615908903,0.042894161278286616,0.28743964743737566
10.344827586206897,0.57480041714656,0.1324586061771196,0.2502543301136557,0.04248664656266439,0.29274097667632015
11.379310344827587,0.576579605333374,0.12563811757555346,0.25566481354272375,0.042117463548348846,0.2977822770910726
12.413793103448278,0.5777518805379316,0.11966918406302465,0.2607915949464884,0.041787340452555374,0.3025789353990438
13.448275862068966,0.5784185868514885,0.11443765052685922,0.26564773524141727,0.041496027380234835,0.3071437626216521
14.482758620689657,0.5786656564037688,0.10984702088896511,0.2702447527605928,0.04124256994667322,0.311487322707266
15.517241379310345,0.5785660793560116,0.10581548993160535,0.2745928893428467,0.041025541369536365,0.31561843071238305
16.551724137931036,0.5781819986158492,0.1022734595442098,0.27870133740584974,0.040843204434091215,0.31954454183994097
17.586206896551726,0.5775662932056802,0.09916153027482713,0.2825785311195125,0.04069364539998018,0.32327217651949264
18.620689655172416,0.5767640293697349,0.09642880563487148,0.2862323075548841,0.04057485744050944,0.32680716499539353
19.655172413793103,0.5758135771277367,0.09403151287236403,0.28967010167736507,0.04048480832253406,0.33015490999989916
20.689655172413794,0.5747476195557972,0.09193184640841952,0.2928990530698391,0.04042148096594406,0.33332053403578316
21.724137931034484,0.5735939602904834,0.0900970191980182,0.2959261162070072,0.04038290430449128,0.33630902051149847
22.758620689655174,0.5723762208675015,0.08849847365291887,0.29875813283600183,0.04036717264357789,0.3391253054795797
23.793103448275865,0.5711144328052067,0.08711122569848134,0.30140188460448925,0.04037245689182274,0.341774341496312
24.827586206896555,0.5698255366389993,0.08591332185865469,0.30386412882177843,0.040397012680567626,0.34426114150234605
25.862068965517242,0.5685237958222601,0.08488538614227524,0.30615163496277625,0.04043918307268848,0.3465908180354647
26.896551724137932,0.5672211960848327,0.08401023692771188,0.3082711698559381,0.0404973971315173,0.34876856698745545
27.931034482758623,0.5659277196486433,0.08327257716086507,0.310229531165091,0.04057017202540058,0.3507997031904916
28.965517241379313,0.5646516431017113,0.0826587248987122,0.3120335236117468,0.04065610838782976,0.35268963199957654
30.0,0.5633997616025775,0.08215639293073078,0.31368995723770704,0.04075388822898468,0.3544438454666917
30.0,0.6112785950843489,0.0888523487789859,0.2577205240014373,0.042148532135227845,0.29986905613666515
31.0,0.6057389210460248,0.10716200536572894,0.23817696766423513,0.04892210592401116,0.28709907358824627
32.0,0.5937363164984992,0.12839904157615814,0.22108977233758131,0.05677486958776131,0.2778646419253426
33.0,0.5789640314651755,0.15132987551178834,0.20443548196332578,0.06527061105971026,0.26970609302303605
34.0,0.5622199099622911,0.1751892640017233,0.1883170561542791,0.0742737698817065,0.2625908260359856
35.0,0.5442014928424019,0.19914846062534294,0.17298253085655593,0.08366751567569916,0.2566500465322551
36.0,0.5256597536853286,0.22234892490354422,0.15865333327116923,0.0933379881399581,0.25199132141112734
37.0,0.5073306598657165,0.24399438098567103,0.1454935418163707,0.1031814173322418,0.24867495914861248
38.0,0.48986116734052537,0.26343081002049124,0.13359886867239545,0.11310915396658797,0.24670802263898342
39.0,0.47375882782995526,0.280195373816666,0.12299745183202948,0.12304834652134931,0.24604579835337878
40.0,0.45937077453834113,0.294030370392685,0.11365952059238242,0.1329393344765914,0.24659885506897383
41.0,0.4468883754813824,0.304868060820368,0.10551193646950927,0.14273162722874028,0.24824356369824954
42.0,0.43636909846954897,0.3127969991359263,0.09845374559568773,0.15238015679883699,0.2508339023945247
43.0,0.4277664921079237,0.3180206823103248,0.0923700129627537,0.16184281261899783,0.2542128255817515
44.0,0.4209611254915745,0.3208167688642332,0.08714258422080812,0.17107952142338415,0.2582221056441923
45.0,0.4157881002924656,0.32150177911805844,0.08265752209562816,0.18005259849384778,0.2627101205894759
46.0,0.4120591891644482,0.3204033426636149,0.07880962043441538,0.18872784773752152,0.2675374681719369
47.0,0.4095793119939202,0.3178401464154592,0.07550466514770804,0.19707587644291266,0.27258054159062073
48.0,0.4081579577924268,0.3141086992486377,0.07266012587232704,0.20507321708660853,0.27773334295893554
49.0,0.40761650915033903,0.3094756152125038,0.07020485395042074,0.21270302168673638,0.28290787563715714
50.0,0.4077924560828733,0.3041740730204998,0.06807821808731727,0.21995525280930975,0.288033470896627
51.0,0.40854136598162305,0.2984032493307301,0.06622897455113948,0.2268264101365075,0.29305538468764697
52.0,0.40973730823359983,0.29232973341410023,0.0646140615980506,0.23331889675424927,0.2979329583522998
53.0,0.4112722672779352,0.2860901498662606,0.06319743015679022,0.23944015269901395,0.30263758285580417
54.0,0.41305493699928447,0.27979441499934055,0.061948970288155006,0.2452016777132199,0.3071506480013749
55.0,0.41500917703214785,0.2735292201466477,0.06084355941538543,0.2506180434058192,0.31146160282120466
56.0,0.41707232550558887,0.2673614691413772,0.05986023813659627,0.25570596721643757,0.31556620535303387
57.0,0.41919349852507715,0.2613414999242705,0.05898150811555155,0.26048349343510085,0.3194650015506524
58.0,0.4213319596757463,0.25550599578535,0.05819274087386518,0.26496930366503857,0.32316204453890374
59.0,0.4234556090617823,0.2498805449814278,0.057481684068808846,0.26918216188798094,0.3266638459567898
60.0,0.42553961765139736,0.2444818431432548,0.05683805158773114,0.27314048761761683,0.329978539205348
61.0,0.4275652164458932,0.2393195552735677,0.05625318460393329,0.2768620436766059,0.3331152282805392
62.0,0.42951863927103906,0.23439786686701308,0.055719772056131135,0.28036372180581676,0.3360834938619479
63.0,0.43139021128708693,0.229716759680897,0.05523162050161134,0.2836614085304048,0.3388930290320161
64.0,0.4331735714748327,0.225273049212757,0.05478346476532692,0.2867699145470834,0.3415533793124103
65.0,0.4348650155059047,0.22106121967546585,0.054370812167214524,0.289702952651415,0.3440737648186295
66.0,0.43646294489499476,0.21707408940164308,0.053989814315853035,0.29247315138750907,0.3464629657033621
67.0,0.4379674086831272,0.21330333597833023,0.053637161497375324,0.2950920938411672,0.3487292553385425
68.0,0.43937972477200227,0.20973990654802985,0.05330999557047688,0.29757037310949097,0.35088036867996786
69.0,0.440702169180249,0.20637433494529966,0.05300583801600681,0.2999176578584445,0.3529234958744513
70.0,0.4419377227600955,0.2031969838572492,0.05272253040083969,0.30214276298181564,0.3548652933826553
71.0,0.4430898661909543,0.20019822709287627,0.05245818501877438,0.304253721697395,0.35671190671616937
72.0,0.44416241528858535,0.1973685843493604,0.0522111438832431,0.3062578564788111,0.3584690003620542
73.0,0.4451593897971245,0.19469881856451968,0.05197994458297462,0.3081618470553813,0.3601417916383559
74.0,0.44608490984800353,0.19218000401381333,0.05176329178572804,0.3099717943524552,0.3617350861381832
75.0,0.44694311516904994,0.18980357170756587,0.05156003339807022,0.3116932797253141,0.3632533131233843
76.0,0.4477381029113075,0.187561337326328,0.05136914057033078,0.3133314191920337,0.3647005597623645
77.0,0.4484738806375884,0.1854455158572597,0.0511896908831234,0.3148909126220284,0.36608060350515176
78.0,0.4491543315951452,0.18344872622314135,0.051020854171558654,0.31637608801015493,0.3673969421817136
79.0,0.4497831898858676,0.18156398849340738,0.050861880540706124,0.31779094108001893,0.3686528216207251
80.0,0.45036402356181177,0.17978471570340976,0.050712090205225914,0.3191391705295527,0.3698512607347786
81.0,0.4509002240219279,0.17810470185837912,0.05057086485081152,0.3204242092688815,0.370995074119693
82.0,0.45139500037698577,0.17651810734085646,0.05043764026794537,0.3216492520142123,0.3720868922821577
83.0,0.4518513776923521,0.1750194426569417,0.0503119000517021,0.3228172795990041,0.3731291796507062
84.0,0.45227219821991327,0.17360355123296972,0.0501931701967569,0.32393108035036006,0.37412425054711695
85.0,0.45266012489752283,0.17226559179826914,0.05008101444582653,0.32499326885838165,0.3750742833042081
86.0,0.4530176465324618,0.1710010207518276,0.04997503027366972,0.326006302442041,0.3759813327157107
87.0,0.45334708419928593,0.16980557480319255,0.04987484540845783,0.3269724955890637,0.37684734099752154
88.0,0.45365059847612543,0.16867525409449424,0.049780114808567456,0.32789403262081296,0.37767414742938044
89.0,0.4539301972204,0.16760630594607862,0.04969051802627141,0.32877297880724987,0.37846349683352126
90.0,0.4541877436478774,0.16659520931885316,0.04960575690092105,0.32961129013234847,0.3792170470332695
91.0,0.45442496453041903,0.16563866004888178,0.0495255535334343,0.33041082188726495,0.37993637542069925
92.0,0.45464345836963255,0.16473355688146957,0.04944964850156787,0.33117333624733003,0.38062298474889794
93.0,0.4548447034376377,0.1638769883109252,0.049377799281831,0.33190050896960616,0.38127830825143716
94.0,0.4550300656036498,0.1630662202167839,0.049309778849218444,0.3325939353303479,0.3819037141795664
95.0,0.4552008058872271,0.16229868427624491,0.04924537443038409,0.3332551354061438,0.38250050983652795
96.0,0.45535808769678243,0.16157196712492478,0.049184386389594784,0.3338855587886979,0.38306994517829274
97.0,0.4555029837261026,0.16088380023296572,0.04912662722992016,0.33448658881101156,0.38361321604093174
98.0,0.45563648249281874,0.16023205046044675,0.04907192069473008,0.33505954635200447,0.38413146704673456
99.0,0.4557594945115513,0.1596147112544394,0.04902010095677107,0.3356056932772382,0.38462579423400933
100.0,0.4558728581012735,0.15902989444955115,0.04897101188394543,0.33612623556522997,0.3850972474491754
101.0,0.4559773448316595,0.15847582263411233,0.048924506372479165,0.33662232616174903,0.38554683253422817
102.0,0.45607366461711213,0.1579508220450592,0.048880445739485356,0.3370950675983433,0.38597551333782865
103.0,0.4561624704700493,0.1574533159558675,0.0488386991680467,0.33754551440603653,0.38638421357408326
104.0,0.4562443629270737,0.15698181852346482,0.0487991431988879,0.3379746753505735,0.3867738185494614
105.0,0.45631989416302843,0.15653492906179176,0.04876166126351286,0.338383515511667,0.3871451767751799
106.0,0.45638957180878176,0.15611132671151262,0.0487261432543652,0.33877295822534037,0.38749910147970557
107.0,0.4564538624890147,0.15570976547724016,0.04869248512815344,0.3391438869055918,0.3878363720337452
108.0,0.456513195096377,0.15532906960549084,0.0486605885389791,0.3394971467591531,0.3881577352981322
109.0,0.4565679638182317,0.1549681292783986,0.04863036049833136,0.33983354640503827,0.3884639069033696
110.0,0.45661853093186083,0.1546258965999619,0.04860171305937537,0.340153859408802,0.3887555724681774
111.0,0.4566652293835204,0.15430138185327036,0.048574563023274515,0.3404588257399347,0.3890333887632092
112.0,0.45670836516615043,0.15399365000874138,0.04854883166555495,0.34074915315955323,0.38929798482510813
113.0,0.45674821950988853,0.15370181746488765,0.04852444448075229,0.3410255185444716,0.38954996302522393
114.0,0.45678505089883426,0.15342504900453963,0.048501330943780514,0.3412885691528455,0.389789900096626
115.0,0.45681909692679373,0.15316255495075035,0.048479424286635604,0.3415389238358203,0.39001834812245595
116.0,0.4568505760039944,0.15291358850782732,0.048458661289196625,0.34177717419898174,0.39023583548817836
117.0,0.4568796889260389,0.15267744327406457,0.04843898208301739,0.3420038857168792,0.39044286779989656
118.0,0.4569066203156459,0.15245345091379137,0.04842032996711535,0.3422195988034473,0.3906399287705627
119.0,0.45693153994703395,0.15224097897731986,0.04840265123486353,0.34242482984078265,0.3908274810756462
120.0,0.45695460396213083,0.15203942885826335,0.04838589501117834,0.34262007216842744,0.3910059671796058
121.0,0.45697595598715335,0.1518482338785175,0.04837001309927253,0.3428057970350566,0.3911758101343291
122.0,0.4569957281574849,0.1516668574919512,0.0483549598363095,0.3429824545142544,0.3913374143505639
123.0,0.45701404205820434,0.15149479159854817,0.04834069195735468,0.34315047438589286,0.39149116634324754
124.0,0.45703100958706977,0.15133155496137846,0.048327168467072475,0.3433102669844794,0.39163743545155183
125.0,0.4570467337462493,0.15117669171936363,0.04831435051866331,0.34346222401572385,0.3917765745343872
126.0,0.45706130936860623,0.15102976998934012,0.048302201299577706,0.34360671934247594,0.3919089206420536
127.0,0.45707482378389924,0.1508903805514167,0.04829068592358074,0.3437441097411034,0.39203479566468413
128.0,0.45708735742983503,0.15075813561207688,0.04827977132877382,0.3438747356293144,0.39215450695808823
129.0,0.45709898441252306,0.1506326676398936,0.04826942618121078,0.3439989217663727,0.3922683479475835
130.0,0.4571097730205167,0.15051362826910528,0.04825962078377171,0.3441169779266062,0.3923765987103779
131.0,0.457119786196291,0.15040068726665382,0.04825032698998279,0.3442291995470723,0.39247952653705515
132.0,0.45712908196869173,0.15029353155860745,0.04824151812249214,0.3443358683502088,0.3925773864727009
133.0,0.45713771384960855,0.15019186431218776,0.04823316889593179,0.344437252942272,0.3926704218382038
134.0,0.45714573119785323,0.15009540406989316,0.04822525534391434,0.34453360938833916,0.39275886473225347
135.0,0.45715317955298046,0.15000388393246072,0.048217754749929384,0.34462518176462953,0.3928429365145589
136.0,0.4571601009415638,0.1499170507876386,0.048210645581919565,0.34471220268887814,0.39292284827079776
137.0,0.45716653415822994,0.14983466458195585,0.048203907430331615,0.3447948938294826,0.39299880125981423
138.0,0.45717251502356243,0.14975649763286827,0.04819752094944875,0.3448734663941205,0.39307098734356927
139.0,0.45717807662081006,0.14968233397884181,0.0481914678018241,0.34494812159852395,0.39313958940034804
140.0,0.45718324951317396,0.14961196876510038,0.04818573060564535,0.3450190511160804,0.39320478172172574
141.0,0.45718806194329703,0.14954520766291762,0.048180292884870836,0.34508643750891455,0.3932667303937854
142.0,0.4571925400164457,0.14948186632047486,0.04817513902198705,0.34515045464109234,0.3933255936630794
143.0,0.4571967078687451,0.14942176984343727,0.0481702542132462,0.34521126807457153,0.3933815222878177
144.0,0.45720058782171646,0.14936475230352142,0.04816562442625043,0.34526903544851156,0.39343465987476195
145.0,0.4572042005242612,0.1493106562734409,0.04816123635975757,0.3453239068425402,0.3934851432022978
146.0,0.4572075650831344,0.14925933238671724,0.04815707740558943,0.34537602512455884,0.3935331025301483
147.0,0.4572106991828704,0.1492106389209432,0.04815313561253126,0.34542552628365525,0.3935786618961865
148.0,0.45721361919603276,0.14916444140317145,0.04814939965211673,0.3454725397486791,0.3936219394007958
149.0,0.45721634028459757,0.14912061223618642,0.048145858786198564,0.34551718869301745,0.393663047479216
150.0,0.45721887649319837,0.14907903034449313,0.04814250283621083,0.3455595903260976,0.3937020931623084
151.0,0.4572212408349109,0.14903958083892876,0.04813932215403374,0.3455998561721266,0.39373917832616034
152.0,0.4572234453701922,0.14900215469886838,0.048136307594376544,0.3456380923365629,0.39377439993093943
153.0,0.4572255012795385,0.14896664847105912,0.04813345048859915,0.34567439976080316,0.3938078502494023
154.0,0.45722741893037766,0.14893296398417463,0.04813074261989696,0.34570887446555065,0.3938396170854476
155.0,0.4572292079386712,0.1489010080782345,0.04812817619977734,0.345741607783317,0.3938697839830943
156.0,0.4572308772256571,0.14887069234808492,0.048125743845760634,0.34577268658049737,0.393898430426258
157.0,0.4572324350701327,0.1488419329001828,0.04812343856024134,0.3458021934694431,0.3939256320296844
158.0,0.457233889156639,0.1488146501219698,0.04812125371044926,0.345830207010942,0.3939514607213913
159.0,0.45723524661988,0.1487887684631633,0.04811918300945296,0.3458568019075036,0.39397598491695657
160.0,0.45723651408568533,0.14876421622833078,0.04811722049815149,0.34588204918783244,0.3939992696859839
161.0,0.45723769770878964,0.14874092538014788,0.04811536052820265,0.34590601638285984,0.3940213769110625
162.0,0.45723880320769245,0.14871883135277714,0.048113597745839363,0.3459287676936911,0.3940423654395304
163.0,0.4572398358968279,0.14869787287483263,0.04811192707652752,0.3459503641518119,0.3940622912283394
164.0,0.4572408007162628,0.14867799180142827,0.048110343710422006,0.3459708637718869,0.3940812074823089
165.0,0.4572417022591198,0.148659132954833,0.04810884308857899,0.34599032169746824,0.39409916478604723
166.0,0.45724254479690696,0.14864124397328457,0.04810742088988546,0.34600879033992304,0.3941162112298085
167.0,0.45724333230292086,0.14862427516753535,0.04810607301866852,0.3460263195108752,0.39413239252954374
168.0,0.45724406847387444,0.14860817938472987,0.048104795592949355,0.34604295654844636,0.39414775214139575
169.0,0.4572447567498911,0.1485929118792325,0.04810358493330803,0.3460587464375685,0.39416233137087653
170.0,0.4572454003329931,0.1485784301900466,0.04810243755232772,0.3460737319246325,0.3941761694769602
171.0,0.45724600220420264,0.14856469402448466,0.04810135014458822,0.3460879536267245,0.3941893037713127
172.0,0.45724656513936335,0.148551665147766,0.04810031957717979,0.3461014501356909,0.3942017697128707
173.0,0.45724709172378303,0.14853930727823886,0.04809934288071109,0.3461142581172671,0.3942136009979782
174.0,0.45724758436578866,0.14852758598793614,0.04809841724078465,0.34612641240549047,0.39422482964627514
175.0,0.45724804530927843,0.14851646860819226,0.04809753998991629,0.346137946092613,0.3942354860825293
176.0,0.45724847664534596,0.14850592414006125,0.048096708599875096,0.3461488906147176,0.3942455992145927
177.0,0.45724888032305233,0.1484959231692906,0.048095920674422074,0.3461592758332349,0.39425519650765695
178.0,0.4572492581594067,0.14848643778561785,0.04809517394242688,0.34616913011254835,0.39426430405497526
179.0,0.45724961184861934,0.14847744150616946,0.04809446625134309,0.3461784803938682,0.39427294664521134
180.0,0.45724994297067934,0.1484689092027522,0.04809379556102299,0.3461873522655455,0.3942811478265685
181.0,0.4572502529993126,0.14846081703283953,0.048093159937854756,0.34619577002999313,0.39428892996784787
182.0,0.4572505433093618,0.14845314237406365,0.0480925575492048,0.34620375676736975,0.3942963143165746
183.0,0.4572508151836363,0.1484458637620358,0.04809198665814966,0.34621133439617824,0.3943033210543279
184.0,0.45725106981926783,0.14843896083132527,0.0480914456184825,0.3462185237309244,0.3943099693494069
185.0,0.457251308333614,0.14843241425943604,0.04809093286997947,0.3462253445369704,0.39431627740694986
186.0,0.45725153176973704,0.14842620571362997,0.04809044693391306,0.34623181558272004,0.3943222625166331
187.0,0.4572517411014947,0.14842031780045042,0.04808998640879898,0.34623795468925594,0.3943279410980549
188.0,0.4572519372382696,0.14841473401781094,0.048089549966364935,0.3462437787775544,0.3943333287439193
189.0,0.45725212102936397,0.14840943870951764,0.04808913634772935,0.3462493039133891,0.3943384402611184
190.0,0.4572522932680834,0.14840441702210203,0.048088744359779355,0.3462545453500351,0.3943432897098144
191.0,0.45725245469553594,0.14839965486384804,0.04808837287173768,0.34625951756887846,0.39434789044061613
192.0,0.4572526060041618,0.14839513886590056,0.04808802081190834,0.34626423431802933,0.3943522551299377
193.0,0.4572527478410194,0.1483908563453514,0.04808768716459225,0.346268708649037,0.3943563958136293
194.0,0.4572528808108397,0.14838679527020157,0.04808737096716352,0.3462729529517953,0.3943603239189588
195.0,0.4572530054788704,0.14838294422610482,0.04808707130729827,0.34627697898772647,0.39436405029502475
196.0,0.4572531223735214,0.14837929238480307,0.048086787320348066,0.3462807979213276,0.39436758524167564
197.0,0.45725323198882845,0.1483758294741665,0.04808651818685018,0.34628442035015494,0.3943709385370051
198.0,0.4572533347867466,0.14837254574975867,0.048086263130167964,0.34628785633332676,0.39437411946349477
199.0,0.4572534311992862,0.14836943196784802,0.04808602141425411,0.3462911154186117,0.3943771368328658
200.0,0.4572535216305015,0.14836647935979333,0.04808579234153079,0.34629420666817434,0.3943799990097051
201.0,0.4572536064583454,0.148363679607733,0.04808557525088026,0.3462971386830414,0.39438271393392166
202.0,0.4572536860363948,0.14836102482151242,0.04808536951574042,0.34629991962635237,0.39438528914209275
203.0,0.4572537606954611,0.1483585075167865,0.04808517454229974,0.34630255724545267,0.3943877317877524
204.0,0.45725383074509,0.1483561205942378,0.04808498976778637,0.3463050588928859,0.3943900486606723
205.0,0.4572538964749602,0.14835385731985368,0.04808481465884655,0.3463074315463397,0.3943922462051863
206.0,0.45725395815618697,0.1483517113062089,0.04808464871000772,0.34630968182759647,0.3943943305376042
207.0,0.45725401604253924,0.14834967649470251,0.04808449144222176,0.3463118160205364,0.39439630746275817
208.0,0.45725407037157356,0.1483477471387008,0.0480843424014844,0.3463138400882411,0.3943981824897255
209.0,0.45725412136569243,0.14834591778754,0.048084201157526596,0.34631575968924094,0.39439996084676754
210.0,0.4572541692331314,0.14834418327134555,0.04808406730257431,0.34631758019294867,0.39440164749552303
211.0,0.4572542141688817,0.14834253868662614,0.048083940450172995,0.3463193066943192,0.3944032471444922
212.0,0.457254256355549,0.1483409793826034,0.048083820234073524,0.34632094402777414,0.3944047642618477
213.0,0.4572542959641573,0.1483395009482396,0.04808370630717625,0.34632249678042687,0.3944062030876031
214.0,0.45725433315489805,0.14833809919992844,0.04808359834053019,0.3463239693046434,0.39440756764517354
215.0,0.4572543680778302,0.14833677016981422,0.048083496022384584,0.3463253657299711,0.3944088617523557
216.0,0.4572544008735337,0.14833551009470886,0.04808339905728982,0.34632668997446747,0.3944100890317573
217.0,0.4572544316737206,0.14833431540557526,0.048083307165245545,0.3463279457554586,0.3944112529207041
218.0,0.45725446060180436,0.14833318271754825,0.04808322008089302,0.34632913659975445,0.39441235668064745
219.0,0.4572544877734335,0.14833210882046663,0.04808313755274988,0.34633026585334986,0.3944134034060997
220.0,0.4572545132969894,0.14833109066988953,0.048083059342484795,0.34633133669063626,0.39441439603312106
221.0,0.4572545372740511,0.14833012537857243,0.04808298522422992,0.34633235212314656,0.39441533734737655
222.0,0.4572545597998303,0.14832921020837997,0.04808291498392948,0.3463333150078602,0.39441622999178966
223.0,0.45725458096357857,0.1483283425626127,0.04808284841872216,0.34633422805508657,0.39441707647380875
224.0,0.45725460084896596,0.14832751997872742,0.04808278533635597,0.34633509383595074,0.3944178791723067
225.0,0.4572546195344372,0.1483267401214299,0.04808272555463353,0.34633591478949943,0.394418640344133
226.0,0.4572546370935437,0.1483260007761223,0.04808266890088642,0.34633669322944755,0.394419362130334
227.0,0.4572546535952543,0.14832529984268633,0.04808261521147696,0.3463374313505823,0.39442004656205926
228.0,0.45725466910424556,0.1483246353295853,0.048082564331326134,0.346338131234843,0.3944206955661692
229.0,0.4572546836811734,0.14832400534826867,0.04808251611346594,0.34633879485709196,0.3944213109705579
230.0,0.4572546973829279,0.148323408107864,0.048082470418615436,0.34633942409059265,0.39442189450920806
231.0,0.4572547102628706,0.14832284191014122,0.04808242711477871,0.34634002071220943,0.3944224478269881
232.0,0.4572547223710574,0.14832230514473535,0.048082386076864006,0.3463405864073433,0.39442297248420727
233.0,0.4572547337544466,0.14832179628461487,0.04808234718632267,0.34634112277461593,0.3944234699609386
234.0,0.45725474445709363,0.14832131388178268,0.048082310330807,0.34634163133031665,0.3944239416611236
235.0,0.4572547545203341,0.14832085656319813,0.04808227540384603,0.3463421135126217,0.39442438891646775
236.0,0.4572547639829537,0.1483204230269084,0.048082242304538135,0.34634257068559965,0.3944248129901378
237.0,0.4572547728813491,0.14832001203837913,0.048082210937259826,0.3463430041430121,0.39442521508027195
238.0,0.4572547812496756,0.14831962242701346,0.04808218121138973,0.346343415111921,0.39442559632331076
239.0,0.4572547891199904,0.14831925308285046,0.048082153041047,0.34634380475611226,0.3944259577971593
240.0,0.45725479652238027,0.14831890295343284,0.04808212634484336,0.34634417417934366,0.394426300524187
241.0,0.4572548034850869,0.14831857104083662,0.04808210104564816,0.3463445244284282,0.3944266254740764
242.0,0.4572548100346214,0.1483182563988532,0.048082077070365735,0.3463448564961596,0.39442693356652536
243.0,0.457254816195871,0.14831795813031676,0.04808205434972433,0.3463451713240879,0.3944272256738122
244.0,0.4572548219922013,0.14831767538456886,0.048082032818076124,0.3463454698051537,0.39442750262322984
245.0,0.4572548274455502,0.14831740735505447,0.04808201241320768,0.3463457527861876,0.3944277651993953
246.0,0.4572548325765166,0.1483171532770411,0.04808199307616029,0.346346021070282,0.3944280141464423
247.0,0.4572548374044436,0.14831691242545572,0.04808197475105981,0.3463462754190409,0.39442825017010075
248.0,0.4572548419474957,0.14831668411283358,0.048081957384955236,0.3463465165547156,0.39442847393967084
249.0,0.4572548462227323,0.14831646768737206,0.04808194092766586,0.34634674516222974,0.3944286860898956
250.0,0.4572548502461759,0.1483162625310856,0.04808192533163636,0.34634696189110226,0.3944288872227386
251.0,0.4572548540328755,0.14831606805805525,0.04808191055179942,0.3463471673572697,0.39442907790906917
252.0,0.4572548575969678,0.14831588371276888,0.04808189654544566,0.34634736214481765,0.3944292586902633
253.0,0.457254860951732,0.148315708968547,0.04808188327210026,0.34634754680762087,0.39442943007972114
254.0,0.4572548641096435,0.1483155433260496,0.048081870693406026,0.34634772187090096,0.394429592564307
255.0,0.4572548670824232,0.14831538631186042,0.0480818587730127,0.34634788783270376,0.39442974660571645
256.0,0.4572548698810834,0.148315237477144,0.04808184747647193,0.34634804516530066,0.3944298926417726
257.0,0.4572548725159719,0.14831509639637241,0.04808183677113774,0.3463481943165178,0.39443003108765556
258.0,0.4572548749968122,0.14831496266611752,0.048081826626072334,0.346348335710998,0.39443016233707034
259.0,0.45725487733274195,0.14831483590390557,0.04808181701195662,0.34634846975139594,0.39443028676335257
260.0,0.45725487953234856,0.14831471574713145,0.04808180790100566,0.34634859681951446,0.39443040472052016
261.0,0.45725488160370326,0.14831460185202844,0.04808179926688825,0.34634871727738015,0.39443051654426836
262.0,0.4572548835543921,0.1483144938926918,0.04808179108465105,0.34634883146826506,0.39443062255291617
263.0,0.45725488539154596,0.1483143915601523,0.04808178333064635,0.34634893971765535,0.39443072304830173
264.0,0.45725488712186824,0.1483142945614982,0.04808177598246383,0.34634904233416974,0.39443081831663357
265.0,0.4572548887516603,0.14831420261904216,0.04808176901886583,0.3463491396104317,0.3944309086292975
266.0,0.4572548902868468,0.14831411546953172,0.048081762419725976,0.3463492318238956,0.3944309942436216
267.0,0.45725489173299755,0.14831403286340014,0.04808175616597102,0.34634931923763124,0.3944310754036022
268.0,0.45725489309535033,0.14831395456405655,0.048081750239525795,0.34634940210106735,0.3944311523405931
269.0,0.4572548943788299,0.1483138803472122,0.04808174462326095,0.34634948065069704,0.39443122527395796
270.0,0.4572548955880672,0.14831381000024235,0.048081739300943484,0.34634955511074694,0.39443129441169045
271.0,0.4572548967274178,0.1483137433215805,0.048081734257189854,0.3463496256938119,0.3944313599510017
272.0,0.4572548978009775,0.14831368012014445,0.04808172947742151,0.3463496926014565,0.39443142207887805
273.0,0.457254898812599,0.14831362021479186,0.0480817249478228,0.3463497560247863,0.3944314809726091
274.0,0.4572548997659058,0.14831356343380417,0.04808172065530104,0.346349816144989,0.39443153680029003
275.0,0.45725490066430646,0.14831350961439707,0.048081716587448656,0.3463498731338478,0.3944315897212965
276.0,0.4572549015110076,0.14831345860225648,0.04808171273250741,0.3463499271542285,0.39443163988673596
277.0,0.45725490230902566,0.1483134102510986,0.04808170907933436,0.3463499783605414,0.3944316874398757
278.0,0.4572549030611985,0.1483133644222528,0.048081705617369706,0.3463500268991791,0.3944317325165488
279.0,0.4572549037701963,0.14831332098426567,0.04808170233660622,0.3463500729089318,0.394431775245538
280.0,0.45725490443853145,0.14831327981252648,0.048081699227560414,0.3463501165213816,0.394431815748942
281.0,0.45725490506856825,0.14831324078891114,0.04808169628124506,0.3463501578612755,0.3944318541425205
282.0,0.45725490566253124,0.14831320380144536,0.04808169348914328,0.34635019704688014,0.3944318905360234
283.0,0.4572549062225141,0.1483131687439847,0.04808169084318389,0.34635023419031724,0.39443192503350116
284.0,0.4572549067504872,0.14831313551591177,0.04808168833571811,0.34635026939788294,0.39443195773360107
285.0,0.45725490724830503,0.14831310402184852,0.04808168595949742,0.3463503027703489,0.3944319887298463
286.0,0.45725490771771327,0.14831307417138426,0.048081683707652687,0.3463503344032497,0.3944320181109024
287.0,0.45725490816035486,0.14831304587881686,0.048081681573674234,0.346350364387154,0.3944320459608282
288.0,0.45725490857777656,0.14831301906290817,0.04808167955139307,0.34635039280792207,0.39443207235931516
289.0,0.4572549089714346,0.1483129936466517,0.04808167763496307,0.3463504197469505,0.3944320973819136
290.0,0.45725490934269963,0.14831296955705267,0.04808167581884405,0.3463504452814035,0.3944321211002476
291.0,0.45725490969286237,0.14831294672491904,0.0480816740977858,0.34635046948443277,0.39443214358221856
292.0,0.45725491002313795,0.14831292508466382,0.04808167246681283,0.34635049242538524,0.39443216489219807
293.0,0.457254910334671,0.14831290457411744,0.0480816709212101,0.3463505141700014,0.39443218509121153
294.0,0.45725491062853874,0.14831288513434998,0.0480816694565093,0.34635053478060196,0.39443220423711123
295.0,0.4572549109057559,0.14831286670950253,0.04808166806847603,0.3463505543162656,0.3944322223847417
296.0,0.4572549111672781,0.14831284924662724,0.04808166675309742,0.34635057283299714,0.3944322395860946
297.0,0.4572549114140056,0.14831283269553602,0.0480816655065707,0.34635059038388777,0.39443225589045844
298.0,0.4572549116467857,0.14831281700865664,0.04808166432529207,0.3463506070192655,0.3944322713445576
299.0,0.4572549118664173,0.14831280214089673,0.048081663205846385,0.34635062278683953,0.3944322859926859
300.0,0.45725491207365243,0.14831278804951453,0.04808166214499721,0.3463506377318358,0.394432299876833
301.0,0.45725491226919945,0.1483127746939966,0.048081661139677524,0.3463506518971263,0.39443231303680387
302.0,0.45725491245372607,0.1483127620359417,0.04808166018698081,0.34635066532335135,0.39443232551033214
303.0,0.4572549126278611,0.14831275003895084,0.04808165928415268,0.34635067804903535,0.39443233733318805
304.0,0.4572549127921969,0.14831273866852301,0.04808165842858291,0.34635069011069713,0.39443234853928005
305.0,0.4572549129472918,0.14831272789195626,0.04808165761779788,0.346350701542954,0.39443235916075187
306.0,0.45725491309367194,0.14831271767825402,0.048081656849453466,0.34635071237862053,0.394432369228074
307.0,0.4572549132318329,0.1483127079980363,0.04808165612132821,0.3463507226488026,0.3944323787701308
308.0,0.4572549133622419,0.14831269882345532,0.048081655431316886,0.3463507323829858,0.3944323878143027
309.0,0.45725491348533903,0.14831269012811604,0.04808165477742456,0.34635074160912044,0.394432396386545
310.0,0.4572549136015393,0.14831268188699995,0.04808165415776061,0.3463507503537003,0.3944324045114609
311.0,0.45725491371123367,0.14831267407639362,0.04808165357053341,0.34635075864183923,0.39443241221237263
312.0,0.45725491381479083,0.14831266667382093,0.048081653014045114,0.34635076649734303,0.3944324195113882
313.0,0.4572549139125582,0.14831265965797805,0.04808165248668674,0.34635077394277697,0.3944324264294637
314.0,0.4572549140048632,0.14831265300867275,0.04808165198693352,0.34635078099953037,0.39443243298646385
315.0,0.45725491409201485,0.14831264670676636,0.04808165151334049,0.34635078768787836,0.3944324392012188
316.0,0.4572549141743039,0.14831264073411868,0.048081651064538315,0.34635079402703917,0.3944324450915775
317.0,0.45725491425200493,0.14831263507353618,0.04808165063922933,0.3463508000352295,0.39443245067445887
318.0,0.4572549143253767,0.14831262970872258,0.048081650236183826,0.346350805729717,0.3944324559659008
319.0,0.4572549143946631,0.14831262462423184,0.048081649854236394,0.3463508111268686,0.394432460981105
320.0,0.45725491446009436,0.1483126198054242,0.048081649492282684,0.34635081624219877,0.3944324657344815
321.0,0.45725491452188716,0.1483126152384239,0.04808164914927612,0.3463508210904128,0.3944324702396889
322.0,0.45725491458024625,0.14831261091007938,0.04808164882422493,0.34635082568544945,0.39443247450967434
323.0,0.45725491463536444,0.1483126068079255,0.04808164851618923,0.34635083004052075,0.39443247855671
324.0,0.45725491468742385,0.1483126029201478,0.04808164822427833,0.34635083416815,0.3944324823924283
325.0,0.457254914736596,0.14831259923554854,0.04808164794764818,0.3463508380802073,0.39443248602785547
326.0,0.45725491478304275,0.1483125957435145,0.048081647685498906,0.34635084178794384,0.3944324894734428
327.0,0.45725491482691677,0.14831259243398653,0.048081647437072494,0.34635084530202415,0.39443249273909664
328.0,0.45725491486836223,0.14831258929743063,0.048081647201650604,0.34635084863255655,0.39443249583420714
329.0,0.45725491490751485,0.14831258632481056,0.04808164697855251,0.34635085178912206,0.3944324987676746
330.0,0.4572549149445028,0.14831258350756188,0.048081646767133106,0.34635085478080213,0.39443250154793524
331.0,0.45725491497944726,0.14831258083756726,0.048081646566781065,0.3463508576162044,0.3944325041829854
332.0,0.45725491501246196,0.14831257830713332,0.048081646376917045,0.34635086030348755,0.3944325066804046
333.0,0.45725491504365484,0.14831257590896835,0.04808164619699205,0.34635086285038474,0.3944325090473768
334.0,0.45725491507312727,0.14831257363616138,0.0480816460264858,0.3463508652642254,0.3944325112907112
335.0,0.4572549151009754,0.1483125714821624,0.048081645864905244,0.346350867551957,0.39443251341686225
336.0,0.45725491512728933,0.1483125694407634,0.04808164571178315,0.34635086972016405,0.3944325154319472
337.0,0.4572549151521546,0.14831256750608066,0.04808164556667678,0.346350871775088,0.39443251734176477
338.0,0.4572549151756517,0.1483125656725376,0.04808164542916651,0.34635087372264417,0.39443251915181066
339.0,0.45725491519785666,0.1483125639348491,0.0480816452988547,0.34635087556843946,0.3944325208672942
340.0,0.4572549152188413,0.14831256228800596,0.04808164517536455,0.3463508773177882,0.39443252249315275
341.0,0.45725491523867323,0.14831256072726062,0.04808164505833895,0.34635087897572714,0.3944325240340661
342.0,0.45725491525741657,0.1483125592481136,0.048081644947439516,0.3463508805470305,0.39443252549447005
343.0,0.4572549152751314,0.1483125578463003,0.048081644842345526,0.34635088203622283,0.3944325268785684
344.0,0.45725491529187473,0.14831255651777903,0.048081644742753116,0.3463508834475932,0.3944325281903463
345.0,0.45725491530770057,0.14831255525871914,0.04808164464837426,0.3463508847852061,0.3944325294335803
346.0,0.45725491532265944,0.14831255406549018,0.04808164455893606,0.3463508860529143,0.39443253061185035
347.0,0.4572549153367993,0.14831255293465137,0.04808164447417988,0.34635088725436947,0.3944325317285493
348.0,0.45725491535016555,0.14831255186294157,0.04808164439386063,0.3463508883930323,0.39443253278689294
349.0,0.45725491536280066,0.14831255084727013,0.048081644317746045,0.3463508894721832,0.3944325337899292
350.0,0.4572549153747452,0.14831254988470788,0.048081644245616006,0.34635089049493095,0.39443253474054696
351.0,0.45725491538603724,0.1483125489724786,0.04808164417726194,0.3463508914642222,0.3944325356414841
352.0,0.45725491539671254,0.14831254810795128,0.04808164411248619,0.34635089238285,0.39443253649533616
353.0,0.4572549154068054,0.14831254728863222,0.04808164405110141,0.346350893253461,0.3944325373045624
354.0,0.4572549154163474,0.14831254651215822,0.04808164399293012,0.34635089407856423,0.39443253807149437
355.0,0.45725491542536933,0.14831254577628936,0.048081643937804085,0.3463508948605373,0.3944325387983414
356.0,0.45725491543389957,0.14831254507890287,0.048081643885563866,0.3463508956016337,0.39443253948719753
357.0,0.45725491544196517,0.14831254441798697,0.04808164383605844,0.34635089630398946,0.39443254014004786
358.0,0.4572549154495917,0.14831254379163494,0.04808164378914461,0.34635089696962884,0.3944325407587735
359.0,0.45725491545680313,0.1483125431980397,0.048081643744686715,0.3463508976004705,0.3944325413451572
360.0,0.4572549154636223,0.14831254263548865,0.04808164370255621,0.34635089819833287,0.3944325419008891
361.0,0.45725491547007074,0.14831254210235864,0.04808164366263123,0.3463508987649393,0.39443254242757053
362.0,0.4572549154761688,0.1483125415971115,0.04808164362479634,0.34635089930192337,0.3944325429267197
363.0,0.4572549154819358,0.14831254111828923,0.04808164358894211,0.34635089981083295,0.39443254339977507
364.0,0.45725491548738945,0.14831254066451025,0.048081643554964866,0.3463509002931355,0.39443254384810034
365.0,0.45725491549254726,0.14831254023446505,0.04808164352276634,0.3463509007502214,0.39443254427298774
366.0,0.45725491549742514,0.14831253982691261,0.04808164349225341,0.34635090118340867,0.3944325446756621
367.0,0.4572549155020389,0.14831253944067685,0.04808164346333787,0.3463509015939465,0.3944325450572843
368.0,0.45725491550640246,0.14831253907464303,0.048081643435936065,0.34635090198301854,0.3944325454189546
369.0,0.4572549155105295,0.1483125387277548,0.04808164340996875,0.34635090235174687,0.3944325457617156
370.0,0.45725491551443315,0.14831253839901098,0.04808164338536085,0.3463509027011949,0.3944325460865557
371.0,0.4572549155181255,0.14831253808746278,0.04808164336204119,0.3463509030323704,0.3944325463944116
372.0,0.4572549155216183,0.14831253779221093,0.04808164333994234,0.34635090334622864,0.394432546686171
373.0,0.4572549155249219,0.14831253751240314,0.04808164331900037,0.3463509036436746,0.39443254696267493
374.0,0.45725491552804703,0.14831253724723184,0.04808164329915473,0.3463509039255664,0.3944325472247211
375.0,0.45725491553100317,0.14831253699593158,0.048081643280348044,0.34635090419271714,0.39443254747306516
376.0,0.4572549155337999,0.14831253675777686,0.048081643262525876,0.34635090444589733,0.39443254770842323
377.0,0.4572549155364454,0.1483125365320803,0.04808164324563674,0.3463509046858375,0.3944325479314743
378.0,0.45725491553894826,0.14831253631819025,0.04808164322963176,0.34635090491322973,0.3944325481428615
379.0,0.45725491554131603,0.14831253611548928,0.048081643214464655,0.3463509051287301,0.39443254834319474
380.0,0.4572549155435561,0.14831253592339214,0.048081643200091576,0.34635090533296026,0.3944325485330519
