Generation,xOC,xOB,xMMd,xMMr,total xMM
0.0,0.25,0.4444444444444444,0.2777777777777778,0.027777777777777776,0.3055555555555556
1.0344827586206897,0.39361770891078923,0.31363559039714295,0.2691771254522723,0.0235695752397955,0.29274670069206776
2.0689655172413794,0.44063760489162695,0.23997177483886672,0.2973908100828151,0.021999810186691122,0.3193906202695062
3.1034482758620694,0.4593656964539177,0.18684610688014003,0.3330982103149861,0.020689986350956147,0.35378819666594225
4.137931034482759,0.4650726727912969,0.14628900559421149,0.36933745591106565,0.019300865703425894,0.3886383216144915
5.172413793103448,0.4629682402005694,0.11507506759629275,0.40410334492785854,0.017853347275279315,0.42195669220313786
6.206896551724139,0.45565914006525937,0.09106548636771065,0.4368583017380857,0.016417071828944287,0.45327537356703
7.241379310344828,0.4448310833614732,0.07259342104906115,0.4675292954122966,0.015046200177169036,0.4825754955894656
8.275862068965518,0.43169321679310413,0.05834606138281918,0.49618831244618616,0.013772409377890475,0.5099607218240767
9.310344827586208,0.4171348259952466,0.04730784948553788,0.5229473394825027,0.0126099850367127,0.5355573245192154
10.344827586206897,0.4018085246249345,0.038705606883644265,0.5479240127496272,0.011561855741794108,0.5594858684914213
11.379310344827587,0.38618823818042836,0.03195634871293094,0.5712311835717396,0.010624229534901001,0.5818554131066407
12.413793103448278,0.3706133087920832,0.02662239238956962,0.5929745745971269,0.009789724221220226,0.6027642988183471
13.448275862068966,0.3553223588736896,0.02237529597596075,0.6132529999415174,0.009049345208832086,0.6223023451503494
14.482758620689657,0.3404790798313147,0.018968060380063656,0.6321591838576811,0.008393675930940604,0.6405528597886218
15.517241379310345,0.3261917175370161,0.016214205257572945,0.649780521139374,0.0078135560660371,0.6575940772054111
16.551724137931036,0.3125276968698745,0.013972226501015338,0.6661996378337586,0.007300438795351474,0.67350007662911
17.586206896551726,0.29952458019135303,0.012134125740822633,0.6814947415460517,0.006846552521772527,0.6883412940678243
18.620689655172416,0.28719826600704884,0.010616962970019614,0.6957398237950092,0.006444947227922289,0.7021847710229315
19.655172413793103,0.27554911981547486,0.009356630912729876,0.7090047735515352,0.006089475720260067,0.7150942492717953
20.689655172413794,0.26456655501974713,0.008303254602993687,0.7213554497327961,0.005774740644463155,0.7271301903772592
21.724137931034484,0.2542324539900231,0.0074177786487237985,0.7328537413934897,0.0054960259677633095,0.7383497673612529
22.758620689655174,0.24452371325551459,0.006669423488230158,0.7435576394212172,0.005249223835038178,0.7488068632562553
23.793103448275865,0.2354141327385729,0.006033779294104247,0.7535213250475804,0.005030762919742298,0.7585520879673227
24.827586206896555,0.22687580607604801,0.005491369655151538,0.7627952827481559,0.004837541520644497,0.7676328242688003
25.862068965517242,0.21888013866761769,0.005026562966441728,0.7714264314877065,0.004666866878234195,0.7760932983659407
26.896551724137932,0.21139858146311138,0.004626742510175588,0.77945827484774,0.004516401178972999,0.783974676026713
27.931034482758623,0.20440314981326824,0.004281670003118423,0.7869310661181501,0.004384114065463266,0.7913151801836134
28.965517241379313,0.1978667835421403,0.003982994673506367,0.7938819805192274,0.004268241265125983,0.7981502217843534
30.0,0.1917635842403312,0.0037238724214094694,0.8003452946032349,0.004167248735024452,0.8045125433382594
30.0,0.22128985677065616,0.004151346034153717,0.7697106933641819,0.0048481038310083735,0.7745587971951903
31.0,0.23465443248920767,0.004725243152427465,0.7548291039669108,0.005791220391454074,0.7606203243583648
32.0,0.2471333999402339,0.005385066276697876,0.7405452993336514,0.006936234449416789,0.7474815337830683
33.0,0.26009685250581227,0.00613265456543823,0.7254600734748834,0.00831041945386603,0.7337704929287495
34.0,0.2736636352432507,0.006976722108964386,0.7094032938318948,0.009956348815889996,0.7193596426477848
35.0,0.2878270200668386,0.007926992390316098,0.6923210156538826,0.011924971888962707,0.7042459875428453
36.0,0.30255568675865147,0.008993336912642457,0.6741753771066052,0.014275599222100937,0.6884509763287062
37.0,0.3178003382172307,0.010185354959974604,0.6549377113192302,0.017076595503564423,0.6720143068227946
38.0,0.3334916755996482,0.011511892370836423,0.634590410649981,0.02040602137953445,0.6549964320295154
39.0,0.3495376935557037,0.012980435082977934,0.6131298185254537,0.024352052835864828,0.6374818713613184
40.0,0.36582121736240764,0.01459636685580725,0.5905693625911542,0.029013053190630952,0.6195824157817851
41.0,0.3821980256837295,0.016362097715306553,0.5669427140526341,0.03449716254832988,0.6014398766009639
42.0,0.39849589637354593,0.018276087698917826,0.5423067552321932,0.040921260695343055,0.5832280159275361
43.0,0.4145149364569288,0.020331813032292975,0.516744087414431,0.04840916309634734,0.5651532505107782
44.0,0.4300295500246296,0.022516747924497437,0.49036476984435357,0.05708893220651932,0.547453702050873
45.0,0.4447923411189561,0.024811461807159214,0.4633069643755541,0.06708923269833046,0.5303961970738846
46.0,0.4585401320892023,0.02718895446424959,0.4357361815122806,0.07853473193426748,0.5142709134465481
47.0,0.471002099056664,0.029614364172474802,0.40784289228561194,0.09154064448524919,0.4993835367708611
48.0,0.48190979498865416,0.03204518035455122,0.3798383901502085,0.10620663450658613,0.48604502465679456
49.0,0.49100857193570385,0.034432067083647565,0.35194895192400705,0.12261040905664151,0.4745593609806486
50.0,0.49806966522644786,0.03672035474748345,0.32440853938745434,0.14080144063861444,0.4652099800260687
51.0,0.5029020097982323,0.038852186591151035,0.2974504757955369,0.16079532781507985,0.4582458036106168
52.0,0.5053627666677383,0.04076922250616469,0.2712986905648744,0.18256932026122272,0.45386801082609707
53.0,0.5053655768662164,0.042415717060745387,0.24615921850005015,0.2060594875729879,0.45221870607303805
54.0,0.5028857387677304,0.043741717882124456,0.22221264463083196,0.23115989871931314,0.4533725433501451
55.0,0.4979618024357171,0.04470608894641912,0.19960809610373767,0.25772401251412597,0.45733210861786366
56.0,0.4906934460886014,0.04527906150541102,0.1784592118043891,0.28556828060159845,0.46402749240598745
57.0,0.4812358846618871,0.045444056317794065,0.1588422980583092,0.3144777609620095,0.4733200590203187
58.0,0.46979139747976334,0.04519859913308777,0.1407966434824253,0.3442133599047236,0.48501000338714895
59.0,0.4565988029188619,0.044554254238039194,0.12432675601619489,0.37452018682690413,0.498846942843099
60.0,0.44192182647215994,0.0435356111821,0.10940612957278992,0.40513643277295025,0.5145425623457401
61.0,0.42603730330621176,0.042178459917102666,0.09598206176658046,0.43580217501010515,0.5317842367766856
62.0,0.40922404666405465,0.040527365052289654,0.08398102810285701,0.4662675601807987,0.5502485882836556
63.0,0.3917530318391894,0.03863289198529811,0.07331416027554635,0.49629991589996614,0.5696140761755125
64.0,0.37387932875980423,0.036548744234219416,0.06388245833875071,0.5256894686672257,0.5895719270059764
65.0,0.3558359981433082,0.03432904635010678,0.05558146837132093,0.5542534871352642,0.6098349555065851
66.0,0.3378299724711995,0.03202595866565689,0.048305261142375544,0.5818388077207681,0.6301440688631437
67.0,0.32003978968049074,0.029687749255063577,0.041949640272198066,0.6083228207922476,0.6502724610644458
68.0,0.30261494109733705,0.02735738514913929,0.036414582929978595,0.6336130908235451,0.6700276737535237
69.0,0.2856765348350717,0.02507164756007904,0.0316059694938306,0.6576458481110187,0.6892518176048492
70.0,0.26931895557492913,0.022860730325469897,0.027436691676776565,0.6803836224228244,0.707820314099601
71.0,0.2536122124837397,0.02074824966883348,0.023827244448260093,0.7018122933991668,0.725639537847427
72.0,0.23860469931806005,0.01875157673020461,0.020705909687753245,0.7219378142639821,0.7426437239517354
73.0,0.22432613544564048,0.016882400252651465,0.018008633012007016,0.740782831289701,0.758791464301708
74.0,0.21079050599316998,0.01514743233707342,0.01567868326402946,0.7583833784057271,0.7740620616697564
75.0,0.19799886789132753,0.013549181988041272,0.01366616964274803,0.7747857804778832,0.7884519501206312
76.0,0.18594193242504117,0.012086736200792736,0.01192747649064344,0.7900438548835227,0.8019713313741661
77.0,0.1746023718857097,0.010756504102011507,0.010424661715900393,0.8042164622963784,0.8146411240122788
78.0,0.16395682728123098,0.009552894392858067,0.009124852483328385,0.8173654258425826,0.826490278325911
79.0,0.15397761596587478,0.00846890898951211,0.007999661497590488,0.8295538135470226,0.8375534750446131
80.0,0.14463415328454515,0.007496645837328905,0.007024638953274667,0.8408445619248512,0.847869200878126
81.0,0.13589411197224474,0.006627711344839592,0.00617876888352599,0.8512994077993897,0.8574781766829156
82.0,0.1277243482866573,0.005853547977172828,0.005444013950108695,0.8609780897860613,0.8664221037361699
83.0,0.12009162580113786,0.0051656856471996825,0.00480490939608774,0.8699377791555748,0.8747426885516626
84.0,0.11296316742948562,0.004555927079246835,0.004248204646080427,0.8782327008451872,0.8824809054912677
85.0,0.10630706439972633,0.004016477712206525,0.003762549634032176,0.8859139082540349,0.889676457888067
86.0,0.10009256816917053,0.0035400303219291682,0.003338222148362383,0.8930291793605378,0.8963674015089003
87.0,0.0942902881400692,0.0031198136744138524,0.0029668921329847543,0.8996230060525321,0.9025898981855168
88.0,0.08887231481736484,0.0027496133988540975,0.0026414188319361293,0.905736652951845,0.9083780717837812
89.0,0.08381228495846295,0.002423772056548018,0.0023556768101809615,0.9114082661748082,0.9137639429849891
90.0,0.07908540242551901,0.002137174188016124,0.0021044071462788592,0.916673016240186,0.918777423386465
91.0,0.07466842592741613,0.0018852210142581071,0.001883090418808717,0.9215632626395172,0.9234463530583258
92.0,0.07053963265263352,0.0016637984854792935,0.0016878384596507902,0.9261087304022364,0.9277965688618871
93.0,0.06667876493897486,0.0014692415263442252,0.0015153021982229314,0.930336691336458,0.931851993534681
94.0,0.06306696557832975,0.0012982966207977311,0.0013625932557512791,0.9342721445451213,0.9356347378008726
95.0,0.05968670608219735,0.0011480843027467096,0.0012272172585357588,0.9379379923565202,0.939165209615056
96.0,0.05652171120112685,0.0010160626576256426,0.0011070171194887497,0.9413552090217587,0.9424622261412475
97.0,0.05355688216315802,0.0008999925783041473,0.0010001247866189109,0.944543000471919,0.9455431252585379
98.0,0.050778220439591286,0.0007979052410246147,0.0009049201762169897,0.9475189541431671,0.9484238743193841
99.0,0.04817275333109684,0.0007080720581392865,0.0008199961990773207,0.9502991784116865,0.9511191746107638
100.0,0.04572846226716576,0.0006289772109657581,0.0007441289525961715,0.9528984315692723,0.9536425605218685
101.0,0.043434214404878387,0.0005592927565180515,0.0006762522927349726,0.9553302405458686,0.9560064928386035
102.0,0.0412796978801687,0.0004978562264419771,0.0006154361203644601,0.9576070097730249,0.9582224458933893
103.0,0.03925536089068384,0.00044365058714829274,0.0005608678190437112,0.9597401207031241,0.9603009885221678
104.0,0.037352354661293316,0.00039578640039057434,0.0005118363682693636,0.9617400225700468,0.9622518589383161
105.0,0.03556248025103906,0.00035348600820093935,0.000467718729852969,0.963616315010907,0.96408403374076
106.0,0.0338781390956169,0.0003160695611199324,0.0004279681672986401,0.9653778231759645,0.9658057913432632
107.0,0.03229228713581334,0.0002829427109053403,0.0003921042105662382,0.9670326659427151,0.9674247701532813
108.0,0.030798392354541477,0.00025358579599612315,0.00035970402289674914,0.9685883178265656,0.9689480218494624
109.0,0.029390395529197914,0.0002275443581579611,0.0003303949637180147,0.9700516651489262,0.9703820601126442
110.0,0.028062673998867284,0.00020442084063307085,0.0003038481731271366,0.9714290569873725,0.9717329051604996
111.0,0.02681000824501942,0.0001838673308119385,0.0002797730299843536,0.9727263513941842,0.9730061244241686
112.0,0.0256275510879254,0.00016557922327226768,0.0002579123580343066,0.973948957330768,0.9742068696888023
113.0,0.024510799307661636,0.00014928969153729681,0.00023803827335492993,0.9751018727274461,0.9753399110008011
114.0,0.023455567507215475,0.0001347648687971078,0.00021994858237825996,0.9761897190416091,0.9764096676239874
115.0,0.02245796404506783,0.00012179964893497164,0.00020346365319931937,0.9772167726527978,0.9774202363059972
116.0,0.021514368875126623,0.00011021402941297214,0.00018842369428211626,0.9781869934011782,0.9783754170954603
117.0,0.020621413142600863,9.984992686372692e-05,0.00017468638431571872,0.9791040505462196,0.9792787369305354
118.0,0.019775960395040794,9.056840461570741e-05,0.00016212480514521112,0.9799713463951982,0.9801334712003434
119.0,0.018975089278117793,8.224725888338329e-05,0.00015062563663433028,0.9807920378263646,0.9809426634629989
120.0,0.018216077595642387,7.477891703211292e-05,0.0001400875782035156,0.981569055909122,0.9817091434873255
121.0,0.017496387622733322,6.80686072428874e-05,0.00013041996679240977,0.9823051238032313,0.9824355437700237
122.0,0.016813652569906277,6.203276411956304e-05,0.00012154156525668267,0.9830027731007174,0.9831243146659742
123.0,0.016165664104127894,5.659763936762654e-05,0.0001133794988406072,0.9836643587576639,0.9837777382565046
124.0,0.01555036084057604,5.169809069361513e-05,0.00010586832046589447,0.9842920727482645,0.9843979410687304
125.0,0.014965817725974228,4.727652558953078e-05,9.89491882252969e-05,0.984887956560211,0.9849869057484363
126.0,0.014410236240946431,4.328197973417299e-05,9.256914073493773e-05,0.9854539126385845,0.9855464817793194
127.0,0.013881935354896362,3.966931241579382e-05,8.668045793995386e-05,0.9859917148747479,0.9860783953326877
128.0,0.013379343172481694,3.6398503705515685e-05,8.124009663253099e-05,0.9865030182271802,0.9865842583238128
129.0,0.012900989215861407,3.3434040131419664e-05,7.620919137087012e-05,0.9869893675526363,0.9870655767440072
130.0,0.012445497291575148,3.074437735739359e-05,7.155261271679484e-05,0.9874522057183506,0.9875237583310674
131.0,0.012011578895199437,2.830146989270666e-05,6.723857576797786e-05,0.98789288105914,0.9879601196349079
132.0,0.011598027110846797,2.6080359177870003e-05,6.323829287303754e-05,0.9883126542371022,0.9883758925299754
133.0,0.011203710966160614,2.40588125360614e-05,5.9525665205144e-05,0.9887127045560983,0.9887722302213034
134.0,0.010827570206737367,2.2217006470389106e-05,5.607700855021091e-05,0.989094135778242,0.9891502127867923
135.0,0.010468610456905376,2.0537248645791978e-05,5.287080925447678e-05,0.9894579814851944,0.9895108522944488
136.0,0.010125898736528924,1.900373363807428e-05,4.9887506786271075e-05,0.9898052100230467,0.9898550975298329
137.0,0.00979855930601099,1.7602328176824646e-05,4.710929980907272e-05,0.9901367290660031,0.9901838383658123
138.0,0.009485769813957047,1.632038216712412e-05,4.4519973047033897e-05,0.9904533898308288,0.9904979098038759
139.0,0.009186757724055689,1.5146562258597998e-05,4.210474255801895e-05,0.9907559909711277,0.9907980957136856
140.0,0.008900796999645568,1.4070705149556084e-05,3.985011731978865e-05,0.9910452821778851,0.9910851322952048
141.0,0.008627205026189208,1.3083688177394918e-05,3.774377528814462e-05,0.9913219675103453,0.9913597112856334
142.0,0.00836533975347588,1.2177315061631639e-05,3.577445230669836e-05,0.9915867084791558,0.9916224829314624
143.0,0.008114597040841815,1.1344214939411869e-05,3.393184244078544e-05,0.9918401269017779,0.9918740587442187
144.0,0.007874408190037978,1.0577753070711105e-05,3.2206508476640096e-05,0.9920828075484147,0.9921150140568914
145.0,0.0076442376516048845,9.871951796593047e-06,3.0589801474490516e-05,0.992315300595124,0.9923458903965985
146.0,0.007423580891739771,9.221420513000425e-06,2.9073788393494194e-05,0.9925381238993537,0.9925671976877473
147.0,0.007211962407673275,8.6212935782633e-06,2.765118691979252e-05,0.9927517651118287,0.9927794162987486
148.0,0.007008933880518812,8.067175207951584e-06,2.6315306728481042e-05,0.9929566836375446,0.9929829989442731
149.0,0.006814072455425248,7.555090528580933e-06,2.505999649774801e-05,0.9931533124575486,0.9931783724540463
150.0,0.006626979139659432,7.0814420643438215e-06,2.387959607036616e-05,0.9933420598222059,0.9933659394182763
151.0,0.006447277309975448,6.642971020502901e-06,2.2768893225466336e-05,0.9935233108257785,0.993546079719004
152.0,0.0062746113212981515,6.236722805098819e-06,2.1723084583231642e-05,0.9936974288713135,0.9937191519558968
153.0,0.006108645209364282,5.8600162987010115e-06,2.073774021783133e-05,0.9938647570341191,0.9938854947743369
154.0,0.005949061480530412,5.510416441374242e-06,1.9808771600436608e-05,0.9940256193314277,0.9940454281030281
155.0,0.005795559982476959,5.185709757976485e-06,1.893240253528424e-05,0.9941803219052299,0.9941992543077651
156.0,0.0056478568500156956,4.883882488324189e-06,1.8105142788138867e-05,0.9943291541247079,0.994347259267496
157.0,0.0055056835206479075,4.6031010285062216e-06,1.73237641387272e-05,0.9944723896141849,0.9944897133783237
158.0,0.005368785814925081,4.341694424432466e-06,1.6585278617278294e-05,0.9946102872120332,0.9946268724906505
159.0,0.00523692307703632,4.098138689203481e-06,1.5886918710643273e-05,0.9947430918655639,0.9947589787842746
160.0,0.0051098673713897485,3.871042742635966e-06,1.522611934596811e-05,0.9948710354665217,0.9948862615858676
161.0,0.004987402731270829,3.659135794754035e-06,1.4600501479890165e-05,0.9949943376314545,0.9950089381329343
162.0,0.004869324455951733,3.4612560156744174e-06,1.4007857139016644e-05,0.9951132064308936,0.9951272142880326
163.0,0.004755438452893943,3.27634035243604e-06,1.3446135773279128e-05,0.9952278390709803,0.9952412852067535
164.0,0.004645560621933743,3.103415369265203e-06,1.2913431797868282e-05,0.9953384225308992,0.995351335962697
165.0,0.004539516278568257,2.9415890017998428e-06,1.2407973212035721e-05,0.9954451341592179,0.99545754213243
166.0,0.004437139613670204,2.7900431281582327e-06,1.1928111194280283e-05,0.9955481422320073,0.9955600703432016
167.0,0.004338273187153795,2.6480268706358314e-06,1.1472310583466993e-05,0.9956476064753921,0.9956590787859756
168.0,0.004242767453293547,2.5148505514295856e-06,1.1039141164394231e-05,0.9957436785549907,0.995754717696155
169.0,0.004150480315563426,2.3898802342791167e-06,1.0627269684347192e-05,0.995836502534518,0.9958471298042024
170.0,0.004061276709016786,2.272532791416424e-06,1.0235452534358804e-05,0.9959262153056575,0.9959364507581918
171.0,0.003975028208369014,2.162271441849885e-06,9.862529035335552e-06,0.9960129469911538,0.9960228095201891
172.0,0.003891612660075558,2.0586017128793997e-06,9.507415274977523e-06,0.9960968213229365,0.9961063287382116
173.0,0.00381091383681897,1.9610677819391623e-06,9.16909844660157e-06,0.9961779559969525,0.996187125095399
174.0,0.003732821112930419,1.8692491604729886e-06,8.846631645628385e-06,0.9962564630062635,0.996265309637909
175.0,0.003657229159374765,1.7827576856347318e-06,8.539129083675077e-06,0.996332448953856,0.9963409880829397
176.0,0.00358403765702404,1.7012347892345805e-06,8.245761683955293e-06,0.9964060153465027,0.9964142611081868
177.0,0.0035131510270330043,1.6243490165750288e-06,7.965753025073406e-06,0.9964772588709254,0.9964852246239504
178.0,0.003444478177212641,1.5517937706853991e-06,7.698375603347901e-06,0.9965462716534134,0.9965539700290168
179.0,0.003377932263373652,1.4832852600126339e-06,7.442947386546899e-06,0.9966131415039798,0.9966205844513665
180.0,0.003313430464682624,1.418560629895202e-06,7.198828634397245e-06,0.9966779521460531,0.9966851509746876
181.0,0.003250893772139048,1.35737626016859e-06,6.965418963465771e-06,0.9967407834326373,0.9967477488516009
182.0,0.003190246789342069,1.2995062130532502e-06,6.742154636031924e-06,0.9968017115498089,0.9968084537044449
183.0,0.0031314175447722296,1.2447408170840143e-06,6.528506054397367e-06,0.9968608092083562,0.9968673377144106
184.0,0.003074337314865771,1.1928853742758167e-06,6.323975443730057e-06,0.9969181458243161,0.9969244697997599
185.0,0.0030189404572075655,1.1437589790034577e-06,6.1280947080352125e-06,0.9969737876891055,0.9969799157838135
186.0,0.0029651642532139283,1.0971934382202457e-06,5.940423445199746e-06,0.9970277981299027,0.9970337385533479
187.0,0.0029129487597183757,1.0530322836666999e-06,5.760547108283595e-06,0.9970802376608896,0.9970859982079979
188.0,0.002862236668912354,1.0111298676395105e-06,5.588075301344211e-06,0.9971311641259186,0.99713675220122
189.0,0.0028129731761291697,9.713505347143783e-07,5.422640199090083e-06,0.9971806328331371,0.997186055473336
190.0,0.0027651058549929596,9.335678625546835e-07,5.263895080575959e-06,0.9972286966820639,0.9972339605771446
191.0,0.0027185845394858653,8.976639656003887e-07,5.11151296798534e-06,0.9972754062835806,0.9972805177965486
192.0,0.0026733612125157094,8.635288560263915e-07,4.965185362303021e-06,0.9973208100732659,0.9973257752586282
193.0,0.0026293899005935184,8.310598568939434e-07,4.824621068369283e-06,0.9973649544184812,0.9973697790395495
194.0,0.002586626574255533,8.001610628992465e-07,4.689545102434254e-06,0.9974078837195791,0.9974125732646816
195.0,0.0025450290538878125,7.707428445556081e-07,4.559697675902044e-06,0.9974496405055917,0.9974542002032677
196.0,0.002504556920633417,7.427213920347142e-07,4.4348332494744995e-06,0.9974902655247251,0.9974947003579746
197.0,0.0024651714320825997,7.160182952431715e-07,4.3147196523790295e-06,0.9975297978299698,0.9975341125496222
198.0,0.002426835442465383,6.905601570265212e-07,4.1991372617977506e-06,0.9975682748601158,0.9975724739973776
199.0,0.0023895133270836946,6.662782366780105e-07,4.087878238010432e-06,0.9976057325164417,0.9976098203946797
200.0,0.0023531709107367086,6.431081211867406e-07,3.980745811124698e-06,0.997642205235331,0.9976461859811421
201.0,0.002317775399908518,6.20989421892233e-07,3.877553615596786e-06,0.9976777260570541,0.9976816036106696
202.0,0.002283295318501619,5.998654944225014e-07,3.7781250690478985e-06,0.9977123266909349,0.9977161048160038
203.0,0.0022497004469131487,5.796831799826947e-07,3.68229279215712e-06,0.9977460375771148,0.9977497198699069
204.0,0.002216961764263359,5.603925662332584e-07,3.5898980666646016e-06,0.9977788879451037,0.9977824778431705
205.0,0.002185051393597538,5.419467661522229e-07,3.5007903287500922e-06,0.9978109058693075,0.9978144066596364
206.0,0.0021539425498935216,5.243017134172406e-07,3.414826695264004e-06,0.9978421183216978,0.9978455331483929
207.0,0.002123609490717205,5.07415972970843e-07,3.3318715204826722e-06,0.9978725512217894,0.9978758830933099
208.0,0.0020940274693780022,4.912505655483585e-07,3.251795981237845e-06,0.9979022294840751,0.9979054812800564
209.0,0.0020651726904451634,4.757688050531961e-07,3.174477688434205e-06,0.9979311770630614,0.9979343515407499
210.0,0.002037022267494229,4.609361477597988e-07,3.099800323119099e-06,0.997959416996035,0.9979625167963581
211.0,0.0020095541829607284,4.467200524114491e-07,3.0276532954068273e-06,0.9979869714436914,0.9979899990969868
212.0,0.0019827472499855665,4.330898503590962e-07,2.9579314246868393e-06,0.9980138617287393,0.9980168196601641
213.0,0.001956581076143378,4.20016624959247e-07,2.8905346396620423e-06,0.9980401083725919,0.9980429989072316
214.0,0.0019310360289516073,4.074730995143824e-07,2.825367696870896e-06,0.998065731130252,0.9980685564979488
215.0,0.0019060932030640267,3.954335330989483e-07,2.7623399164459516e-06,0.9980907490234864,0.9980935113634029
216.0,0.0018817343890580934,3.838736236682765e-07,2.7013649339526603e-06,0.9981151803723842,0.9981178817373183
217.0,0.0018579420437308137,3.7277041789730986e-07,2.6423604672362686e-06,0.998139042825384,0.9981416851858512
218.0,0.0018346992618227395,3.6210222724118435e-07,2.585248097282093e-06,0.9981623533878528,0.99816493863595
219.0,0.0018119897490943575,3.5184854975096427e-07,2.5299530621658953e-06,0.9981851284492937,0.9981876584023559
220.0,0.0017897977966835283,3.4198999721549354e-07,2.4764040632370233e-06,0.998207383809256,0.9982098602133193
221.0,0.0017681082566766643,3.3250822723475145e-07,2.424533082737857e-06,0.9982291347020134,0.9982315592350961
222.0,0.001746906518830233,3.233858798615772e-07,2.3742752121193255e-06,0.9982503958200778,0.9982527700952898
223.0,0.0017261784883827326,3.146065184774201e-07,2.3255684903642352e-06,0.9982711813366084,0.9982735069050989
224.0,0.0017059105649006895,3.061545745941291e-07,2.2783537516781758e-06,0.9982915049267731,0.9982937832805248
225.0,0.0016860896221054088,2.9801529629793267e-07,2.232574481952234e-06,0.9983113797881163,0.9983136123625983
226.0,0.0016667029886301774,2.901747000738726e-07,2.188176683442839e-06,0.9983308186599863,0.9983330068366697
227.0,0.0016477384296604476,2.826195257692322e-07,2.145108747152151e-06,0.9983498338420667,0.9983519789508137
228.0,0.0016291841294121484,2.7533719447309073e-07,2.103321332427658e-06,0.9983684372120609,0.9983705405333934
229.0,0.0016110286744057624,2.683157691062037e-07,2.0627672533323152e-06,0.9983866402425718,0.9983887030098251
230.0,0.0015932610374961376,2.6154391753107067e-07,2.0234013713668385e-06,0.9984044540172149,0.9984064774185862
231.0,0.001575870562620193,2.550108780064471e-07,1.985180494153867e-06,0.9984218892460077,0.9984238744265018
232.0,0.0015588469502267504,2.487064268237792e-07,1.948063279719731e-06,0.9984389562800667,0.9984409043433464
233.0,0.0015421802433546574,2.4262084797520337e-07,1.912010146033787e-06,0.9984556651256513,0.9984575771357974
234.0,0.0015258608143272148,2.3674490471393598e-07,1.876983185487694e-06,0.9984720254575825,0.9984739024407681
235.0,0.0015098793520326196,2.3106981287817745e-07,1.8429460840178883e-06,0.9984880466320705,0.9984898895781545
236.0,0.0014942268497617798,2.2558721585913128e-07,1.8098640445938885e-06,0.9985037376989778,0.9985055475630223
237.0,0.0014788945935763818,2.202891611024752e-07,1.777703714813073e-06,0.9985191074135478,0.9985208851172626
238.0,0.0014638741511815243,2.1516807804066778e-07,1.7464331183593488e-06,0.9985341642476221,0.9985359106807404
239.0,0.0014491573612785992,2.1021675736089668e-07,1.7160215900986939e-06,0.9985489164003739,0.9985506324219641
240.0,0.0014347363233753847,2.0542833152032079e-07,1.6864397145990881e-06,0.9985633718085785,0.998565058248293
241.0,0.0014206033880315076,2.0079625642657746e-07,1.6576592678758496e-06,0.9985775381564441,0.9985791958157121
242.0,0.0014067511475186019,1.9631429420735975e-07,1.6296531621759768e-06,0.998591422885025,0.9985930525381871
243.0,0.0013931724268755284,1.9197649699825792e-07,1.6023953936268228e-06,0.9986050332012338,0.9986066355966274
244.0,0.0013798602753400707,1.877771916830404e-07,1.5758609925853669e-06,0.9986183760864756,0.9986199519474681
245.0,0.0013668079581394595,1.837109655251532e-07,1.5500259765345275e-06,0.9986314583049185,0.998633008330895
246.0,0.0013540089486229901,1.797726526334765e-07,1.524867305382482e-06,0.998644286411419,0.9986458112787244
247.0,0.0013414569207208548,1.7595732120931856e-07,1.5003628390298264e-06,0.9986568667591189,0.9986583671219579
248.0,0.0013291457417141128,1.722602615252744e-07,1.4764912970776884e-06,0.9986692055067272,0.9986706819980243
249.0,0.0013170694653014943,1.6867697458995697e-07,1.45323222055765e-06,0.9986813086255034,0.9986827618577239
250.0,0.0013052223249494415,1.652031614557385e-07,1.4305659355715542e-06,0.9986931819059536,0.9986946124718891
251.0,0.0012935987275124938,1.618347131295424e-07,1.4084735187360333e-06,0.9987048309642557,0.9987062394377744
252.0,0.0012821932471117428,1.5856770104941542e-07,1.3869367643328979e-06,0.9987162612484229,0.9987176481851873
253.0,0.0012710006192597173,1.553983680921079e-07,1.3659381530724388e-06,0.9987274780442191,0.9987288439823722
254.0,0.0012600157352206155,1.5232312007920533e-07,1.3454608223822165e-06,0.9987384864808369,0.9987398319416593
255.0,0.0012492336365953686,1.4933851775150564e-07,1.325488538139074e-06,0.9987492915363487,0.9987506170248869
256.0,0.0012386495101215174,1.4644126918333414e-07,1.3060056677669561e-06,0.9987598980429415,0.9987612040486092
257.0,0.0012282586826783822,1.4362822261034415e-07,1.286997154627649e-06,0.9987703106919444,0.9987715976890991
258.0,0.0012180566164884782,1.4089635964607692e-07,1.268448493635787e-06,0.9987805340386583,0.998781802487152
259.0,0.0012080389045065463,1.3824278886415794e-07,1.2503457080334677e-06,0.9987905725069965,0.9987918228527045
260.0,0.001198201265988008,1.3566473972450007e-07,1.2326753272635336e-06,0.998800430393945,0.9988016630692722
261.0,0.0011885395422290312,1.3315955682327146e-07,1.215424365884073e-06,0.9988101118738483,0.9988113272982141
262.0,0.001179049692470783,1.3072469444768063e-07,1.1985803034699856e-06,0.9988196210025313,0.9988208195828349
263.0,0.0011697277899607712,1.283577114178332e-07,1.1821310654505127e-06,0.9988289617212623,0.9988301438523278
264.0,0.0011605700181645559,1.2605626619903828e-07,1.1660650048345484e-06,0.9988381378605644,0.9988393039255692
265.0,0.0011515726671213879,1.2381811226898615e-07,1.1503708847782264e-06,0.9988471531438815,0.9988483035147663
266.0,0.001142732129937659,1.2164109372519514e-07,1.1350378619518539e-06,0.9988560111911068,0.9988571462289688
267.0,0.001134044899412328,1.19523141119033e-07,1.1200554706656336e-06,0.998864715521976,0.9988658355774467
268.0,0.0011255075647887602,1.1746226750346749e-07,1.1054136077158764e-06,0.998873269559336,0.9988743749729436
269.0,0.001117116808627673,1.154565646824911e-07,1.0911025179155134e-06,0.9988816766322897,0.9988827677348074
270.0,0.0011088694037961295,1.1350419965090508e-07,1.0771127802747036e-06,0.998889939979224,0.9988910170920043
271.0,0.0011007622105677546,1.1160341121383677e-07,1.0634352947992046e-06,0.9988980627507261,0.9988991261860208
272.0,0.001092792173829565,1.0975250677601066e-07,1.0500612698759332e-06,0.9989060480123937,0.9989070980736635
273.0,0.0010849563203910253,1.0794985929139432e-07,1.0369822102167886e-06,0.9989138987475394,0.9989149357297495
274.0,0.0010772517563911249,1.0619390436440546e-07,1.0241899053333814e-06,0.9989216178597993,0.9989226420497046
275.0,0.0010696756647994789,1.0448313749439266e-07,1.01167641851677e-06,0.9989292081756445,0.998930219852063
276.0,0.001062225303007628,1.0281611145559509e-07,9.994340762976877e-07,0.9989366724468045,0.9989376718808809
277.0,0.0010548980005068778,1.0119143380524818e-07,9.874554583640527e-07,0.9989440133526011,0.9989450008080595
278.0,0.0010476911566491972,9.96077645129343e-08,9.757333879137672e-07,0.9989512335021984,0.9989522092355864
279.0,0.0010406022384878337,9.806381370468179e-08,9.642609224219898e-07,0.998958335436776,0.9989592996976984
280.0,0.001033628778694466,9.655833951569443e-08,9.530313448031275e-07,0.9989653216316213,0.9989662746629661
281.0,0.0010267683735498438,9.509014604594897e-08,9.420381549488501e-07,0.9989721944981492,0.9989731365363042
282.0,0.0010200186810050017,9.365808141323088e-08,9.312750616243825e-07,0.9989789563858519,0.9989798876609134
283.0,0.0010133774188102738,9.226103589849086e-08,9.207359747062555e-07,0.998985609584179,0.9989865303201537
284.0,0.0010068423627094293,9.089794017869676e-08,9.104149977455536e-07,0.9989921563243527,0.9989930667393504
285.0,0.0010004113446963952,8.956776364263123e-08,9.003064208415239e-07,0.9989985987811191,0.9989994990875399
286.0,0.0009940822513321262,8.826951278534256e-08,8.904047138111734e-07,0.9990049390744413,0.9990058294791551
287.0,0.0009878530221192837,8.700222967719803e-08,8.807045196412143e-07,0.9990111792711314,0.999012059975651
288.0,0.0009817216479325007,8.576499050371722e-08,8.712006482094061e-07,0.9990173213864287,0.9990181925870769
289.0,0.0009756861695020883,8.455690417257536e-08,8.618880702629927e-07,0.9990233673855234,0.9990242292735938
290.0,0.0009697446759491429,8.337711098436789e-08,8.527619116425493e-07,0.9990293191850282,0.9990301719469399
291.0,0.0009638953033700924,8.222478136391632e-08,8.438174477401344e-07,0.9990351786544008,0.9990360224718485
292.0,0.000958136233468805,8.109911464907184e-08,8.350500981811954e-07,0.9990409476173184,0.9990417826674166
293.0,0.0009524656922344653,7.999933793414115e-08,8.264554217201942e-07,0.9990466278530059,0.9990474543084277
294.0,0.0009468819486634906,7.892470496521482e-08,8.180291113404156e-07,0.9990522210975202,0.9990530391266317
295.0,0.0009413833135238419,7.787449508482675e-08,8.097669895488837e-07,0.9990577290449915,0.9990585388119809
296.0,0.0009359681381601429,7.684801222351229e-08,8.01665003857759e-07,0.9990631533488238,0.9990639550138277
297.0,0.0009306348133380929,7.584458393596295e-08,7.937192224440025e-07,0.9990684956228556,0.999069289342078
298.0,0.0009253817681267207,7.486356047959975e-08,7.859258299794924e-07,0.9990737574424828,0.9990745433683127
299.0,0.0009202074688170793,7.390431393350235e-08,7.782811236241556e-07,0.9990789403457454,0.9990797186268691
300.0,0.0009151104178760466,7.296623735574159e-08,7.70781509175026e-07,0.9990840458343774,0.9990848166158866
301.0,0.0009100891529339556,7.204874397726534e-08,7.634234973644922e-07,0.9990890753748247,0.999089838798322
302.0,0.0009051422458048076,7.115126643058539e-08,7.562037003013008e-07,0.9990940303992285,0.9990947866029288
303.0,0.0009002683015379021,7.027325601160468e-08,7.491188280481994e-07,0.999098912306378,0.9990996614252062
304.0,0.0008954659574997397,6.941418197301062e-08,7.421656853303839e-07,0.9991037224626329,0.9991044646283183
305.0,0.0008907338824851121,6.857353084774196e-08,7.353411683691886e-07,0.9991084622028157,0.9991091975439841
306.0,0.0008860707758563364,6.775080580111394e-08,7.286422618357208e-07,0.9991131328310761,0.9991138614733379
307.0,0.0008814753667096232,6.694552601025889e-08,7.220660359193836e-07,0.9991177356217285,0.9991184576877643
308.0,0.0008769464130676239,6.615722606960836e-08,7.156096435064663e-07,0.9991222718200629,0.9991229874297064
309.0,0.0008724827010972212,6.538545542120799e-08,7.092703174642053e-07,0.9991267426431298,0.9991274519134473
310.0,0.0008680830443516811,6.462977780871703e-08,7.030453680259255e-07,0.9991311492805025,0.9991318523258705
311.0,0.0008637462830363056,6.388977075400334e-08,6.969321802730775e-07,0.9991354928950127,0.999136189827193
312.0,0.0008594712832967685,6.316502505529837e-08,6.909282117101723e-07,0.9991397746234665,0.9991404655516782
313.0,0.0008552569365293419,6.245514430592954e-08,6.850309899287984e-07,0.9991439955773364,0.9991446806083263
314.0,0.0008511021587122556,6.175974443269569e-08,6.792381103570783e-07,0.9991481568434329,0.9991488360815434
315.0,0.0008470058897574593,6.107845325299785e-08,6.735472340910842e-07,0.9991522594845551,0.9991529330317892
316.0,0.0008429670928820834,6.041091004988163e-08,6.679560858048882e-07,0.999156304540122,0.9991569724962078
317.0,0.0008389847539989282,5.975676516418884e-08,6.624624517360739e-07,0.9991602930267842,0.9991609554892359
318.0,0.0008350578811253237,5.911567960305526e-08,6.570641777436698e-07,0.9991642259390173,0.9991648830031951
319.0,0.000831185503809746,5.8487324664028915e-08,6.517591674356095e-07,0.9991681042496982,0.9991687560088656
320.0,0.0008273666725755786,5.787138157411813e-08,6.465453803629404e-07,0.9991719289106625,0.9991725754560429
321.0,0.0008236004583814449,5.726754114311241e-08,6.414208302781328e-07,0.9991757008532471,0.9991763422740774
322.0,0.0008198859520975579,5.6675503430550614e-08,6.363835834549519e-07,0.9991794209888155,0.999180057372399
323.0,0.0008162222639975427,5.6094977425740785e-08,6.314317570674697e-07,0.999183090209268,0.999183721641025
324.0,0.0008126085232652233,5.5525680740264895e-08,6.265635176258922e-07,0.9991867093875364,0.999187335951054
325.0,0.0008090438775158725,5.496733931242809e-08,6.217770794669868e-07,0.9991902793780653,0.9991909011551448
326.0,0.000805527492331448,5.44196871231382e-08,6.170707032969813e-07,0.9991938010172782,0.9991944180879815
327.0,0.000802058550809351,5.3882465922725127e-08,6.124426947849026e-07,0.99919727512403,0.9991978875667247
328.0,0.0007986362531242662,5.3355424968232906e-08,6.078914032044064e-07,0.9992007025000476,0.9992013103914508
329.0,0.0007952598161026534,5.28383207707392e-08,6.034152201222364e-07,0.9992040839303565,0.9992046873455767
330.0,0.0007919284728094783,5.233091685227744e-08,5.990125781315232e-07,0.9992074201836956,0.9992080191962736
331.0,0.0007886414721467858,5.183298351195678e-08,5.946819496282169e-07,0.9992107120129202,0.9992113066948699
332.0,0.0007853980784637297,5.134429760089369e-08,5.904218456290107e-07,0.999213960155393,0.9992145505772385
333.0,0.000782197571177697,5.086464230558661e-08,5.862308146291906e-07,0.9992171653333655,0.99921775156418
334.0,0.0007790392444061577,5.0393806939382116e-08,5.821074414988995e-07,0.9992203282543455,0.9992209103617871
335.0,0.0007759224066089116,4.993158674169729e-08,5.780503464163809e-07,0.9992234496114579,0.9992240276618045
336.0,0.0007728463802403896,4.9477782684677614e-08,5.740581838368147e-07,0.9992265300837931,0.9992271041419769
337.0,0.000769810501411695,4.903220128698498e-08,5.70129641495421e-07,0.9992295703367455,0.999230140466387
338.0,0.0007668141195620757,4.859465443442358e-08,5.662634394435602e-07,0.999232571022344,0.9992331372857834
339.0,0.00076385659713953,4.816495920712485e-08,5.624583291166099e-07,0.999235532779572,0.9992360952379011
340.0,0.0007609373092902589,4.774293771302512e-08,5.587130924324504e-07,0.9992384562346797,0.999239014947772
341.0,0.0007580556435566878,4.7328416927381234e-08,5.550265409194328e-07,0.9992413420014854,0.9992418970280263
342.0,0.0007552109995837918,4.6921228538081154e-08,5.513975148727572e-07,0.9992441906816728,0.9992447420791878
343.0,0.0007524027888334631,4.6521208796516614e-08,5.478248825382236e-07,0.9992470028650753,0.9992475506899577
344.0,0.0007496304343066771,4.612819837379611e-08,5.443075393223645e-07,0.9992497791299556,0.9992503234374949
345.0,0.0007468933702732106,4.574204222208511e-08,5.408444070280083e-07,0.9992525200432775,0.9992530608876844
346.0,0.0007441910420086839,4.536258944087059e-08,5.374344331143553e-07,0.9992552261609688,0.999255763595402
347.0,0.0007415229055387008,4.498969314795534e-08,5.340765899806901e-07,0.9992578980281781,0.9992584321047681
348.0,0.0007388884273898716,4.4623210354996136e-08,5.307698742728875e-07,0.9992605361795255,0.9992610669493998
349.0,0.0007362870843475075,4.4263001847407674e-08,5.275133062118981e-07,0.9992631411393444,0.9992636686526506
350.0,0.0007337183632197844,4.390893206846201e-08,5.243059289434377e-07,0.999265713421919,0.999266237727848
351.0,0.0007311817606081839,4.3560869007420574e-08,5.211468079081309e-07,0.9992682535317149,0.9992687746785228
352.0,0.0007286767826840187,4.321868409154245e-08,5.180350302313887e-07,0.9992707619636017,0.999271279998632
353.0,0.0007262029449708613,4.2882252081819764e-08,5.149697041323318e-07,0.9992732392030729,0.999273754172777
354.0,0.0007237597721327031,4.255145097229682e-08,5.119499583510907e-07,0.9992756857264581,0.9992761976764163
355.0,0.0007213467977676638,4.2226161892836e-08,5.089749415938464e-07,0.9992781020011288,0.9992786109760705
356.0,0.0007189635642070995,4.190626901519922e-08,5.060438219949968e-07,0.9992804884857018,0.9992809945295239
357.0,0.0007166096223199399,4.15916594623188e-08,5.031557865958562e-07,0.9992828456302341,0.9992833487860207
358.0,0.0007142845313221018,4.128222322063748e-08,5.003100408393202e-07,0.9992851738764138,0.9992856741864548
359.0,0.0007119878585908354,4.097785305540187e-08,4.975058080799502e-07,0.9992874736577481,0.999287971163556
360.0,0.000709719179483853,4.06784444287985e-08,4.94742329108948e-07,0.9992897453997426,0.9992902401420717
361.0,0.0007074780771631041,4.038389542082627e-08,4.920188616935177e-07,0.9992919895200798,0.9992924815389416
362.0,0.0007052641424230597,4.009410665280349e-08,4.893346801301235e-07,0.9992942064287901,0.9992946957634703
363.0,0.0007030769735233765,3.9808981213411724e-08,4.866890748111773e-07,0.9992963965284206,0.9992968832174955
364.0,0.0007009161760258149,3.952842458718277e-08,4.840813518047031e-07,0.9992985602141978,0.9992990442955496
