Generation,xOC,xOB,xMMd,xMMr,total xMM
0.0,0.26666666666666666,0.4,0.26666666666666666,0.06666666666666667,0.3333333333333333
1.0169491525423728,0.45010051052451966,0.28991042961909963,0.20850103216261964,0.05148802769376111,0.25998905985638077
2.0338983050847457,0.5032997441943569,0.24785800455007018,0.20115531038825035,0.047686940867322475,0.24884225125557283
3.0508474576271185,0.5269650413949807,0.22210731119114352,0.20465273160031433,0.04627491581356136,0.2509276474138757
4.067796610169491,0.5409274540591676,0.20258578055496085,0.21098658745853827,0.04550017792733329,0.25648676538587156
5.084745762711864,0.5507031882401603,0.18646324533238365,0.21792592046078424,0.044907645966671815,0.26283356642745603
6.101694915254237,0.5581146359226362,0.1727147673517035,0.22479560806851065,0.044374988657149575,0.26917059672566024
7.11864406779661,0.5638858192065644,0.16084382781428522,0.23139669615427488,0.043873656824875436,0.27527035297915037
8.135593220338983,0.568382701574062,0.15053542249325863,0.23768102180567233,0.043400854127007095,0.2810818759326794
9.152542372881356,0.5718392829587529,0.14155369775082072,0.24364743151324558,0.042959587777180716,0.2866070192904263
10.169491525423728,0.5744304196338657,0.1337083718287073,0.24930815223525157,0.042553056302175485,0.29186120853742703
11.1864406779661,0.5762972444415906,0.12684140263448795,0.2546780141656281,0.04218333875829339,0.29686135292392146
12.203389830508474,0.577557458230471,0.12082003634276493,0.25977118534998184,0.04185132007678212,0.301622505426764
13.220338983050848,0.5783105171263819,0.11553218582655092,0.26460037594562064,0.04155692110144649,0.3061572970470671
14.23728813559322,0.5786409291362148,0.11088289399638573,0.2691768202384033,0.0412993566289961,0.31047617686739937
15.254237288135592,0.578620658073089,0.10679148304251694,0.2735105023046907,0.04107735657970325,0.31458785888439394
16.271186440677965,0.5783111087085466,0.10318918572682331,0.2776103755068314,0.04088933005779881,0.3184997055646302
17.28813559322034,0.5777646809225272,0.10001720195855919,0.28148462347548314,0.04073349364343066,0.3222181171189138
18.305084745762713,0.5770261476207543,0.09722506839060836,0.2851408264380338,0.04060795755060366,0.32574878398863744
19.322033898305083,0.5761337305710758,0.09476932310968171,0.28858615250448805,0.040510793814754434,0.32909694631924247
20.338983050847457,0.5751200842030513,0.09261238135231378,0.29182745692225864,0.040440077522376335,0.33226753444463497
21.35593220338983,0.5740130714760573,0.09072161283419684,0.29487139643200544,0.040393919257740475,0.33526531568974594
22.3728813559322,0.5728364437252625,0.08906857077089761,0.297724500076775,0.04037048542706483,0.3380949855038398
23.389830508474574,0.5716104096352808,0.0876283503528294,0.30039322927010437,0.04036801074178558,0.3407612400118899
24.406779661016948,0.5703521353412102,0.08637905421983698,0.3028840036617128,0.04038480677724004,0.34326881043895285
25.423728813559322,0.569076131015883,0.08530134898271664,0.3052032535073527,0.040419266494047756,0.3456225200014004
26.440677966101696,0.5677946481545477,0.0843780861812192,0.30735740255400623,0.04046986311022695,0.34782726566423317
27.457627118644066,0.5665179522786243,0.08359399526540032,0.30935290001289434,0.04053515244308091,0.34988805245597526
28.47457627118644,0.5652546065533569,0.08293541786862028,0.31119620606525683,0.04061376951276598,0.3518099755780228
29.491525423728813,0.5640116952046911,0.08239008832743396,0.31289378981920374,0.040704426648671285,0.35359821646787504
30.508474576271183,0.5627950233590094,0.08194694780703315,0.3144521184211576,0.04080591041279981,0.3552580288339574
31.525423728813557,0.5616092900619782,0.08159598782739577,0.3158776437509002,0.04091707835972589,0.35679472211062613
32.54237288135593,0.5604582393095039,0.08132811814331999,0.3171767868377146,0.04103685570946152,0.35821364254717614
33.559322033898304,0.5593447912687439,0.08113505527323644,0.3183559214254166,0.04116423203260313,0.3595201534580197
34.57627118644068,0.5582711575647122,0.08100922804575054,0.3194213563879474,0.041298258001589844,0.36071961438953726
35.59322033898305,0.5572389409610082,0.08094369784471034,0.32037931885640364,0.04143804233787787,0.3618173611942815
36.610169491525426,0.5562492241448173,0.08093209069787713,0.32123593637962444,0.04158274877768117,0.3628186851573056
37.62711864406779,0.5553026451432745,0.08096853987696377,0.3219972215667153,0.041731593413046345,0.3637288149797616
38.644067796610166,0.5543994646610191,0.08104763699883225,0.3226690562929272,0.04188384204722152,0.3645528983401487
39.66101694915254,0.5535396250455946,0.0811643901752256,0.32325717704531004,0.04203880773386974,0.3652959847791798
40.67796610169491,0.5527227998364974,0.08131418825027747,0.32376716328015087,0.042195848633074344,0.3659630119132252
41.69491525423729,0.5519484382291824,0.08149277056121841,0.32420442530897925,0.04235436590061999,0.3665587912095993
42.71186440677966,0.5512158054059474,0.08169619964418369,0.3245741933893035,0.04251380156056556,0.36708799494986905
43.728813559322035,0.5505240124361538,0.08192083917175949,0.32488151139499993,0.04267363699708683,0.36755514839208675
44.7457627118644,0.5498720471951347,0.08216333288669987,0.3251312288977598,0.042833391020405634,0.3679646199181654
45.762711864406775,0.5492587989553265,0.08242058783264779,0.32532799484112546,0.04299261837090037,0.3683206132120258
46.77966101694915,0.5486830807821238,0.08268975751654355,0.3254762536491637,0.04315090805216885,0.36862716170133253
47.79661016949152,0.5481436445342417,0.08296822850858679,0.32558024473583824,0.04330788222133336,0.3688881269571716
48.813559322033896,0.5476391993725793,0.08325360668505995,0.32564399940270483,0.04346319453965587,0.3691071939423607
49.83050847457627,0.5471684257581081,0.08354370595403209,0.3256713393771545,0.043616528910705284,0.3692878682878598
50.847457627118644,0.5467299853572639,0.08383653649485352,0.3256658798968368,0.04376759825104575,0.3694334781478825
51.86440677966102,0.5463225303347015,0.08413029480590123,0.3256310314985119,0.04391614336088544,0.36954717485939736
52.88135593220339,0.5459447137567504,0.08442335305199301,0.3255700016992725,0.044061931491984035,0.36963193319125653
53.89830508474576,0.5455951958649612,0.08471425040122249,0.3254857983817859,0.04420475535203041,0.3696905537338163
54.91525423728813,0.5452726484572405,0.08500168344747866,0.325381236085227,0.04434443201005371,0.3697256680952807
55.932203389830505,0.5449757604534279,0.08528449558908667,0.32525894248219145,0.04448080147529409,0.3697397439574856
56.94915254237288,0.5447032447961965,0.08556167135573922,0.32512135803821646,0.044613725809847724,0.3697350838480642
57.96610169491525,0.5444538419743867,0.08583232566440437,0.32497074464801323,0.044743087713195615,0.36971383236120886
58.983050847457626,0.5442263162214571,0.08609569702188093,0.3248091966697665,0.044868790086895545,0.369677986756662
60.0,0.544019459223612,0.08635113946485279,0.3246386464511583,0.04499075486037693,0.36962940131153527
60.0,0.544019459223612,0.08635113946485279,0.3246386464511583,0.04499075486037693,0.36962940131153527
61.00502512562814,0.5244533326398337,0.0999384789102796,0.3238781546685384,0.05173003378134825,0.37560818844988664
62.01005025125628,0.5154673606495583,0.11211850789320126,0.31466627407266845,0.05774785738457199,0.37241413145724045
63.015075376884425,0.5105528077678352,0.12373751982776071,0.302138233234062,0.06357143917034211,0.36570967240440416
64.02010050251256,0.50689134605921,0.13514828821296243,0.28850949923641056,0.06945086649141687,0.3579603657278274
65.0251256281407,0.5033834194775411,0.14642717373638864,0.27470586361252547,0.0754835431735446,0.3501894067860701
66.03015075376885,0.4996513330166729,0.1575193855178433,0.2611357142646903,0.08169356720079354,0.3428292814654838
67.03517587939699,0.4956102183514533,0.16831538299746798,0.24800300513867435,0.08807139351240434,0.33607439865107874
68.04020100502512,0.4912926659658318,0.178689181167169,0.2354258732839173,0.09459227958308186,0.3300181528669992
69.04522613065326,0.4867770952893908,0.18851800973531135,0.22348008293207822,0.10122481204321969,0.3247048949752979
70.0502512562814,0.482157259333222,0.1976928533212595,0.21221488730761195,0.10793500003790651,0.32014988734551847
71.05527638190955,0.47752810951297886,0.206124160444741,0.20165933319983909,0.11468839684244111,0.31634773004228023
72.06030150753769,0.4729785002123409,0.21374462410770917,0.19182556038760454,0.12145131529234535,0.3132768756799499
73.06532663316582,0.4685871267285845,0.2205099494198415,0.18271132978361446,0.12819159406795955,0.310902923851574
74.07035175879398,0.4644203093711937,0.22639814171143186,0.1743024380543586,0.13487911086301582,0.3091815489173744
75.07537688442211,0.4605310292782914,0.2314077228831532,0.16657511214351586,0.1414861356950396,0.3080612478385555
76.08040201005025,0.45695887177540717,0.23555522214720753,0.15949833530701021,0.14798757077037517,0.30748590607738535
77.08542713567839,0.45373071796942616,0.23887222915396614,0.15303596530193164,0.15436108757467593,0.30739705287660757
78.09045226130652,0.45086178260098103,0.2414023398458933,0.14714864975597036,0.16058722779715526,0.30773587755312565
79.09547738693468,0.448357146651886,0.24319807259062964,0.14179539422530538,0.16664938653217892,0.30844478075748427
80.10050251256281,0.4462132304137,0.2443180775067591,0.13693488671187592,0.17253380536766488,0.3094686920795408
81.10552763819095,0.4444194620562037,0.24482458094054496,0.13252648867604874,0.17822946832720252,0.31075595700325126
82.1105527638191,0.442959804535331,0.24478122499835572,0.12853099007772664,0.1837279803885865,0.3122589704663132
83.11557788944724,0.44181417581583077,0.24425128398207302,0.12491113146708634,0.18902340873500986,0.31393454020209616
84.12060301507537,0.44095971472123385,0.24329625162118196,0.12163193984040867,0.19411209381717562,0.3157440336575843
85.12562814070351,0.44037186748330115,0.24197477499443726,0.11866091911341001,0.19899243840885153,0.31765335752226154
86.13065326633165,0.44002530366874026,0.2403418988122837,0.11596811144475057,0.20366468607422553,0.3196327975189761
87.1356783919598,0.4398946144011309,0.23844858473820618,0.11352610112640998,0.2081306997342529,0.3216568008606629
88.14070351758794,0.43995495576068927,0.23634141632856612,0.11130991834149805,0.2123937095692464,0.3237036279107444
89.14572864321607,0.4401824227802242,0.2340625296508957,0.10929693575705314,0.21645811181182695,0.3257550475688801
90.15075376884423,0.44055439545076797,0.2316496440401386,0.10746671702185522,0.22032924348723817,0.3277959605090934
91.15577889447236,0.4410497388743668,0.2291362127546531,0.10580085989973123,0.22401318847124893,0.3298140483709801
92.1608040201005,0.4416489303462949,0.22655164139256065,0.10428283238324428,0.2275165958779001,0.3317994282611444
93.16582914572864,0.44233412608462,0.223921551572626,0.10289780847402669,0.2308465138687273,0.333744322342754
94.17085427135677,0.44308915878458055,0.22126807973305193,0.10163251034553439,0.2340102511368331,0.3356427614823675
95.17587939698493,0.443899507094166,0.21861018330091356,0.10047505775220299,0.23701525185271755,0.3374903096049205
96.18090452261306,0.4447522317729005,0.21596394937491015,0.09941482761323951,0.23986899123894984,0.33928381885218933
97.1859296482412,0.4456358936215458,0.2133428946197445,0.09844232405558145,0.24257888770312813,0.3410212117587096
98.19095477386935,0.44654045480087134,0.21075825256336353,0.0975490598214957,0.2451522328142694,0.3427012926357651
99.19597989949749,0.44745717538201757,0.20821924209053672,0.09672744779593018,0.24759613473151557,0.3443235825274457
100.20100502512562,0.448378504429826,0.20573331647647627,0.09597070357627757,0.24991747551742008,0.3458881790936977
101.20603015075376,0.44929797313977876,0.20330639024095518,0.09527275779114175,0.25212287882812434,0.3473956366192661
102.2110552763819,0.45021009053928673,0.20094304487404127,0.09462817710166548,0.25421868748500653,0.348846864586672
103.21608040201005,0.4511102406120316,0.19864671467112247,0.09403209416424163,0.2562109505526043,0.3502430447168459
104.22110552763819,0.45199458952976446,0.19641985037978169,0.09348014512423138,0.25810541496622263,0.351585560090454
105.22613065326632,0.4528599966702773,0.19426406587285797,0.0929684134318048,0.25990752402505984,0.35287593745686463
106.23115577889448,0.453703931811068,0.19218026669438557,0.09249338102646519,0.26162242046808115,0.35411580149454636
107.23618090452261,0.45452440000929245,0.19016876340961403,0.09205188394723704,0.2632549526338564,0.35530683658109347
108.24120603015075,0.4553198754555649,0.1882293685146391,0.09164107381826317,0.2648096822115328,0.356450756029796
109.24623115577889,0.4560892388823156,0.18636148290630053,0.09125838290803302,0.2662908953033508,0.3575492782113838
110.25125628140702,0.4568317183477971,0.18456417103209574,0.09090149432283565,0.2677026162972715,0.35860411062010716
111.25628140703517,0.4575468440227435,0.18283622308663627,0.09056831429872987,0.26904861859189033,0.3596169328906202
112.26130653266331,0.4582344037586097,0.18117620956973993,0.09025694849658393,0.27033243817506636,0.3605893866716503
113.26633165829145,0.45889440078488325,0.179582529604163,0.08996568094574935,0.27155738866520446,0.3615230696109538
114.2713567839196,0.4595270206564244,0.17805345013822801,0.08969295512548069,0.27272657407986683,0.36241952920534753
115.27638190954774,0.4601326014414873,0.17658714000785256,0.0894373569303646,0.2738429016202955,0.36328025855066015
116.28140703517587,0.46071160575986986,0.1751816979367576,0.08919760074450483,0.2749090955588677,0.36410669630337256
117.28643216080401,0.4612645977649927,0.1738351777452928,0.08897251546621429,0.2759277090235003,0.36490022448971454
118.29145728643215,0.4617922253449476,0.1725456072601064,0.08876103275254514,0.27690113464240074,0.3656621673949459
119.2964824120603,0.4622951980516914,0.17131100656605125,0.08856217735571308,0.2778316180265441,0.3663937953822572
120.30150753768844,0.4627742704516379,0.17012940248056205,0.08837505804024813,0.27872126902755195,0.3670963270678001
121.30653266331657,0.46323023539520386,0.16899883765986884,0.0881988585002413,0.2795720684446862,0.3677709269449275
122.31155778894473,0.4636639148763727,0.16791737973115733,0.08803282943936866,0.2803858759531012,0.3684187053924699
123.31658291457286,0.4640761427921779,0.16688313101102664,0.08787628338124824,0.2811644428155471,0.3690407261967953
124.321608040201,0.46446774939277896,0.16589423813843582,0.08772858881528917,0.2819094236534961,0.36963801246878525
125.32663316582914,0.46483957777057006,0.1649488819824117,0.08758916752727408,0.2826223727197441,0.37021154024701813
126.33165829145727,0.4651924564804834,0.1640453029777012,0.08745748076487757,0.283304759776938,0.37076224054181556
127.33668341708542,0.46552720960928073,0.1631817848181538,0.08733303491018582,0.2839579706623796,0.37129100557256545
128.34170854271355,0.46584464381492147,0.16235666555032882,0.08721537345252416,0.2845833171822255,0.37179869063474963
129.3467336683417,0.4661455480542337,0.1615683369371014,0.08710407413560285,0.28518204087306204,0.3722861150086649
130.35175879396985,0.4664306915807509,0.1608152447042903,0.08699874566589932,0.2857553180490594,0.3727540637149587
131.356783919598,0.46670082038742444,0.16009588883968195,0.0868990261123727,0.2863042646605207,0.37320329077289344
132.36180904522612,0.466956657040071,0.15940882377482535,0.08680457918535982,0.2868299399997439,0.3736345191851037
133.36683417085425,0.4671989025449762,0.15875265666303431,0.08671509079451453,0.28733334999747506,0.3740484407919896
134.3718592964824,0.46742823269576445,0.15812604774764097,0.08663027286790373,0.2878154466886909,0.37444571955659467
135.37688442211055,0.46764529438263147,0.15752770936572016,0.08654985193845854,0.2882771443131897,0.3748269962516482
136.3819095477387,0.4678507050475946,0.15695640629974625,0.08647357735360153,0.28871931129905753,0.3751928886526591
137.38693467336682,0.4680450665646706,0.1564109495981184,0.08640121262978437,0.28914277120742676,0.37554398383721116
138.39195979899498,0.4682289475412826,0.15589020064259346,0.08633253820531812,0.2895483136108058,0.3758808518161239
139.3969849246231,0.4684028945422952,0.15539306688061505,0.08626734843633262,0.28993669014075707,0.3762040385770897
140.40201005025125,0.4685674286089247,0.15491850129767473,0.08620545098382307,0.29030861910957756,0.3765140700934006
141.4070351758794,0.46872304703138057,0.1544655002675145,0.08614666548890555,0.29066478721219935,0.37681145270110494
142.41206030150752,0.46887022290009256,0.15403310286079483,0.08609082310438507,0.29100585113472743,0.3770966742391125
143.41708542713567,0.469009407466535,0.1536203887993795,0.0860377651693885,0.291332438564697,0.3773702037340855
144.4221105527638,0.46914103104404475,0.153226476635666,0.08598734270616724,0.29164514961412197,0.3776324923202892
145.42713567839195,0.46926549449339694,0.152850525472706,0.08593941717871477,0.29194456285518233,0.3778839800338971
146.4321608040201,0.46938319103720244,0.15249172722584517,0.08589385594200487,0.29223122579494765,0.37812508173695253
147.43718592964825,0.4694944863548839,0.15214931098738016,0.08585053554646908,0.29250566711126696,0.37835620265773606
148.44221105527637,0.4695997284805094,0.1518225391395294,0.08580933954111314,0.2927683928388481,0.3785777323799612
149.4472361809045,0.4696992475818526,0.1515107062970892,0.08577015815680958,0.2930198879642486,0.3787900461210582
150.45226130653265,0.46979335645046905,0.15121313811215073,0.0857328879068172,0.29326061753056293,0.3789935054373801
151.4572864321608,0.46988235173812243,0.1509291901613385,0.08569743109689458,0.29349102700364454,0.3791884581005391
152.46231155778895,0.4699665152229753,0.15065824527639574,0.08566369530441377,0.29371154419621526,0.37937523950062907
153.46733668341707,0.47004610729001056,0.1503997163164375,0.08563159439490445,0.2939225819986475,0.379554176393552
154.47236180904522,0.4701213844504825,0.15015303926867785,0.08560104518719354,0.29412453109364617,0.3797255762808397
155.47738693467335,0.47019258234704137,0.1499176770774155,0.08557197022773978,0.2943177703478035,0.37988974057554326
156.4824120603015,0.47025992622620355,0.14969311591977955,0.08554429583902902,0.29450266201498776,0.38004695785401676
157.48743718592965,0.47032362818049583,0.1494788652320968,0.0855179524439571,0.2946795541434504,0.3801975065874075
158.49246231155777,0.470383888961856,0.14927445618532564,0.08549287410704712,0.2948487807457715,0.38034165485281857
159.49748743718592,0.47044089829363855,0.14907944118309838,0.08546899839181885,0.2950106621314443,0.3804796605232631
160.50251256281405,0.4704948360459261,0.14889339215055034,0.08544626599892995,0.2951655058045938,0.38061177180352374
161.5075376884422,0.47054587201874865,0.1487159001249033,0.08542462074550217,0.29531360711084587,0.38073822785634803
162.51256281407035,0.470594165542857,0.14854657532558666,0.08540400955264786,0.2954552495789085,0.3808592591315564
163.5175879396985,0.4706398659012215,0.14838504678128345,0.08538438239364095,0.29559070492385403,0.380975087317495
164.52261306532662,0.4706831144002535,0.148230958363637,0.08536569154319971,0.2957202356929098,0.3810859272361095
165.52763819095475,0.4707240470140208,0.14808397026741446,0.0853478913992926,0.29584409131927214,0.38119198271856475
166.5326633165829,0.4707627939471862,0.14794375716794328,0.08533093831395136,0.2959625105709191,0.38129344888487043
167.53768844221105,0.4707994741347127,0.1478100097058058,0.08531479153369127,0.2960757246257902,0.3813905161594815
168.5427135678392,0.47083420029982564,0.14768243238128886,0.08529941227457565,0.29618395504430983,0.3814833673188855
169.54773869346732,0.47086707951495016,0.147560742993162,0.0852847635891129,0.29628741390277513,0.38157217749188804
170.55276381909547,0.47089821266793486,0.14744467213872187,0.08527081039866101,0.29638630479468214,0.38165711519334317
171.5577889447236,0.47092769539168344,0.1473339621961238,0.08525751927442275,0.29648082313777,0.3817383424121928
172.56281407035175,0.47095561763404237,0.14722836767907346,0.08524485852142898,0.2965711561654551,0.38181601468688403
173.5678391959799,0.47098206444461893,0.14712765369979425,0.08523279794583799,0.2966574839097489,0.3818902818555869
174.57286432160802,0.47100711617363306,0.14703159633283444,0.08522130884821527,0.29673997864531726,0.38196128749353253
175.57788944723617,0.47103084866256484,0.1469399820541724,0.08521036395454393,0.29681880532871885,0.38202916928326275
176.5829145728643,0.47105333351539785,0.1468526066714314,0.08519993729210458,0.2968941225210662,0.38209405981317074
177.58793969849245,0.47107463768278574,0.14676927628939393,0.08519000432068245,0.29696608170713773,0.3821560860278202
178.5929648241206,0.47109482451858203,0.14668980542105797,0.08518054164261975,0.29703482841774026,0.38221537006036005
179.59798994974875,0.47111395413835694,0.1466140163075286,0.08517152689892989,0.2971005026551846,0.38227202955411455
180.60301507537687,0.47113208847773186,0.14654173841024215,0.08516293798982509,0.2971632351222008,0.3823261731120259
181.608040201005,0.4711492755353805,0.1464728115725076,0.0851547556107013,0.2972231572814107,0.382377912892112
182.61306532663315,0.47116556814190425,0.14640708107761807,0.08514696014764674,0.29728039063283096,0.3824273507804777
183.6180904522613,0.47118101374036503,0.1463443990704311,0.08513953327328484,0.2973350539159191,0.3824745871892039
184.62311557788945,0.471195657771973,0.14628462642541776,0.08513245760099022,0.29738725820161904,0.38251971580260924
185.62814070351757,0.4712095428753049,0.14622762918863605,0.08512571652752825,0.2974371114085307,0.3825628279360589
186.63316582914572,0.4712227090403123,0.14617328102443225,0.08511929440378914,0.2974847155314663,0.38260400993525545
187.63819095477385,0.47123519612544434,0.14612145530593448,0.08511317555639522,0.29753017301222595,0.38264334856862114
188.643216080402,0.47124703965545045,0.14607203769275898,0.08510734587502561,0.2975735767767649,0.3826809226517905
189.64824120603015,0.47125827345042215,0.14602491715189514,0.0851017917347872,0.2976150176628955,0.3827168093976827
190.65326633165827,0.4712689294706797,0.14597998761156344,0.08509650015231808,0.29765458276543877,0.3827510829177569
191.65829145728642,0.47127903816307287,0.14593714762555482,0.08509145870979946,0.29769235550157275,0.3827838142113722
192.66331658291455,0.47128862811935857,0.1458963011027643,0.08508665565851996,0.2977284151193572,0.38281507077787713
193.6683417085427,0.471297730022231,0.14585735520800328,0.08508207918811177,0.29776283558165395,0.38284491476976573
194.67336683417085,0.4713063655299558,0.14582022287225208,0.08507771924143896,0.2977956923563531,0.38287341159779203
195.67839195979897,0.4713145608664219,0.1457848197688353,0.08507356530062231,0.2978270540641205,0.38290061936474284
196.68341708542712,0.47132233854830174,0.14575106472429056,0.08506960762110569,0.297856989106302,0.3829265967274077
197.68844221105527,0.4713297200756504,0.14571888477749576,0.0850658372492555,0.29788555789759824,0.3829513951468538
198.6934673366834,0.4713367269155744,0.14568820341821828,0.08506224493874802,0.2979128247274593,0.3829750696662073
199.69849246231155,0.47134337726385606,0.14565895605010185,0.08505882286002182,0.29793884382602026,0.38299766668604207
200.7035175879397,0.4713496912778255,0.14563107060054298,0.08505556229203434,0.2979636758295971,0.38301923812163147
201.70854271356782,0.4713556859466557,0.14560448593343456,0.08505245583798995,0.29798737228191974,0.38303982811990966
202.71356783919597,0.47136137772425774,0.14557914201806862,0.08504949625871083,0.29800998399896295,0.38305948025767383
203.7185929648241,0.4713667822700736,0.14555498107157622,0.0850466766041465,0.29803156005420367,0.38307823665835017
204.72361809045225,0.47137191423716857,0.1455319482483745,0.08504399029919575,0.29805214721526124,0.38309613751445704
205.7286432160804,0.4713767875942198,0.14550999098563558,0.08504143104640687,0.29807179037373777,0.38311322142014465
206.73366834170852,0.47138141538133316,0.14548905950389077,0.0850389928997962,0.29809053221497994,0.38312952511477616
207.73869346733667,0.47138581106506877,0.14546910644876399,0.08503667004049978,0.2981084124456674,0.3831450824861672
208.7437185929648,0.4713899876232436,0.14545008572037846,0.08503445682194674,0.2981254698344312,0.383159926656378
209.74874371859295,0.471393953518569,0.14543195471528325,0.0850323485273806,0.2981417432387672,0.3831740917661478
210.7537688442211,0.4713977216475424,0.14541467149953308,0.08503033985029992,0.2981572670026246,0.3831876068529245
211.75879396984922,0.47140130091789817,0.14539819651013863,0.08502842624850229,0.2981720763234608,0.38320050257196314
212.76381909547737,0.4714047014355985,0.14538249297391176,0.08502660323266438,0.29818620235782534,0.3832128055904897
213.76884422110552,0.47140793235604356,0.14536752396987493,0.08502486643356735,0.2981996772405142,0.38322454367408154
214.77386934673365,0.47141100168551825,0.145353257915151,0.08502321208412536,0.29821252831520534,0.38323574039933067
215.7788944723618,0.471413918472182,0.14533965874450533,0.08502163589487455,0.2982247868884381,0.38324642278331267
216.78391959798995,0.47141669022903115,0.1453266963250846,0.08502013428275274,0.29823647916313156,0.3832566134458843
217.78894472361807,0.4714193243355931,0.14531434097285456,0.08501870371975054,0.2982476309718018,0.38326633469155236
218.79396984924622,0.47142182753841083,0.14530256518611254,0.08501734094450811,0.29825826633096847,0.3832756072754766
219.79899497487435,0.47142420688858483,0.14529134039856995,0.08501604256575646,0.29826841014708866,0.3832844527128451
220.8040201005025,0.47142646823437906,0.14528064221042475,0.08501480570393677,0.2982780838512593,0.3832928895551961
221.80904522613065,0.47142861770480926,0.1452704454261304,0.08501362737484583,0.2982873094942145,0.3833009368690603
222.81407035175877,0.4714306609195789,0.14526072667885923,0.08501250481633266,0.2982961075852292,0.3833086124015618
223.81909547738692,0.4714326030981278,0.14525146401093028,0.08501143543848574,0.2983044974524561,0.3833159328909418
224.82412060301505,0.4714344493681316,0.14524263582758767,0.08501041669534383,0.29831249810893684,0.38332291480428066
225.8291457286432,0.4714362044897933,0.1452342218589059,0.0850094462019573,0.2983201274493435,0.3833295736513008
226.83417085427135,0.4714378728160019,0.1452262032846302,0.0850085217502252,0.2983274021491426,0.3833359238993678
227.83919597989947,0.4714394586271833,0.14521856138481654,0.08500764115296422,0.29833433883503585,0.38334197998800007
228.84422110552762,0.47144096591158996,0.14521127845371448,0.08500680234838015,0.2983409532863155,0.3833477556346956
229.84924623115577,0.47144239858909653,0.14520433780751466,0.0850060033683003,0.29834726023508845,0.3833532636033888
230.8542713567839,0.471443763503817,0.14519772254592675,0.08500524180644127,0.29835327214381485,0.3833585139502561
231.85929648241205,0.4714450601931463,0.1451914184498733,0.08500451652823751,0.29835900482874284,0.3833635213569804
232.8643216080402,0.47144629270781735,0.14518541078188155,0.08500382570799378,0.29836447080230727,0.383368296510301
233.86934673366832,0.47144746567606755,0.14517968528994105,0.08500316747723644,0.2983696815567549,0.3833728490339913
234.87437185929647,0.47144858038235576,0.14517422915696668,0.08500254056752506,0.29837464989315254,0.3833771904606776
235.8793969849246,0.4714496406943329,0.1451690294524933,0.085001943329708,0.29837938652346596,0.3833813298531739
236.88442211055275,0.4714506490719702,0.14516407427347267,0.08500137440275773,0.29838390225179934,0.3833852766545571
237.8894472361809,0.4714516079194109,0.14515935316163467,0.08500083255536259,0.29838820636359187,0.38338903891895443
238.89447236180902,0.47145251993393067,0.14515485396016103,0.08500031637004803,0.29839230973586034,0.38339262610590835
239.89949748743717,0.471453387444384,0.14515056611341087,0.08499982461713908,0.2983962218250661,0.38339604644220515
240.9045226130653,0.4714542125499399,0.14514648006951827,0.08499935618457875,0.2983999511959631,0.38339930738054184
241.90954773869345,0.47145499732731544,0.14514258638048871,0.08499890997192223,0.2984035063202735,0.38340241629219574
242.9145728643216,0.47145574375283283,0.1451388760404955,0.08499848493021465,0.29840689527645686,0.38340538020667153
243.91959798994972,0.4714564537278659,0.14513534042515897,0.08499808005345062,0.2984101257935245,0.38340820584697516
244.92462311557787,0.4714571290609324,0.14513197135336722,0.08499769438626222,0.2984132051994382,0.3834108995857004
245.92964824120602,0.4714577713899639,0.1451287611140619,0.08499732703740316,0.298416140458571,0.3834134674959742
246.93467336683415,0.47145838222150804,0.14512570242185002,0.08499697717035573,0.2984189381862862,0.3834159153566419
247.9396984924623,0.4714589632169949,0.14512278761036085,0.08499664389426993,0.2984216052783743,0.3834182491726443
248.94472361809045,0.4714595177205119,0.14512000948396328,0.08499632611649113,0.29842414667903366,0.38342047279552477
249.94974874371857,0.4714600452896375,0.14511736205915735,0.08499602338980226,0.2984265692614029,0.38342259265120515
250.95477386934672,0.47146054581380775,0.14511484029296634,0.08499573529978804,0.29842887859343803,0.3834246138932261
251.95979899497485,0.4714610225635826,0.14511243693328454,0.0849954607591109,0.29843107974402194,0.38342654050313285
252.964824120603,0.47146147616223594,0.14511014623630478,0.08499519918799958,0.2984331784134598,0.38342837760145937
253.96984924623115,0.47146190764017526,0.14510796370685433,0.08499495005492053,0.29843517859804986,0.3834301286529704
254.97487437185927,0.47146231812236344,0.14510588446636008,0.08499471278197934,0.2984370846292971,0.38343179741127636
255.97989949748742,0.471462708813016,0.14510390321530134,0.08499448674382296,0.2984389012278597,0.38343338797168264
256.98492462311555,0.47146308042573604,0.145102016945015,0.08499427158096036,0.29844063104828866,0.383434902629249
257.9899497487437,0.4714634343392442,0.14510021969437376,0.08499406658636587,0.29844227938001616,0.38343634596638204
258.99497487437185,0.4714637714204571,0.14509850615839504,0.0849938711823452,0.29844385123880285,0.38343772242114804
260.0,0.47146409073631335,0.14509687375187888,0.08499368528100139,0.29844535023080654,0.3834390355118079
