Generation,xOC,xOB,xMMd,xMMr,total xMM
0.0,0.26666666666666666,0.4,0.26666666666666666,0.06666666666666667,0.3333333333333333
1.0169491525423728,0.45010051052451966,0.28991042961909963,0.20850103216261964,0.05148802769376111,0.25998905985638077
2.0338983050847457,0.5032997441943569,0.24785800455007018,0.20115531038825035,0.047686940867322475,0.24884225125557283
3.0508474576271185,0.5269650413949807,0.22210731119114352,0.20465273160031433,0.04627491581356136,0.2509276474138757
4.067796610169491,0.5409274540591676,0.20258578055496085,0.21098658745853827,0.04550017792733329,0.25648676538587156
5.084745762711864,0.5507031882401603,0.18646324533238365,0.21792592046078424,0.044907645966671815,0.26283356642745603
6.101694915254237,0.5581146359226362,0.1727147673517035,0.22479560806851065,0.044374988657149575,0.26917059672566024
7.11864406779661,0.5638858192065644,0.16084382781428522,0.23139669615427488,0.043873656824875436,0.27527035297915037
8.135593220338983,0.568382701574062,0.15053542249325863,0.23768102180567233,0.043400854127007095,0.2810818759326794
9.152542372881356,0.5718392829587529,0.14155369775082072,0.24364743151324558,0.042959587777180716,0.2866070192904263
10.169491525423728,0.5744304196338657,0.1337083718287073,0.24930815223525157,0.042553056302175485,0.29186120853742703
11.1864406779661,0.5762972444415906,0.12684140263448795,0.2546780141656281,0.04218333875829339,0.29686135292392146
12.203389830508474,0.577557458230471,0.12082003634276493,0.25977118534998184,0.04185132007678212,0.301622505426764
13.220338983050848,0.5783105171263819,0.11553218582655092,0.26460037594562064,0.04155692110144649,0.3061572970470671
14.23728813559322,0.5786409291362148,0.11088289399638573,0.2691768202384033,0.0412993566289961,0.31047617686739937
15.254237288135592,0.578620658073089,0.10679148304251694,0.2735105023046907,0.04107735657970325,0.31458785888439394
16.271186440677965,0.5783111087085466,0.10318918572682331,0.2776103755068314,0.04088933005779881,0.3184997055646302
17.28813559322034,0.5777646809225272,0.10001720195855919,0.28148462347548314,0.04073349364343066,0.3222181171189138
18.305084745762713,0.5770261476207543,0.09722506839060836,0.2851408264380338,0.04060795755060366,0.32574878398863744
19.322033898305083,0.5761337305710758,0.09476932310968171,0.28858615250448805,0.040510793814754434,0.32909694631924247
20.338983050847457,0.5751200842030513,0.09261238135231378,0.29182745692225864,0.040440077522376335,0.33226753444463497
21.35593220338983,0.5740130714760573,0.09072161283419684,0.29487139643200544,0.040393919257740475,0.33526531568974594
22.3728813559322,0.5728364437252625,0.08906857077089761,0.297724500076775,0.04037048542706483,0.3380949855038398
23.389830508474574,0.5716104096352808,0.0876283503528294,0.30039322927010437,0.04036801074178558,0.3407612400118899
24.406779661016948,0.5703521353412102,0.08637905421983698,0.3028840036617128,0.04038480677724004,0.34326881043895285
25.423728813559322,0.569076131015883,0.08530134898271664,0.3052032535073527,0.040419266494047756,0.3456225200014004
26.440677966101696,0.5677946481545477,0.0843780861812192,0.30735740255400623,0.04046986311022695,0.34782726566423317
27.457627118644066,0.5665179522786243,0.08359399526540032,0.30935290001289434,0.04053515244308091,0.34988805245597526
28.47457627118644,0.5652546065533569,0.08293541786862028,0.31119620606525683,0.04061376951276598,0.3518099755780228
29.491525423728813,0.5640116952046911,0.08239008832743396,0.31289378981920374,0.040704426648671285,0.35359821646787504
30.508474576271183,0.5627950233590094,0.08194694780703315,0.3144521184211576,0.04080591041279981,0.3552580288339574
31.525423728813557,0.5616092900619782,0.08159598782739577,0.3158776437509002,0.04091707835972589,0.35679472211062613
32.54237288135593,0.5604582393095039,0.08132811814331999,0.3171767868377146,0.04103685570946152,0.35821364254717614
33.559322033898304,0.5593447912687439,0.08113505527323644,0.3183559214254166,0.04116423203260313,0.3595201534580197
34.57627118644068,0.5582711575647122,0.08100922804575054,0.3194213563879474,0.041298258001589844,0.36071961438953726
35.59322033898305,0.5572389409610082,0.08094369784471034,0.32037931885640364,0.04143804233787787,0.3618173611942815
36.610169491525426,0.5562492241448173,0.08093209069787713,0.32123593637962444,0.04158274877768117,0.3628186851573056
37.62711864406779,0.5553026451432745,0.08096853987696377,0.3219972215667153,0.041731593413046345,0.3637288149797616
38.644067796610166,0.5543994646610191,0.08104763699883225,0.3226690562929272,0.04188384204722152,0.3645528983401487
39.66101694915254,0.5535396250455946,0.0811643901752256,0.32325717704531004,0.04203880773386974,0.3652959847791798
40.67796610169491,0.5527227998364974,0.08131418825027747,0.32376716328015087,0.042195848633074344,0.3659630119132252
41.69491525423729,0.5519484382291824,0.08149277056121841,0.32420442530897925,0.04235436590061999,0.3665587912095993
42.71186440677966,0.5512158054059474,0.08169619964418369,0.3245741933893035,0.04251380156056556,0.36708799494986905
43.728813559322035,0.5505240124361538,0.08192083917175949,0.32488151139499993,0.04267363699708683,0.36755514839208675
44.7457627118644,0.5498720471951347,0.08216333288669987,0.3251312288977598,0.042833391020405634,0.3679646199181654
45.762711864406775,0.5492587989553265,0.08242058783264779,0.32532799484112546,0.04299261837090037,0.3683206132120258
46.77966101694915,0.5486830807821238,0.08268975751654355,0.3254762536491637,0.04315090805216885,0.36862716170133253
47.79661016949152,0.5481436445342417,0.08296822850858679,0.32558024473583824,0.04330788222133336,0.3688881269571716
48.813559322033896,0.5476391993725793,0.08325360668505995,0.32564399940270483,0.04346319453965587,0.3691071939423607
49.83050847457627,0.5471684257581081,0.08354370595403209,0.3256713393771545,0.043616528910705284,0.3692878682878598
50.847457627118644,0.5467299853572639,0.08383653649485352,0.3256658798968368,0.04376759825104575,0.3694334781478825
51.86440677966102,0.5463225303347015,0.08413029480590123,0.3256310314985119,0.04391614336088544,0.36954717485939736
52.88135593220339,0.5459447137567504,0.08442335305199301,0.3255700016992725,0.044061931491984035,0.36963193319125653
53.89830508474576,0.5455951958649612,0.08471425040122249,0.3254857983817859,0.04420475535203041,0.3696905537338163
54.91525423728813,0.5452726484572405,0.08500168344747866,0.325381236085227,0.04434443201005371,0.3697256680952807
55.932203389830505,0.5449757604534279,0.08528449558908667,0.32525894248219145,0.04448080147529409,0.3697397439574856
56.94915254237288,0.5447032447961965,0.08556167135573922,0.32512135803821646,0.044613725809847724,0.3697350838480642
57.96610169491525,0.5444538419743867,0.08583232566440437,0.32497074464801323,0.044743087713195615,0.36971383236120886
58.983050847457626,0.5442263162214571,0.08609569702188093,0.3248091966697665,0.044868790086895545,0.369677986756662
60.0,0.544019459223612,0.08635113946485279,0.3246386464511583,0.04499075486037693,0.36962940131153527
60.0,0.544019459223612,0.08635113946485279,0.3246386464511583,0.04499075486037693,0.36962940131153527
60.668896321070235,0.5360872190152277,0.09806733286697049,0.3166631763826755,0.049182271735126154,0.3658454481178017
61.33779264214047,0.5291008279228946,0.1104228746781958,0.3070715810941965,0.05340471630471304,0.3604762973989096
62.0066889632107,0.5223364492414849,0.12345097621252671,0.2965179706006606,0.05769460394532772,0.3542125745459883
62.675585284280935,0.5153850004191597,0.13713701930315786,0.2854086196558376,0.062069360621844934,0.3474779802776825
63.34448160535117,0.5080384941687794,0.15142393718148736,0.2740047166855909,0.0665328519641423,0.3405375686497332
64.0133779264214,0.5002162281421836,0.16621859737054678,0.26248522311893774,0.07107995136833199,0.33356517448726974
64.68227424749163,0.4919183831541758,0.1813985921486233,0.2509829792499472,0.07570004544725374,0.326683024697201
65.35117056856187,0.4831967809463845,0.19681932782722333,0.23960424926765367,0.08037964195873842,0.3199838912263921
66.0200668896321,0.4741358196856537,0.2123213563835588,0.2284385483966559,0.0851042755341316,0.31354282393078753
66.68896321070234,0.4648393326727578,0.2277377770389234,0.21756303028713828,0.08985986000118074,0.30742289028831904
67.35785953177258,0.45542095599555754,0.24290142322444883,0.20704402942586397,0.09463359135412971,0.3016776207799937
68.02675585284281,0.4459967314353148,0.25765149278576877,0.19693729890444991,0.09941447687446647,0.29635177577891636
68.69565217391305,0.4366793218242134,0.2718392937306311,0.18728782995952217,0.10419355448563342,0.2914813844451556
69.36454849498328,0.42757356175979,0.2853328416199933,0.1781297352791235,0.10896386134109312,0.2870935966202166
70.03344481605352,0.4187732065369004,0.29802015682318644,0.16948642286090557,0.11372021377900751,0.2832066366399131
70.70234113712374,0.4103587840946571,0.3098112302883107,0.1613711239867089,0.11845886163032324,0.2798299856170321
71.37123745819397,0.4023964407917164,0.32063873516942126,0.15378774723631639,0.12317707680254601,0.2769648240388624
72.04013377926421,0.39493764779141016,0.33045763572575654,0.14673199100315978,0.1278727254796735,0.27460471648283324
72.70903010033445,0.38801961046758143,0.3392439223163042,0.1401925952113881,0.1325438720047261,0.2727364672161142
73.37792642140468,0.3816661927366776,0.3469927000121504,0.13415266310582563,0.13718844414534637,0.271341107251172
74.04682274247492,0.3758892195564314,0.3537158549211233,0.12859094980115532,0.14180397572129008,0.2703949255224454
74.71571906354515,0.3706899809747618,0.35943951159587223,0.12348306830998265,0.14638743911938332,0.269870507429366
75.38461538461539,0.3660608290293639,0.3642014430666212,0.11880256478076108,0.15093516312325386,0.26973772790401496
76.05351170568562,0.36198676270496927,0.36804856473837744,0.11452184369635707,0.15544282886029634,0.2699646725566534
76.72240802675586,0.35844693472466876,0.37103460034510816,0.11061293530455717,0.15990552962566593,0.27051846493022313
77.3913043478261,0.3554160287938233,0.37321798306799825,0.1070481066073266,0.16431788153085183,0.2713659881381784
78.06020066889633,0.3528654868602317,0.37466000847251024,0.10380034041776191,0.16867416424949616,0.2724745046672581
78.72909698996656,0.3507645927948228,0.3754232565550579,0.1008436735907861,0.17296847705933324,0.2738121506501193
79.39799331103679,0.3490813443217071,0.3755702968668417,0.09815344725277668,0.1771949115586745,0.2753483588114512
80.06688963210702,0.347783240148512,0.3751626060743844,0.09570645487736924,0.1813476988997344,0.2770541537771037
80.73578595317726,0.3468378717656272,0.374259740725447,0.09348102948887616,0.18542135802004964,0.2789023875089258
81.40468227424749,0.3462134194821378,0.3729186942935992,0.09145707127206117,0.18941081495220174,0.2808678862242629
82.07357859531773,0.34587903164420275,0.3711934328456022,0.08961603482670742,0.19331150068348762,0.28292753551019506
82.74247491638796,0.34580511076258746,0.3691345787268722,0.08794088755107167,0.1971194229594687,0.28506031051054037
83.4113712374582,0.3459635187527498,0.3667892215229065,0.08641604423426096,0.20083121549008273,0.28724725972434373
84.08026755852842,0.3463277180730622,0.36420082948355814,0.08502729057846085,0.20444416186491882,0.28947145244337963
84.74916387959865,0.34687285740335744,0.3614092460923123,0.08376169563153234,0.20795620087279806,0.2917178965043304
85.41806020066889,0.3475758104222336,0.35845075258409265,0.08260752309042728,0.2113659139032464,0.2939734369936737
86.08695652173913,0.3484151886977329,0.3553581768900698,0.08155413913535814,0.2146724952768391,0.2962266344121972
86.75585284280936,0.34937130821990464,0.352161050185446,0.08059192147355966,0.21787572012108963,0.2984676415946493
87.4247491638796,0.3504261392269048,0.3488857842714682,0.07971217949521722,0.22097589700640988,0.3006880765016271
88.09364548494983,0.35156328279265486,0.3455558481690839,0.07890706465768359,0.22397380438057768,0.3028808690382613
88.76254180602007,0.35276784680022766,0.3421919984486177,0.0781694985624409,0.22687065618871374,0.30504015475115465
89.4314381270903,0.3540264030891713,0.3388124668579421,0.07749309905902796,0.22966803099385863,0.3071611300528866
90.10033444816054,0.3553268825142168,0.33543317721623905,0.07687211471990912,0.23236782554963514,0.30923994026954427
90.76923076923077,0.3566584913439795,0.3320679449502328,0.0763013633380439,0.23497220036774397,0.3112735637057879
91.43812709030101,0.3580116201967863,0.32872867271305045,0.075776176186799,0.23748353090336433,0.3132597070901633
92.10702341137124,0.35937775463820576,0.3254255359193876,0.07529234744688602,0.2399043619955207,0.31519670944240674
92.77591973244148,0.36074939093124847,0.3221671560296005,0.07484608801196757,0.2422373650271835,0.3170834530391511
93.44481605351172,0.3621199520108893,0.31896076457665784,0.07443398267560267,0.24448530073685018,0.31891928341245285
94.11371237458194,0.3634837013831232,0.3158123570155071,0.07405295337305175,0.24665098822831785,0.3207039416013696
94.78260869565217,0.3648356720025933,0.3127268295748984,0.07370022452636675,0.24873727389614153,0.3224374984225083
95.45150501672241,0.36617159391125387,0.3097081071695119,0.07337329231482627,0.250747006604408,0.3241202989192343
96.12040133779264,0.3674878250698249,0.3067592606272388,0.07306989713357193,0.2526830171693643,0.3257529143029363
96.78929765886288,0.36878129016162287,0.3038826113324508,0.07278799858071211,0.25454809992521427,0.32733609850592643
97.45819397993311,0.37004942182336464,0.30107982676705375,0.07252575312825886,0.25634499828132284,0.3288707514095817
98.12709030100334,0.3712901069146681,0.29835200582085714,0.07228149426310267,0.25807639300137214,0.3303578872644748
98.79598662207357,0.3725016377989555,0.29569975527734993,0.07205371433076437,0.25974489259293015,0.3317986069236945
99.4648829431438,0.37368266636661,0.293123258489748,0.07184104856958373,0.2613530265740583,0.33319407514364197
100.13377926421404,0.3748321626580702,0.29062233653444736,0.07164226055585791,0.2629032402516246,0.3345455008074825
100.80267558528428,0.37594937785806454,0.28819650125961194,0.07145622956987206,0.2643978913124515,0.33585412088232364
101.47157190635451,0.3770338110783448,0.2858450032188508,0.07128193860096005,0.2658392471018443,0.33712118570280436
102.14046822742475,0.3780851780689131,0.28356687402689723,0.071118464003665,0.2672294839005247,0.3383479479041897
102.80936454849498,0.3791033812059742,0.28136096413601636,0.07096496658010958,0.26857068807789986,0.3395356546580094
103.47826086956522,0.38008848553219965,0.2792259748884331,0.07082068307330466,0.2698648565060626,0.3406855395793673
104.14715719063545,0.3810406982980167,0.27716048607074895,0.07068491842898068,0.27111389720225365,0.3417988156312343
104.81605351170569,0.38196034752699637,0.27516298116277393,0.07055703928954783,0.27231963202068193,0.3428766713102297
105.48494983277592,0.38284786202939486,0.2732318700720636,0.07043646807332599,0.27348379982521565,0.3439202678985416
106.15384615384616,0.38370375765222564,0.2713655059651198,0.07032267765887419,0.2746080587237803,0.3449307363826544
106.8227424749164,0.38452862357116696,0.26956220180978024,0.07021518616969648,0.2756939884493564,0.3459091746190528
107.49163879598663,0.38532310946673093,0.26782024473562027,0.07011355249514949,0.27674309330249924,0.34685664579764874
108.16053511705685,0.3860879108789439,0.26613790960995265,0.07001737268364695,0.27775680682745635,0.34777417951110334
108.82943143812709,0.38682375887393566,0.2645134671006746,0.06992627747222692,0.27873649655316285,0.34866277402538975
109.49832775919732,0.38753141310164585,0.26294519350737505,0.06983992803440493,0.2796834653565741,0.3495233933909791
110.16722408026756,0.38821166181733124,0.2614313746018077,0.0697580123135919,0.28059895126726914,0.35035696358086105
110.8361204013378,0.3888653137190275,0.25997031235858753,0.06968024266166528,0.28148413126071964,0.3511643739223849
111.50501672240803,0.38949317421456653,0.25856033699333614,0.06960635590805513,0.2823401328840422,0.3519464887920973
112.17391304347825,0.3900960589861285,0.25719980381546825,0.06953610883008866,0.2831680283683146,0.3527041371984033
112.84280936454849,0.39067477850527155,0.25588710097869416,0.06946927772864188,0.2839688427873923,0.3534381205160342
113.51170568561872,0.39123014454351174,0.25462064802044915,0.06940565549459246,0.2847435519414466,0.35414920743603906
114.18060200668896,0.39176295998836835,0.25339890114823754,0.0693450507786014,0.28549308808479257,0.35483813886339394
114.84949832775919,0.39227401824392594,0.25222035396215003,0.06928728637008877,0.2862183414238353,0.3555056277939241
115.51839464882943,0.3927641001913207,0.25108353853347254,0.06923219824886086,0.2869201630263459,0.3561523612752068
116.18729096989966,0.3932339727295953,0.2499870263701356,0.06917963423816671,0.28759936666210234,0.35677900090026904
116.8561872909699,0.3936843870492939,0.24892942889269334,0.06912945304753791,0.28825673101047494,0.35738618405801287
117.52508361204013,0.3941160769802049,0.24790939811548032,0.06908152322414607,0.28889300168016874,0.3579745249043148
118.19397993311037,0.39452975868458806,0.2469256257143847,0.06903572258439508,0.2895088930166322,0.3585446156010273
118.8628762541806,0.3949261297093527,0.24597684330110392,0.06899193725869578,0.2901050897308477,0.35909702698954343
119.53177257525084,0.3953058689667721,0.24506182110502206,0.0689500613768031,0.2906822485514027,0.3596323099282058
120.20066889632108,0.3956696336388451,0.24417937051053124,0.06890999563316878,0.29124100021745486,0.36015099585062366
120.86956521739131,0.39601806114600163,0.24332834086356916,0.06887164739568832,0.291781950594741,0.36065359799042934
121.53846153846155,0.39635176904783675,0.24250761897352263,0.06883493005040262,0.2923056819282379,0.3611406119786405
122.20735785953178,0.3966713552828173,0.24171612877884785,0.0687997622951625,0.2928127536431724,0.36161251593833493
122.876254180602,0.39697739770829477,0.24095283032491457,0.06876606792008522,0.29330370404670547,0.3620697719667907
123.54515050167224,0.3972704537566288,0.2402167191764833,0.06873377545179715,0.2937790516150908,0.362512827066888
124.21404682274247,0.39755105986135936,0.2395068259247957,0.06870281786733243,0.2942392963465124,0.36294211421384487
124.88294314381271,0.3978197335719684,0.23882221449539903,0.0686731320645443,0.29468491986808815,0.36335805193263243
125.55183946488295,0.39807697421302596,0.23816198103434366,0.06864465854780086,0.29511638620482955,0.36376104475263044
126.22073578595318,0.3983232634805607,0.23752525287846815,0.06861734107756871,0.29553414256340244,0.36415148364097116
126.88963210702342,0.39855906266650737,0.23691118934543415,0.068591126922247,0.2959386210658116,0.3645297479880586
127.55852842809365,0.3987848143526649,0.2363189791996113,0.06856596634130357,0.29633024010642023,0.36489620644772375
128.22742474916387,0.3990009454236543,0.2357478397643044,0.06854181213926677,0.2967094026727745,0.36525121481204126
128.8963210702341,0.3992078666043507,0.23519701583699826,0.06851861958815748,0.2970764979704935,0.365595117558651
129.56521739130434,0.3994059701492688,0.2346657804575923,0.06849634662566431,0.29743190276747455,0.3659282493931389
130.23411371237458,0.3995956340153684,0.23415343123966723,0.06847495316465597,0.29777598158030844,0.3662509347449644
130.90301003344482,0.3997772203093936,0.2336592916987139,0.06845440127839933,0.2981090867134931,0.3665634879918925
131.57190635451505,0.39995107588122186,0.233182709873381,0.06843465502346364,0.2984315592219334,0.366866214245397
132.2408026755853,0.40011753358636976,0.2327230567827718,0.06841568021507878,0.2987437294157797,0.36715940963085847
132.90969899665552,0.4002769127895493,0.23227972589379395,0.06839744430618368,0.2990459170104729,0.36744336131665656
133.57859531772576,0.40042951839829055,0.2318521339074991,0.0683799165282107,0.29933843116599956,0.36771834769421025
134.247491638796,0.4005756428867689,0.23143971761520954,0.06836306749644662,0.29962157200157497,0.3679846394980216
134.91638795986623,0.4007155651068701,0.23104193556391245,0.06834686942739106,0.2998956299018263,0.3682424993292174
135.58528428093643,0.4008495539055654,0.23065826409406215,0.06833129557038248,0.30016088642998995,0.3684921820003724
136.25418060200667,0.40097786646653943,0.23028819890486862,0.06831632046874705,0.300417614159845,0.3687339346285921
136.9230769230769,0.40110074961718134,0.2299312537324875,0.06830191973972816,0.3006660769106032,0.36896799665033136
137.59197324414714,0.40121843876338853,0.22958696017193297,0.06828807021781945,0.3009065308468591,0.36919460106467855
138.26086956521738,0.40133115818046416,0.2292548670753365,0.06827474989647624,0.3011392248477231,0.3694139747441994
138.9297658862876,0.4014391215340075,0.2289345399059574,0.0682619378663536,0.3013644006936815,0.3696263385600351
139.59866220735785,0.40154253378999266,0.22862555974149903,0.06824961408657623,0.301582292381932,0.3698319064685083
140.26755852842808,0.40164159315477643,0.22832752191249442,0.06823775909948455,0.3017931258332446,0.3700308849327292
140.93645484949832,0.4017364882417511,0.2280400366529567,0.06822635441223446,0.3019971206930577,0.3702234751052921
141.60535117056855,0.4018273995610765,0.22776272832673292,0.06821538231060542,0.3021944898015851,0.37040987211219045
142.2742474916388,0.40191449902564796,0.22749523500227714,0.06820482591815416,0.30238544005392065,0.37059026597207484
142.94314381270902,0.40199795103865515,0.2272372077347927,0.06819466907232083,0.3025701721542313,0.3707648412265522
143.61204013377926,0.40207791249325514,0.22698831038806414,0.06818489632297628,0.3027488807957045,0.37093377711868075
144.2809364548495,0.40215453391467665,0.22674821863000466,0.06817549279825795,0.3029217546570607,0.37109724745531864
144.94983277591973,0.4022279594267838,0.22651661966773046,0.06816644421520233,0.3030889766902834,0.37125542090548574
145.61872909698997,0.40229832659182735,0.22629321218364432,0.06815773690076704,0.30325072432376127,0.3714084612245283
146.2876254180602,0.40236576696818677,0.2260777055464647,0.06814935773599118,0.3034071697493573,0.37155652748534845
146.95652173913044,0.40243040620707066,0.22586981951836715,0.06814129415236309,0.3035584801221991,0.37169977427456224
147.62541806020067,0.402492364399323,0.22566928401271266,0.06813353408794355,0.3037048175000209,0.37183835158796447
148.2943143812709,0.40255175657195674,0.22547583837488214,0.06812606594271853,0.30384633911044256,0.37197240505316104
148.96321070234114,0.40260869176877634,0.22528923216696328,0.06811887867112763,0.30398319739313273,0.3721020760642603
149.63210702341138,0.40266327536408003,0.22510922296397798,0.06811196154894403,0.3041155401229978,0.37222750167194185
150.30100334448161,0.4027156075348141,0.22493557743887366,0.06810530433341039,0.30424351069290184,0.3723488150263122
150.96989966555185,0.40276578417807113,0.22476807047164413,0.06809889717216512,0.30436724817811966,0.37246614535028477
151.63879598662209,0.4028138969876752,0.2246064850672464,0.06809273059838733,0.30448688734669094,0.37257961794507827
152.30769230769232,0.40286003407850024,0.22445061137539576,0.06808679547062457,0.3046025590754795,0.3726893545461041
152.97658862876256,0.40290427923398925,0.22430024755762887,0.06808108304954978,0.30471439015883195,0.37279547320838174
153.6454849498328,0.40294671258176384,0.22415519893155217,0.06807558493366671,0.3048225035530173,0.37289808848668404
154.31438127090303,0.40298741114473086,0.2240152772870349,0.06807029300728328,0.304927018560951,0.37299731156823424
154.98327759197326,0.40302644794545955,0.22388030180684487,0.06806519952688973,0.3050280507208058,0.3730932502476955
155.6521739130435,0.4030638931778248,0.22375009768819765,0.06806029701374687,0.30512571212023065,0.3731860091339776
156.3210702341137,0.40309981384025945,0.22362449648694407,0.06805557828735247,0.3052201113854441,0.3732756896727965
156.98996655518394,0.4031342740246055,0.22350333573014491,0.06805103643897917,0.30531135380627045,0.3733623902452496
157.65886287625418,0.4031673349777378,0.22338645878639327,0.0680466648302797,0.3053995414055891,0.3734462062358688
158.3277591973244,0.4031990553338693,0.22327371442622324,0.06804245706905496,0.30548477317085254,0.37352723023990747
158.99665551839465,0.4032294911960998,0.2231649568734076,0.06803840700565955,0.3055671449248331,0.3736055519304927
159.66555183946488,0.40325869630018296,0.22306004545955418,0.06803450871776058,0.3056467495225022,0.3736812582402628
160.33444816053512,0.40328672209590594,0.22295884445209319,0.06803075650368656,0.3057236769483143,0.3737544334520009
161.00334448160535,0.4033136172564962,0.22286122327883287,0.06802714492647395,0.30579801453819694,0.3738251594646709
161.6722408026756,0.40333942913784926,0.22276705543495845,0.06802366868545902,0.30586984674173323,0.37389351542719224
162.34113712374582,0.40336420293391456,0.22267621893932407,0.06802032269155442,0.3059392554352069,0.37395957812676134
163.01003344481606,0.4033879818184733,0.22258859618476123,0.06801710205391237,0.3060063199428531,0.3740234219967654
163.67892976588627,0.4034108066403556,0.222504074139558,0.06801400210476527,0.30607111711532115,0.37408511922008647
164.3478260869565,0.40343271710899237,0.22242254318387875,0.06801101830211032,0.30613372140501866,0.37414473970712897
165.01672240802674,0.403453750979569,0.22234389779797586,0.06800814629542062,0.30619420492703453,0.37420235122245515
165.68561872909697,0.4034739441581965,0.22226803642221593,0.06800538191499705,0.30625263750459053,0.3742580194195876
166.3545150501672,0.40349333124793724,0.22219486080771736,0.06800272113195754,0.30630908681238783,0.37431180794434543
167.02341137123744,0.40351194530745416,0.22212427626594192,0.0680001600724551,0.30636361835414877,0.37436377842660384
167.69230769230768,0.40352981807274413,0.22205619146151595,0.06799769499683454,0.30641629546890525,0.37441399046573975
168.36120401337791,0.40354697988009086,0.2219905182203381,0.06799532231419106,0.30646717958537995,0.37446250189957103
169.03010033444815,0.4035634598240089,0.22192717148349347,0.06799303856238643,0.3065163301301112,0.3745093686924976
169.69899665551839,0.4035792857370121,0.22186606925288702,0.06799084041034446,0.3065638045997566,0.37455464501010105
170.36789297658862,0.4035944844374036,0.22180713224503418,0.06798872463878924,0.30660965867877293,0.3745983833175622
171.03678929765886,0.4036090815360633,0.22175028403480798,0.06798668815604804,0.3066539462730806,0.37464063442912865
171.7056856187291,0.40362310126503564,0.2216954511021693,0.06798472801484236,0.3066967196179527,0.37468144763279504
172.37458193979933,0.4036365672206471,0.22164256219814452,0.06798284134405215,0.3067380292371562,0.37472087058120834
173.04347826086956,0.4036495018436557,0.22159154870622932,0.06798102539531758,0.30677792405479726,0.3747589494501149
173.7123745819398,0.4036619264671503,0.2215423446043489,0.06797927753534046,0.3068164513931602,0.37479572892850066
174.38127090301003,0.40367386168214847,0.22149488596289457,0.0679775952214389,0.3068536571335182,0.37483125235495707
175.05016722408027,0.40368532719354694,0.22144911117664395,0.06797597600499494,0.30688958562481417,0.3748655616298091
175.7190635451505,0.40369634202774785,0.22140496084921135,0.06797441750731353,0.30692427961572716,0.3748986971230407
176.38795986622074,0.40370692431559624,0.221362377578117,0.06797291745624638,0.3069577806500404,0.3749306981062868
177.05685618729098,0.403717091505843,0.2213213060032738,0.06797147365412634,0.3069901288367568,0.3749616024908832
177.7257525083612,0.4037268602999648,0.22128169278802184,0.06797008398729343,0.30702136292471993,0.37499144691201336
178.39464882943145,0.4037362468597848,0.22124348631215487,0.06796874640481981,0.3070515204232405,0.37502026682806033
179.06354515050168,0.40374526658220117,0.22120663684292294,0.06796745894401893,0.3070806376308569,0.37504809657487587
179.73244147157192,0.4037539338527082,0.22117109659651213,0.06796621976029858,0.30710874979048114,0.3750749695507797
180.40133779264215,0.40376226285695144,0.22113681922102893,0.06796502703360023,0.30713589088841936,0.3751009179220196
181.0702341137124,0.40377026701165086,0.22110376009908214,0.06796387903354575,0.30716209385572124,0.375125972889267
181.73913043478262,0.4037779591016363,0.22107187628629146,0.06796277410029872,0.3071873905117735,0.37515016461207223
182.40802675585286,0.40378535136705035,0.22104112623886654,0.06796171064484992,0.3072118117492331,0.3751735223940831
183.0769230769231,0.40379245561892063,0.22101146989087017,0.06796068712606589,0.3072353873641434,0.37519607449020925
183.74581939799333,0.40379928358945627,0.22098286851732463,0.06795970200605554,0.3072581458871635,0.37521784789321905
184.41471571906357,0.4038058461950867,0.22095528476643506,0.06795875385122929,0.30728011518724907,0.37523886903847836
185.08361204013377,0.40381215409116533,0.2209286825751044,0.06795784125689498,0.3073013220768354,0.3752591633337304
185.752508361204,0.4038182174495495,0.22090302722851157,0.06795696287621805,0.30732179244572105,0.3752787553219391
186.42140468227424,0.40382404629225616,0.22087828505056487,0.06795611738103069,0.3073415512761483,0.375297668657179
187.09030100334448,0.40382964996105297,0.22085442368808134,0.06795530352715085,0.3073606228237149,0.37531592635086575
187.7591973244147,0.4038350366269286,0.2208314122674279,0.0679545202166759,0.3073790308889676,0.37533355110564354
188.42809364548495,0.4038402151298505,0.22080922053540622,0.06795376626792567,0.30739679806681747,0.3753505643347432
189.09698996655518,0.4038451935208714,0.220787819468616,0.06795304059854945,0.3074139464119632,0.37536698701051263
189.76588628762542,0.4038499796996304,0.22076718111543006,0.06795234214148325,0.30743049704345626,0.37538283918493953
190.43478260869566,0.4038545811066921,0.22074727848575926,0.06795166988973304,0.3074464705178157,0.3753981404075487
191.1036789297659,0.4038590047767796,0.22072808551888207,0.06795102288928614,0.3074618868150523,0.37541290970433844
191.77257525083613,0.4038632575530696,0.22070957706565206,0.06795040020945398,0.3074767651718244,0.37542716538127835
192.44147157190636,0.40386734659046347,0.22069172882247004,0.06794980087481788,0.3074911237122486,0.3754409245870665
193.1103678929766,0.4038712781957023,0.22067451732362872,0.06794922402439106,0.307504980456278,0.3754542044806691
193.77926421404683,0.40387505871850526,0.2206579198761127,0.06794866879017022,0.30751835261521177,0.375467021405382
194.44816053511707,0.40387869400163046,0.22064191474932232,0.06794813436747132,0.30753125688157606,0.3754793912490474
195.1170568561873,0.4038821896377981,0.22062648099073356,0.06794761998368781,0.3075437093877803,0.3754913293714681
195.7859531772575,0.4038855513429292,0.2206115981692875,0.0679471248528699,0.30755572563491346,0.3755028504877833
196.45484949832775,0.40388878450349236,0.22059724663240157,0.06794664823101165,0.3075673206330945,0.3755139688641061
197.12374581939798,0.403891893631799,0.22058340778667188,0.06794618948490465,0.3075785090966243,0.3755246985815289
197.79264214046822,0.40389488367318577,0.22057006332324824,0.06794574792846145,0.3075893050751045,0.375535053003566
198.46153846153845,0.40389775910597053,0.22055719570920745,0.06794532293562472,0.30759972224919724,0.37554504518482196
199.1304347826087,0.40390052434391976,0.22054478802009078,0.06794491388910909,0.3076097737468803,0.3755546876359894
199.79933110367892,0.40390318381197415,0.22053282390777101,0.06794452017064861,0.30761947210960633,0.375563992280255
200.46822742474916,0.4039057414086498,0.2205212876274176,0.06794414123125636,0.3076288297326762,0.3755729709639326
201.1371237458194,0.40390820100213515,0.22051016396493278,0.06794377652663224,0.3076378585062998,0.375581635032932
201.80602006688963,0.4039105665823326,0.22049943823953924,0.06794342549628382,0.3076465696818443,0.3755899951781281
202.47491638795987,0.4039128418482319,0.22048909625395957,0.0679430876192913,0.30765497427851735,0.37559806189780864
203.1438127090301,0.40391503041931043,0.22047912428021627,0.06794276238599499,0.3076630829144783,0.37560584530047325
203.81270903010034,0.4039171357327816,0.22046950910978255,0.06794244931066962,0.3076709058467662,0.3756133551574358
204.48160535117057,0.4039191606609758,0.2204602382212158,0.0679421479797307,0.30767845313807785,0.37562060111780854
205.1505016722408,0.403921108522436,0.22045129923594337,0.06794185792505897,0.30768573431656154,0.3756275922416205
205.81939799331104,0.4039229823076272,0.22044268030542355,0.06794157872103782,0.30769275866591156,0.3756343373869494
206.48829431438128,0.4039247848221237,0.2204343700770316,0.06794130996632425,0.30769953513452053,0.3756408451008448
207.1571906354515,0.40392651875352364,0.22042635758019394,0.06794105127581153,0.30770607239047093,0.37564712366628245
207.82608695652175,0.40392818668201463,0.22041863219682808,0.0679408022793612,0.30771237884179625,0.3756531811211574
208.49498327759198,0.4039297910839806,0.22041118370348192,0.06794056262100658,0.30771846259153085,0.37565902521253747
209.16387959866222,0.4039313347309154,0.2204040022085105,0.06794033190777299,0.3077243311528009,0.3756646630605739
209.83277591973246,0.40393281976561457,0.2203970781985747,0.06794010982852385,0.3077299922072867,0.3756701020358105
210.50167224080266,0.40393424843118686,0.2203904024741064,0.06793989606019704,0.30773545303450955,0.37567534909470657
211.1705685618729,0.4039356228857607,0.22038396614621364,0.06793969029165277,0.3077407206763728,0.3756804109680256
211.83946488294313,0.4039369451314389,0.22037776074871931,0.06793949223219253,0.3077458018876491,0.37568529411984164
212.50836120401337,0.4039382170738709,0.22037177813054037,0.06793930160436243,0.30775070319122627,0.3756900047955887
213.1772575250836,0.4039394406289758,0.22036601026878438,0.06793911813108315,0.30775543097115665,0.3756945491022398
213.84615384615384,0.4039406175912946,0.22036044948272007,0.06793894155146098,0.30775999137452437,0.3756989329259853
214.51505016722408,0.4039417496804692,0.2203550883481923,0.06793877161516648,0.3077643903561721,0.3757031619713386
215.1839464882943,0.40394283901757894,0.22034991976814688,0.06793860802049446,0.3077686331937797,0.3757072412142741
215.85284280936455,0.4039438871877298,0.22034493679126405,0.06793845053628152,0.30777272548472473,0.37571117602100623
216.52173913043478,0.4039448958829855,0.22034013271217834,0.06793829891830014,0.3077766724865359,0.37571497140483606
217.19063545150502,0.40394586679747646,0.22033550103846042,0.06793815292290763,0.3077804792411554,0.37571863216406304
217.85953177257525,0.4039468012937268,0.22033103564484777,0.06793801234937419,0.3077841507120513,0.3757221630614254
218.5284280936455,0.40394770015221826,0.2203267308973218,0.06793787707159804,0.3077876918788619,0.37572556895045994
219.19732441471572,0.40394856503451826,0.22032258086664888,0.06793774685269494,0.30779110724613795,0.37572885409883283
219.86622073578596,0.4039493971430845,0.22031858003155796,0.06793762151479671,0.30779440131056096,0.37573202282535767
220.5351170568562,0.40395019759754486,0.22031472306981142,0.06793750089135527,0.30779757844128863,0.3757350793326439
221.20401337792643,0.4039509678558521,0.22031100482366353,0.06793738477329592,0.30780064254718836,0.3757380273204843
221.87290969899666,0.4039517090412859,0.2203074203334366,0.06793727299501398,0.3078035976302635,0.37574087062527745
222.5418060200669,0.4039524221528831,0.2203039648160992,0.06793716540746052,0.30780644762355736,0.3757436130310179
223.21070234113714,0.40395310823848435,0.22030063364617916,0.06793706185600636,0.3078091962593301,0.3757462581153365
223.87959866220737,0.4039537683348574,0.22029742235908223,0.06793696218813394,0.3078118471179263,0.37574880930606025
224.54849498327758,0.4039544036095985,0.2202943266786252,0.06793686623560936,0.3078144034761668,0.37575126971177614
225.2173913043478,0.40395501500362513,0.22029134241485882,0.06793677385930487,0.30781686872221115,0.375753642581516
225.88628762541805,0.40395560352431337,0.22028846553088524,0.06793668491239872,0.30781924603240274,0.3757559309448014
226.55518394648828,0.403956170173567,0.22028569211485832,0.06793659924937231,0.30782153846220234,0.3757581377115747
227.22408026755852,0.4039567154742801,0.22028301861557,0.06793651678637455,0.3078237491237752,0.3757602659101497
227.89297658862876,0.40395724003138406,0.220280441550855,0.06793643742966572,0.30782588098809527,0.37576231841776103
228.561872909699,0.40395774485936,0.22027795733500619,0.06793636103383922,0.3078279367717946,0.37576429780563386
229.23076923076923,0.40395823069608605,0.22027556262270553,0.06793628748929689,0.3078299191919115,0.37576620668120836
229.89966555183946,0.40395869824705233,0.2202732541788801,0.06793621669109215,0.30783183088297544,0.37576804757406757
230.5685618729097,0.4039591481915599,0.220271028887108,0.06793614853811762,0.3078336743832145,0.37576982292133215
231.23745819397993,0.40395958125170056,0.2202688839334362,0.0679360829242252,0.30783545189063805,0.37577153481486325
231.90635451505017,0.40395999802370863,0.22026681632625267,0.0679360197598825,0.3078371658901564,0.3757731856500389
232.5752508361204,0.40396039911644677,0.22026482327431826,0.06793595895436084,0.30783881865487406,0.3757747776092349
233.24414715719064,0.40396078511549155,0.22026290207750598,0.06793590042033497,0.30784041238666754,0.3757763128070025
233.91304347826087,0.4039611565844285,0.22026105012151528,0.06793584407370061,0.3078419492203556,0.3757777932940562
234.5819397993311,0.4039615140868231,0.22025926499978052,0.06793578983085556,0.3078434310825408,0.37577922091339633
235.25083612040135,0.4039618581614363,0.2202575443477245,0.06793573761171744,0.30784485987912164,0.3757805974908391
235.91973244147158,0.40396218931412947,0.2202558857797026,0.06793568734069386,0.3078462375654741,0.3757819249061679
236.58862876254182,0.4039625080454455,0.22025428704543643,0.06793563894327474,0.30784756596584323,0.375783204909118
237.25752508361205,0.40396281484249674,0.22025274596684755,0.06793559234700469,0.30784884684365105,0.37578443919065574
237.9264214046823,0.4039631101692269,0.2202512604521968,0.06793554748275485,0.3078500818958215,0.37578562937857635
238.5953177257525,0.40396339436205303,0.22024982866652892,0.06793550429845485,0.3078512726729632,0.37578677697141805
239.26421404682273,0.40396366790528965,0.22024844857475007,0.06793546272281442,0.30785242079714586,0.37578788351996034
239.93311036789297,0.403963931207944,0.2202471183083979,0.06793542269470496,0.3078535277889532,0.3757889504836581
240.6020066889632,0.40396418466575146,0.22024583606121914,0.06793538415498039,0.307854595118049,0.37578997927302943
241.27090301003344,0.4039644286620831,0.22024460008572613,0.06793534704634764,0.3078556242058432,0.3757909712521908
241.93979933110367,0.4039646635181495,0.22024340877513282,0.06793531132005441,0.3078566163866632,0.3757919277067176
242.6086956521739,0.4039648895624807,0.2202422605444421,0.0679352769265393,0.30785757296653804,0.3757928498930774
243.27759197324414,0.40396510714449657,0.22024115380567705,0.0679352438135992,0.30785849523622716,0.3757937390498263
243.94648829431438,0.4039653165790803,0.2202400870593025,0.06793521193383459,0.30785938442778255,0.3757945963616171
244.6153846153846,0.4039655181684092,0.22023905885554676,0.06793518124170632,0.30786024173433774,0.37579542297604407
245.28428093645485,0.4039657122043689,0.22023806780160088,0.06793515169325838,0.30786106830077187,0.37579621999403023
245.95317725752508,0.40396589898244983,0.2202371126305904,0.06793512324463595,0.3078618651423237,0.37579698838695963
246.62207357859532,0.4039660787662342,0.22023619200473976,0.06793509585578791,0.3078626333732381,0.375797729229026
247.29096989966555,0.4039662518178763,0.22023530467356292,0.06793506948724466,0.30786337402131614,0.37579844350856084
247.9598662207358,0.4039664183905323,0.22023444942735232,0.06793504410088856,0.30786408808122684,0.3757991321821154
248.62876254180603,0.4039665787289822,0.22023362509473865,0.06793501965986488,0.3078647765164143,0.3757997961762792
