Generation,xOC,xOB,xMMd,xMMr,total xMM
0.0,0.26666666666666666,0.4,0.26666666666666666,0.06666666666666667,0.3333333333333333
0.5084745762711864,0.3909031084149033,0.3280972467545695,0.2247917341485347,0.056207910681992566,0.2809996448305273
1.0169491525423728,0.45010051063110684,0.2899104295755917,0.2085010321092765,0.05148802768402502,0.2599890597933015
1.5254237288135593,0.48298148685724446,0.2655239365717952,0.2024370026148127,0.04905757395614768,0.2514945765709604
2.0338983050847457,0.5032997442189261,0.24785800454406468,0.2011553103716835,0.04768694086532576,0.24884225123700926
2.542372881355932,0.5170029496139719,0.23387151489024738,0.2022811415171419,0.04684439397863886,0.2491255354957808
3.0508474576271185,0.5269650413988681,0.22210731119370813,0.20465273159381872,0.04627491581360499,0.2509276474074237
3.559322033898305,0.5346718222343205,0.21181509447566746,0.20766382041233994,0.04584926287767213,0.25351308329001204
4.067796610169491,0.5409274540570851,0.2025857805595029,0.2109865874553997,0.04550017792801237,0.25648676538341203
4.576271186440678,0.5461835529910967,0.19418345193424488,0.21444058610751515,0.045192408967143265,0.2596329950746584
5.084745762711864,0.5507031882368547,0.18646324533697295,0.21792592045865883,0.044907645967513454,0.2628335664261723
5.59322033898305,0.5546461713435811,0.1793296474726566,0.2213875402143005,0.04463664096946192,0.26602418118376236
6.101694915254237,0.5581146359191349,0.17271476735598076,0.22479560806684076,0.04437498865804346,0.2691705967248842
6.610169491525424,0.5611778360923615,0.16656680478975378,0.22813451929199785,0.044120839825886764,0.2722553591178846
7.11864406779661,0.5638858192034449,0.16084382781809647,0.23139669615270556,0.04387365682575307,0.27527035297845864
7.627118644067796,0.5662770484691466,0.155510353297661,0.23457906031852063,0.043633537914671665,0.27821259823319233
8.135593220338983,0.5683827015709986,0.1505354224967492,0.23768102180435943,0.043400854127892574,0.28108187593225203
8.64406779661017,0.5702291281702223,0.14589148138496638,0.24070333224338217,0.04317605820142924,0.2838793904448114
9.152542372881356,0.571839282956394,0.14155369775383647,0.243647431511767,0.04295958777800257,0.28660701928976956
9.661016949152541,0.5732335789512811,0.13749952033617327,0.2465150802160782,0.042751820496467335,0.28926690071254557
10.169491525423728,0.5744304196316796,0.13370837183140713,0.24930815223393957,0.042553056302973825,0.2918612085369134
10.677966101694915,0.575446539786015,0.13016142134937023,0.25202852414559307,0.04236351471902178,0.2943920388646149
11.1864406779661,0.5762972444397684,0.1268414026368995,0.2546780141642796,0.04218333875905245,0.2968613529233321
11.694915254237287,0.576996578288342,0.12373246362162994,0.2572583555149411,0.042012602575087,0.29927095809002807
12.203389830508474,0.5775574582291382,0.12082003634461433,0.25977118534882393,0.041851320077423634,0.3016225054262476
12.711864406779661,0.5779917817520857,0.11809072146126172,0.2622180433951125,0.041699453391540096,0.3039174967866526
13.220338983050848,0.5783105171223714,0.11553218583041458,0.2646003759443654,0.04155692110284863,0.30615729704721406
13.728813559322033,0.5785237846980366,0.11313306845281887,0.2669195416725881,0.04142360517655644,0.30834314684914454
14.23728813559322,0.5786409291443242,0.11088289399329901,0.26917682023431805,0.04129935662805896,0.31047617686237705
14.745762711864407,0.5786705657128839,0.10877200522929917,0.2713734246795484,0.0411840043782685,0.3125574290578169
15.254237288135592,0.5786206580628231,0.10679148304554158,0.2735105023106573,0.041077356580977956,0.3145878588916353
15.762711864406779,0.5784985721263061,0.10493308364515087,0.27558913929635576,0.0409792049321875,0.31656834422854324
16.271186440677965,0.5783111087066223,0.1031891857282285,0.2776103755067691,0.04088933005838012,0.3184997055651492
16.779661016949152,0.5780645418717097,0.10155273698535033,0.27957521659618,0.04080750454675978,0.32038272114293975
17.28813559322034,0.5777646809197488,0.10001720195999879,0.2814846234761827,0.04073349364406962,0.32221811712025233
17.796610169491526,0.5774168978706281,0.09857652007163462,0.28333952387880157,0.040667058178935636,0.3240065820577372
18.305084745762713,0.5770261476164166,0.09722506839236758,0.28514082643982414,0.04060795755139167,0.3257487839912158
18.813559322033896,0.5765970124621022,0.09595762246254237,0.2868894150718138,0.04055595000354158,0.3274453650753554
19.322033898305083,0.5761337305693202,0.09476932311070344,0.2885861525047738,0.04051079381520255,0.3290969463199764
19.83050847457627,0.5756402158990777,0.09365564756295071,0.2902318876064,0.04047224893157173,0.33070413653797176
20.338983050847457,0.5751200842003353,0.09261238135197396,0.2918274569258872,0.04044007752180357,0.3322675344476908
20.847457627118644,0.5745766749407225,0.09163559333516587,0.29337368699135413,0.040414044732757504,0.33378773172411164
21.35593220338983,0.5740130714773093,0.09072161283259027,0.29487139643374033,0.04039391925636013,0.3352653156901005
21.864406779661017,0.5734321194133257,0.08986700879154116,0.2963213980041898,0.04037947379094336,0.33670087179513314
22.3728813559322,0.5728364437147621,0.08906857077178139,0.29772450008645124,0.04037048542700538,0.3380949855134566
22.881355932203387,0.572228463064308,0.08832329132685085,0.2990815100375193,0.040366735571321886,0.33944824560884124
23.389830508474574,0.5716104096545472,0.08762835034687869,0.3003932292608831,0.04036801073769101,0.34076123999857416
23.89830508474576,0.5709843377978875,0.0869811005043292,0.3016604593838789,0.04037410231390447,0.34203456169778335
24.406779661016948,0.5703521353704066,0.08637905421192463,0.30288400364546725,0.040384806772201576,0.3432688104176688
24.915254237288135,0.5697155350756465,0.08581987171641701,0.30406466726809156,0.04039992593984484,0.3444645932079364
25.423728813559322,0.569076130974717,0.0853013489880494,0.30520325354149924,0.04041926649573437,0.34562252003723365
25.93220338983051,0.5684353887007922,0.08482140754394799,0.3063005638102519,0.04044263994500797,0.34674320375525985
26.440677966101696,0.5677946481896234,0.08437808617454469,0.30735740252992855,0.04046986310590333,0.3478272656358319
26.94915254237288,0.567155129273866,0.08396953295759453,0.30837457941079016,0.04050075835774922,0.3488753377685394
27.457627118644066,0.5665179522806495,0.08359399526420284,0.3093529000135177,0.040535152441630015,0.34988805245514765
27.966101694915253,0.565884135679398,0.08324981429094518,0.3102931727624598,0.04057287726719696,0.3508660500296568
28.47457627118644,0.5652546065526595,0.0829354178679857,0.3111962060677618,0.04061376951159304,0.3518099755793549
28.983050847457626,0.5646302059360745,0.08264931461183282,0.3120628088378324,0.04065767061426052,0.3527204794520929
29.491525423728813,0.5640116952020959,0.08239008832729865,0.31289378982301336,0.04070442664759197,0.35359821647060535
30.0,0.5633997616028036,0.0821563929299607,0.3136899572392436,0.04075388822799212,0.3544438454672357
30.0,0.5633997616028036,0.0821563929299607,0.3136899572392436,0.04075388822799212,0.3544438454672357
31.333333333333332,0.5417944652722542,0.09913776204526961,0.3097391525486239,0.049328620133852384,0.35906777268247625
32.666666666666664,0.5327309422981835,0.11476693493215201,0.2950885389790644,0.05741358379060008,0.35250212276966447
34.0,0.5267299674769783,0.1302379660402348,0.27727893447615487,0.06575313200663199,0.3430320664827869
34.0,0.5267299674769783,0.1302379660402348,0.27727893447615487,0.06575313200663199,0.3430320664827869
35.333333333333336,0.5468774581317157,0.12015527911341105,0.2710887960452974,0.06187846670957588,0.33296726275487326
36.666666666666664,0.5530911049044437,0.11411399856021336,0.27290689449772554,0.0598880020376173,0.3327948965353429
38.0,0.5557672020595101,0.10946408546033683,0.2763542336150574,0.058414478865095674,0.33476871248015305
38.0,0.5557672020595101,0.10946408546033683,0.2763542336150574,0.058414478865095674,0.33476871248015305
39.333333333333336,0.5339887634272373,0.12854628419923808,0.26831750689541173,0.06914744547811273,0.3374649523735245
40.666666666666664,0.5230416486117826,0.1452483625117802,0.2527183191004448,0.07899166977599259,0.3317099888764374
42.0,0.5146608100700217,0.16097380156321783,0.23548680503480748,0.08887858333195311,0.32436538836676054
42.0,0.5146608100700217,0.16097380156321783,0.23548680503480748,0.08887858333195311,0.32436538836676054
43.333333333333336,0.537171406209585,0.1450194459763887,0.23567289667793306,0.08213625113609337,0.3178091478140264
44.666666666666664,0.5469005720321407,0.13420166433825734,0.2411234682620075,0.07777429536759443,0.3188977636296019
46.0,0.5528484293374665,0.12558997592384588,0.24734147338566942,0.07422012135301824,0.3215615947386877
46.0,0.5528484293374665,0.12558997592384588,0.24734147338566942,0.07422012135301824,0.3215615947386877
47.333333333333336,0.5311201362542259,0.1445553526396622,0.23801483189032588,0.08630967921578597,0.3243245111061118
48.666666666666664,0.5189933645301594,0.16061864287907676,0.22319502991157686,0.09719296267918698,0.3203879925907638
50.0,0.5092459926939925,0.17525722235085342,0.20757334670346445,0.10792343825168968,0.3154967849551541
50.0,0.5092459926939925,0.17525722235085342,0.20757334670346445,0.10792343825168968,0.3154967849551541
51.333333333333336,0.5338583731079865,0.1553785214632948,0.21246039661587324,0.09830270881284534,0.3107631054287186
52.666666666666664,0.5464712991725821,0.14131529543374874,0.22071040261056074,0.09150300278310841,0.31221340539366915
54.0,0.5548747679042939,0.1301481552162257,0.22909523663617215,0.08588184024330822,0.31497707687948034
54.0,0.5548747679042939,0.1301481552162257,0.22909523663617215,0.08588184024330822,0.31497707687948034
55.333333333333336,0.5335379742696207,0.14814182550259983,0.21964348735775702,0.0986767128700223,0.3183202002277793
56.666666666666664,0.5208066737821883,0.16323137295446097,0.20586356216305599,0.11009839110029469,0.31596195326335064
58.0,0.5102983487545603,0.17681526612096224,0.19164209206865152,0.121244293055826,0.31288638512447753
58.0,0.5102983487545603,0.17681526612096224,0.19164209206865152,0.121244293055826,0.31288638512447753
59.333333333333336,0.5359809237698117,0.155357718654926,0.19939579090875514,0.1092655666665071,0.3086613575752622
60.666666666666664,0.5502055958762507,0.13993330146890134,0.2093752603765111,0.10048584227833682,0.3098611026548479
62.0,0.5598771929501196,0.12777139740062038,0.21910509009507384,0.09324631955418623,0.31235140964926006
62.0,0.5598771929501196,0.12777139740062038,0.21910509009507384,0.09324631955418623,0.31235140964926006
63.333333333333336,0.5389245551116147,0.14482001428435806,0.20986763491962004,0.1063877956844072,0.3162554306040272
64.66666666666667,0.5258476734586109,0.15918440993919478,0.19687877211216018,0.11808914449003403,0.3149679166021942
66.0,0.5148476896908237,0.1721299555975673,0.183572122749577,0.1294502319620319,0.3130223547116089
66.0,0.5148476896908237,0.1721299555975673,0.183572122749577,0.1294502319620319,0.3130223547116089
67.33333333333333,0.5406841649239008,0.15062263843967585,0.19287610854492315,0.11581708809150021,0.30869319663642336
68.66666666666667,0.5554577174052503,0.13507202152494177,0.20378809994488753,0.10568216112492045,0.309470261069808
70.0,0.5655008879889004,0.12288137143073635,0.21424503728324817,0.09737270329711499,0.3116177405803632
70.0,0.5655008879889004,0.12288137143073635,0.21424503728324817,0.09737270329711499,0.3116177405803632
71.33333333333333,0.5448097555699251,0.13923544261899137,0.20526380263464963,0.11069099917643398,0.3159548018110836
72.66666666666667,0.5315203135608915,0.15315232231944098,0.19278056800692311,0.1225467961127445,0.3153273641196676
74.0,0.5201903740504424,0.16577749634414368,0.18000047057936075,0.1340316590260531,0.3140321296054139
74.0,0.5201903740504424,0.16577749634414368,0.18000047057936075,0.1340316590260531,0.3140321296054139
75.33333333333333,0.5456930659910247,0.14488579148282407,0.1900573962604385,0.11936374626571274,0.3094211425261512
76.66666666666667,0.5604166971661423,0.12975651792467838,0.20141726905721893,0.10840951585196049,0.30982678490917936
78.0,0.5703597913309776,0.11794179450241339,0.21222475192385307,0.09947366224275589,0.31169841416660893
78.0,0.5703597913309776,0.11794179450241339,0.21222475192385307,0.09947366224275589,0.31169841416660893
79.33333333333333,0.5498211500824995,0.13383005723738564,0.20346017213494233,0.11288862054517253,0.31634879268011484
80.66666666666667,0.536407495333831,0.14748422556402904,0.19127506619856036,0.12483321290357961,0.31610827910214
82.0,0.5248703493256637,0.15996239126442408,0.1787743784287838,0.13639288098112848,0.31516725940991225
82.0,0.5248703493256637,0.15996239126442408,0.1787743784287838,0.13639288098112848,0.31516725940991225
83.33333333333333,0.549894215960244,0.13983152034581658,0.18914468052349342,0.12112958317044588,0.31027426369393935
84.66666666666667,0.5643314532017403,0.12525684110936264,0.20068781864110644,0.10972388704779075,0.31041170568889714
86.0,0.5740043009531274,0.11390181687449367,0.21164005891668924,0.10045382325568973,0.31209388217237893
86.0,0.5740043009531274,0.11390181687449367,0.21164005891668924,0.10045382325568973,0.31209388217237893
87.33333333333333,0.5535468960829947,0.12949095253076062,0.20303764473060404,0.11392450665564074,0.3169621513862448
88.66666666666667,0.5400685556924617,0.1429934689408245,0.19101794971877212,0.12592002564794155,0.31693797536671364
90.0,0.5284132090865983,0.1554096722473714,0.1786530129105131,0.13752410575551707,0.3161771186660302
90.0,0.5284132090865983,0.1554096722473714,0.1786530129105131,0.13752410575551707,0.3161771186660302
91.33333333333333,0.5529925463715625,0.13595450257746597,0.18911391802870336,0.12193903302226823,0.3110529510509716
92.66666666666667,0.5671068767761008,0.12188207105997553,0.20070806602381147,0.11030298614011211,0.3110110521639236
94.0,0.5764964137183572,0.1109329744527068,0.2117019444668081,0.1008686673621278,0.31257061182893586
94.0,0.5764964137183572,0.1109329744527068,0.2117019444668081,0.1008686673621278,0.31257061182893586
95.33333333333333,0.5560786381384005,0.12633709507916924,0.2032118418674601,0.11437242491497007,0.3175842667824302
96.66666666666667,0.542571749844093,0.13975453520976458,0.19127742809015819,0.12639628685598428,0.31767371494614244
98.0,0.5308557502476487,0.15214941460448472,0.1789695032903537,0.13802533185751284,0.3169948351478665
98.0,0.5308557502476487,0.15214941460448472,0.1789695032903537,0.13802533185751284,0.3169948351478665
99.33333333333333,0.5550886258619387,0.1332157218621695,0.18942051961669307,0.1222751326591988,0.31169565227589185
100.66666666666667,0.5689280639323728,0.11953480536138653,0.2010069226048842,0.11053020810135648,0.3115371307062407
102.0,0.5780836233817991,0.10889792783155056,0.21199630564763494,0.10102214313901543,0.31301844878665036
102.0,0.5780836233817991,0.10889792783155056,0.21199630564763494,0.10102214313901543,0.31301844878665036
103.33333333333333,0.5576826760264686,0.12419255818487608,0.20357893096011612,0.11454583482853921,0.31812476578865534
104.66666666666667,0.5441665833623749,0.13756491253277645,0.1916837118458698,0.1265847922589791,0.3182685041048489
106.0,0.5324233509473721,0.14995732776858045,0.17939248312496994,0.13822683815907727,0.3176193212840472
106.0,0.5324233509473721,0.14995732776858045,0.17939248312496994,0.13822683815907727,0.3176193212840472
107.33333333333333,0.5564126068344234,0.1313938604779343,0.18979759934380305,0.12239593334383926,0.31219353268764233
108.66666666666667,0.5700474563878621,0.11799270491833501,0.20135566999703353,0.1106041686967693,0.31195983869380284
110.0,0.5790319925816626,0.10757697084296637,0.2123240758562127,0.10106696071915827,0.313391036575371
110.0,0.5790319925816626,0.10757697084296637,0.2123240758562127,0.10106696071915827,0.313391036575371
111.33333333333333,0.5586361810754699,0.12281028751565544,0.20395073879946507,0.11460279260940967,0.31855353140887477
112.66666666666667,0.5451198263193411,0.13616099440844306,0.1920698109556499,0.12664936831656587,0.31871917927221577
114.0,0.5333669191631614,0.1485588039181533,0.17977677161282038,0.138297505305865,0.3180742769186854
114.0,0.5333669191631614,0.1485588039181533,0.17977677161282038,0.138297505305865,0.3180742769186854
115.33333333333333,0.5571972777065376,0.13024260707959584,0.19013099157408694,0.12242912363977945,0.3125601152138664
116.66666666666667,0.5706926247409796,0.11702918570895833,0.20165826283634597,0.11061992671371615,0.31227818955006215
118.0,0.5795620868068925,0.10676084370733739,0.2126033725995262,0.10107369688624389,0.3136770694857701
118.0,0.5795620868068925,0.10676084370733739,0.2126033725995262,0.10107369688624389,0.3136770694857701
119.33333333333333,0.5591660130537326,0.12196220573174386,0.20425479152024267,0.11461698969428098,0.31887178121452364
120.66666666666667,0.5456526720838368,0.13530426638780643,0.1923759009851394,0.12666716054321742,0.3190430615283569
122.0,0.5338983205649032,0.14770973363774711,0.18007425983592712,0.13831768596142263,0.3183919457973497
122.0,0.5338983205649032,0.14770973363774711,0.18007425983592712,0.13831768596142263,0.3183919457973497
123.33333333333333,0.5576315848840229,0.12955029008398283,0.19038527616104892,0.12243284887094529,0.3128181250319942
124.66666666666667,0.5710382124653088,0.11645632146884911,0.20188659074298024,0.1106188753228619,0.3125054660658421
126.0,0.5798353382293547,0.10628119770371101,0.21281187878619406,0.10107158528074026,0.3138834640669343
126.0,0.5798353382293547,0.10628119770371101,0.21281187878619406,0.10107158528074026,0.3138834640669343
127.33333333333333,0.559436990883332,0.12146752890226407,0.2044759793225008,0.11461950089190312,0.3190954802144039
128.66666666666666,0.5459272282190049,0.1348075411654477,0.19259401021865144,0.126671220396896,0.31926523061554746
130.0,0.5341746632432931,0.1472202653060112,0.18028274160108185,0.1383223298496139,0.3186050714506958
130.0,0.5341746632432931,0.1472202653060112,0.18028274160108185,0.1383223298496139,0.3186050714506958
131.33333333333334,0.5578523748994356,0.12915533242968047,0.19056163239683116,0.1224306602740528,0.31299229267088396
132.66666666666666,0.5712061324638692,0.11613360412259537,0.20204371182732642,0.11061655158620892,0.31266026341353537
134.0,0.5799606592201636,0.10601451520377975,0.21295421662635475,0.101070608949702,0.31402482557605677
134.0,0.5799606592201636,0.10601451520377975,0.21295421662635475,0.101070608949702,0.31402482557605677
135.33333333333334,0.5595597014207421,0.12119492144382245,0.20462396931222734,0.11462140782320812,0.31924537713543544
136.66666666666666,0.546052999034924,0.1345357756171703,0.19273751963724295,0.1266737057106629,0.31941122534790584
138.0,0.5343030208190082,0.14695431983039367,0.18041801977748678,0.13832463957311156,0.3187426593505983
138.0,0.5343030208190082,0.14695431983039367,0.18041801977748678,0.13832463957311156,0.3187426593505983
139.33333333333334,0.5579512890976966,0.12894342756650035,0.1906750720349847,0.12243021130081844,0.3131052833358032
140.66666666666666,0.5712756662136815,0.11596311185900075,0.20214409900193356,0.11061712292538399,0.31276122192731753
142.0,0.5800068473696868,0.10587593065489379,0.2130445191559595,0.10107270281945996,0.31411722197541947
142.0,0.5800068473696868,0.10587593065489379,0.2130445191559595,0.10107270281945996,0.31411722197541947
143.33333333333334,0.5596036509037265,0.12105487816165464,0.20471616308442428,0.11462530785019447,0.31934147093461873
144.66666666666666,0.5460992091526401,0.13439749184532182,0.192825531446206,0.12667776755583207,0.31950329900203805
146.0,0.5343515889399685,0.14682024133869237,0.18049987571255682,0.13832829400878216,0.318828169721339
146.0,0.5343515889399685,0.14682024133869237,0.18049987571255682,0.13832829400878216,0.318828169721339
147.33333333333334,0.5579857983324326,0.128838410474882,0.19074313694419578,0.12243265424848968,0.3131757911926855
148.66666666666666,0.5712952032495413,0.11588041411160045,0.2022039292405041,0.11062045339835416,0.31282438263885826
150.0,0.5800147130074144,0.1058102879172979,0.21309795508619153,0.10107704398909613,0.3141749990752877
150.0,0.5800147130074144,0.1058102879172979,0.21309795508619153,0.10107704398909613,0.3141749990752877
151.33333333333334,0.5596098520428926,0.12098966913605302,0.20476969632260275,0.11463078249845148,0.3194004788210542
152.66666666666666,0.5461069305289182,0.13433403323359064,0.1928757834331604,0.12668325280433076,0.31955903623749116
154.0,0.5343611145495523,0.14675958645059284,0.18054592310456596,0.13833337589528882,0.3188792989998548
154.0,0.5343611145495523,0.14675958645059284,0.18054592310456596,0.13833337589528882,0.3188792989998548
155.33333333333334,0.5579897063203113,0.12879219917005527,0.19078106747321139,0.12243702703642216,0.31321809450963356
156.66666666666666,0.5712924014055245,0.1158453160446061,0.2022370155372756,0.11062526701259377,0.31286228254986936
158.0,0.5800068488174579,0.10578358431807781,0.21312725944481165,0.10108230741965273,0.3142095668644644
158.0,0.5800068488174579,0.10578358431807781,0.21312725944481165,0.10108230741965273,0.3142095668644644
159.33333333333334,0.559600865361102,0.12096398041533969,0.20479839745216374,0.11463675677139455,0.3194351542235583
160.66666666666666,0.5460988923388741,0.13430973909098898,0.19290216727656145,0.12668920129357547,0.3195913685701369
162.0,0.534354318512693,0.14673703230362928,0.18056964075334722,0.1383390084303306,0.3189086491836778
162.0,0.534354318512693,0.14673703230362928,0.18056964075334722,0.1383390084303306,0.3189086491836778
163.33333333333334,0.5579815210354847,0.1287760294154104,0.19080036453831564,0.12244208501078913,0.31324244954910474
164.66666666666666,0.5712818855551234,0.11583406523108855,0.20225367472440017,0.1106303744893877,0.3128840492137879
166.0,0.5799947161470137,0.10577597777317545,0.21314184556733637,0.10108746051247436,0.31422930607981076
166.0,0.5799947161470137,0.10577597777317545,0.21314184556733637,0.10108746051247436,0.31422930607981076
167.33333333333334,0.5595880354314522,0.12095737986564878,0.20481223033839194,0.11464235436450713,0.31945458470289906
168.66666666666666,0.5460866135591562,0.13430411845623094,0.19291448969374367,0.1266947782908694,0.31960926798461303
170.0,0.534342827784604,0.14673241588672453,0.18058038783014282,0.1383443684985287,0.31892475632867157
170.0,0.534342827784604,0.14673241588672453,0.18058038783014282,0.1383443684985287,0.31892475632867157
171.33333333333334,0.5579704813975185,0.12877367001619153,0.19080893375586733,0.12244691483042265,0.31325584858628996
172.66666666666666,0.5712705990258425,0.11583344481281906,0.20226094402113742,0.110635012140201,0.3128959561613384
174.0,0.5799834107629288,0.1057765881818604,0.21314808350836048,0.10109191754685028,0.3142400010552107
174.0,0.5799834107629288,0.1057765881818604,0.21314808350836048,0.10109191754685028,0.3142400010552107
175.33333333333334,0.5595763310427705,0.12095877778789509,0.20481780313252096,0.11464708803681355,0.3194648911693345
176.66666666666666,0.5460752050915566,0.134306142786574,0.1929191462471582,0.12669950587471138,0.3196186521218695
178.0,0.5343318825862086,0.1467349729174607,0.1805841828953274,0.13834896160100318,0.3189331444963306
178.0,0.5343318825862086,0.1467349729174607,0.1805841828953274,0.13834896160100318,0.3189331444963306
179.33333333333334,0.5579605803339607,0.12877657962451033,0.1908118151500784,0.12245102489145071,0.3132628400415291
180.66666666666666,0.5712612737578634,0.11583662264288162,0.20226327947225767,0.11063882412699728,0.31290210359925497
182.0,0.5799746645579638,0.10577989866755555,0.21314997816436426,0.10109545861011654,0.3142454367744808
182.0,0.5799746645579638,0.10577989866755555,0.21314997816436426,0.10109545861011654,0.3142454367744808
183.33333333333334,0.5595673776812493,0.12096262786749211,0.20481919424264938,0.11465080020860911,0.3194699944512585
184.66666666666666,0.546066394886979,0.1343103596805654,0.1929200215487088,0.12670322388374688,0.3196232454324557
186.0,0.5343233227643684,0.14673944139732456,0.1805846316020372,0.1383526042362697,0.31893723583830685
186.0,0.5343233227643684,0.14673944139732456,0.1805846316020372,0.1383526042362697,0.31893723583830685
187.33333333333334,0.5579530775250576,0.1287806685664072,0.19081200233719478,0.12245425157134036,0.3132662539085352
188.66666666666666,0.571254538769688,0.11584041296798088,0.20226330966338907,0.11064173859894201,0.31290504826233106
190.0,0.5799686167627583,0.10578341254878829,0.21314987464800417,0.10109809604044934,0.3142479706884535
190.0,0.5799686167627583,0.10578341254878829,0.21314987464800417,0.10109809604044934,0.3142479706884535
191.33333333333334,0.5595612366399298,0.12096647503842566,0.20481874560629795,0.1146535427153466,0.3194722883216446
192.66666666666666,0.5460603121036776,0.13431440146018314,0.1929193075924947,0.12670597884364454,0.31962528643613924
194.0,0.5343173610533558,0.14674357978709082,0.18058373719484444,0.1383553219647089,0.3189390591595534
194.0,0.5343173610533558,0.14674357978709082,0.18058373719484444,0.1383553219647089,0.3189390591595534
195.33333333333334,0.55794796730124,0.12878425835559587,0.19081114223441667,0.12245663210874766,0.31326777434316433
196.66666666666666,0.5712501156794568,0.11584357273025415,0.20226246907000706,0.11064384252028203,0.3129063115902891
198.0,0.5799647850909512,0.10578621410984212,0.21314904153305633,0.10109995926615051,0.31424900079920687
198.0,0.5799647850909512,0.10578621410984212,0.21314904153305633,0.10109995926615051,0.31424900079920687
199.33333333333334,0.5595573736897377,0.1209694622513874,0.2048176940950852,0.1146554699637897,0.3194731640588749
200.66666666666666,0.5460564643464185,0.1343174785332397,0.1929181364945905,0.12670792062575145,0.319626057120342
202.0,0.5343135617554868,0.14674667611074757,0.1805825132295074,0.1383572489042582,0.3189397621337656
202.0,0.5343135617554868,0.14674667611074757,0.1805825132295074,0.1383572489042582,0.3189397621337656
203.33333333333334,0.5579447731978063,0.12878686943149764,0.19081005704630116,0.12245830032439475,0.3132683573706959
204.66666666666666,0.5712474421958064,0.11584580277554454,0.2022614658343469,0.11064528919430218,0.31290675502864906
206.0,0.579962549971947,0.10578813632981154,0.2131480972675843,0.10110121643065702,0.31424931369824133
206.0,0.579962549971947,0.10578813632981154,0.2131480972675843,0.10110121643065702,0.31424931369824133
207.33333333333334,0.5595551373282306,0.12097147513578728,0.20481662171330925,0.11465676582267294,0.3194733875359822
208.66666666666666,0.5460542241255102,0.13431952301794783,0.19291702264386654,0.12670923021267522,0.3196262528565417
210.0,0.5343113329458421,0.14674870680193497,0.18058140478694598,0.13835855546527695,0.31893996025222293
210.0,0.5343113329458421,0.14674870680193497,0.18058140478694598,0.13835855546527695,0.31893996025222293
211.33333333333334,0.557942936811531,0.12878854581123841,0.19080909958656683,0.12245941779066379,0.31326851737723066
212.66666666666666,0.5712459607079278,0.11584719997203977,0.20226059776764949,0.11064624155238298,0.31290683932003244
214.0,0.5799613625476646,0.1057893117441199,0.21314729596430945,0.101102029743906,0.31424932570821545
214.0,0.5799613625476646,0.1057893117441199,0.21314729596430945,0.101102029743906,0.31424932570821545
215.33333333333334,0.5595539606093336,0.12097268571604258,0.20481575133769472,0.1146576023369291,0.3194733536746238
216.66666666666666,0.5460530371880484,0.13432073625285437,0.19291614831833515,0.12671007824076216,0.3196262265590973
218.0,0.5343101410544646,0.146749896367606,0.1805805567578593,0.13835940582007,0.31893996257792934
218.0,0.5343101410544646,0.146749896367606,0.1805805567578593,0.13835940582007,0.31893996257792934
219.33333333333334,0.5579419792529984,0.1287895072813846,0.19080837764721095,0.12246013581840592,0.3132685134656169
220.66666666666666,0.5712452253513027,0.11584798076825237,0.2022599505331468,0.11064684334729802,0.3129067938804448
222.0,0.5799608087019534,0.1057899508414984,0.21314670534964986,0.10110253510689841,0.3142492404565483
222.0,0.5799608087019534,0.1057899508414984,0.21314670534964986,0.10110253510689841,0.3142492404565483
223.33333333333334,0.5595534201329719,0.12097333091168737,0.20481512744661282,0.11465812150872785,0.3194732489553406
224.66666666666666,0.5460524861252667,0.13432137214116083,0.19291553541639353,0.12671060631717906,0.31962614173357257
226.0,0.5343095797116164,0.14675050940215306,0.18057997290413227,0.1383599379820982,0.3189399108862304
226.0,0.5343095797116164,0.14675050940215306,0.18057997290413227,0.1383599379820982,0.3189399108862304
227.33333333333334,0.5579415459782907,0.1287899891707319,0.1908078858626745,0.12246057898830288,0.3132684648509774
228.66666666666666,0.5712449201851932,0.11584835793021388,0.20225951330130862,0.11064720858328429,0.3129067218845929
230.0,0.5799606066257705,0.10579024690399483,0.21314630982789384,0.10110283664234077,0.3142491464702346
