Generation,xOC,xOB,xMMd,xMMr,total xMM
0.0,0.26666666666666666,0.4,0.26666666666666666,0.06666666666666667,0.3333333333333333
1.0169491525423728,0.45010051052451966,0.28991042961909963,0.20850103216261964,0.05148802769376111,0.25998905985638077
2.0338983050847457,0.5032997441943569,0.24785800455007018,0.20115531038825035,0.047686940867322475,0.24884225125557283
3.0508474576271185,0.5269650413949807,0.22210731119114352,0.20465273160031433,0.04627491581356136,0.2509276474138757
4.067796610169491,0.5409274540591676,0.20258578055496085,0.21098658745853827,0.04550017792733329,0.25648676538587156
5.084745762711864,0.5507031882401603,0.18646324533238365,0.21792592046078424,0.044907645966671815,0.26283356642745603
6.101694915254237,0.5581146359226362,0.1727147673517035,0.22479560806851065,0.044374988657149575,0.26917059672566024
7.11864406779661,0.5638858192065644,0.16084382781428522,0.23139669615427488,0.043873656824875436,0.27527035297915037
8.135593220338983,0.568382701574062,0.15053542249325863,0.23768102180567233,0.043400854127007095,0.2810818759326794
9.152542372881356,0.5718392829587529,0.14155369775082072,0.24364743151324558,0.042959587777180716,0.2866070192904263
10.169491525423728,0.5744304196338657,0.1337083718287073,0.24930815223525157,0.042553056302175485,0.29186120853742703
11.1864406779661,0.5762972444415906,0.12684140263448795,0.2546780141656281,0.04218333875829339,0.29686135292392146
12.203389830508474,0.577557458230471,0.12082003634276493,0.25977118534998184,0.04185132007678212,0.301622505426764
13.220338983050848,0.5783105171263819,0.11553218582655092,0.26460037594562064,0.04155692110144649,0.3061572970470671
14.23728813559322,0.5786409291362148,0.11088289399638573,0.2691768202384033,0.0412993566289961,0.31047617686739937
15.254237288135592,0.578620658073089,0.10679148304251694,0.2735105023046907,0.04107735657970325,0.31458785888439394
16.271186440677965,0.5783111087085466,0.10318918572682331,0.2776103755068314,0.04088933005779881,0.3184997055646302
17.28813559322034,0.5777646809225272,0.10001720195855919,0.28148462347548314,0.04073349364343066,0.3222181171189138
18.305084745762713,0.5770261476207543,0.09722506839060836,0.2851408264380338,0.04060795755060366,0.32574878398863744
19.322033898305083,0.5761337305710758,0.09476932310968171,0.28858615250448805,0.040510793814754434,0.32909694631924247
20.338983050847457,0.5751200842030513,0.09261238135231378,0.29182745692225864,0.040440077522376335,0.33226753444463497
21.35593220338983,0.5740130714760573,0.09072161283419684,0.29487139643200544,0.040393919257740475,0.33526531568974594
22.3728813559322,0.5728364437252625,0.08906857077089761,0.297724500076775,0.04037048542706483,0.3380949855038398
23.389830508474574,0.5716104096352808,0.0876283503528294,0.30039322927010437,0.04036801074178558,0.3407612400118899
24.406779661016948,0.5703521353412102,0.08637905421983698,0.3028840036617128,0.04038480677724004,0.34326881043895285
25.423728813559322,0.569076131015883,0.08530134898271664,0.3052032535073527,0.040419266494047756,0.3456225200014004
26.440677966101696,0.5677946481545477,0.0843780861812192,0.30735740255400623,0.04046986311022695,0.34782726566423317
27.457627118644066,0.5665179522786243,0.08359399526540032,0.30935290001289434,0.04053515244308091,0.34988805245597526
28.47457627118644,0.5652546065533569,0.08293541786862028,0.31119620606525683,0.04061376951276598,0.3518099755780228
29.491525423728813,0.5640116952046911,0.08239008832743396,0.31289378981920374,0.040704426648671285,0.35359821646787504
30.508474576271183,0.5627950233590094,0.08194694780703315,0.3144521184211576,0.04080591041279981,0.3552580288339574
31.525423728813557,0.5616092900619782,0.08159598782739577,0.3158776437509002,0.04091707835972589,0.35679472211062613
32.54237288135593,0.5604582393095039,0.08132811814331999,0.3171767868377146,0.04103685570946152,0.35821364254717614
33.559322033898304,0.5593447912687439,0.08113505527323644,0.3183559214254166,0.04116423203260313,0.3595201534580197
34.57627118644068,0.5582711575647122,0.08100922804575054,0.3194213563879474,0.041298258001589844,0.36071961438953726
35.59322033898305,0.5572389409610082,0.08094369784471034,0.32037931885640364,0.04143804233787787,0.3618173611942815
36.610169491525426,0.5562492241448173,0.08093209069787713,0.32123593637962444,0.04158274877768117,0.3628186851573056
37.62711864406779,0.5553026451432745,0.08096853987696377,0.3219972215667153,0.041731593413046345,0.3637288149797616
38.644067796610166,0.5543994646610191,0.08104763699883225,0.3226690562929272,0.04188384204722152,0.3645528983401487
39.66101694915254,0.5535396250455946,0.0811643901752256,0.32325717704531004,0.04203880773386974,0.3652959847791798
40.67796610169491,0.5527227998364974,0.08131418825027747,0.32376716328015087,0.042195848633074344,0.3659630119132252
41.69491525423729,0.5519484382291824,0.08149277056121841,0.32420442530897925,0.04235436590061999,0.3665587912095993
42.71186440677966,0.5512158054059474,0.08169619964418369,0.3245741933893035,0.04251380156056556,0.36708799494986905
43.728813559322035,0.5505240124361538,0.08192083917175949,0.32488151139499993,0.04267363699708683,0.36755514839208675
44.7457627118644,0.5498720471951347,0.08216333288669987,0.3251312288977598,0.042833391020405634,0.3679646199181654
45.762711864406775,0.5492587989553265,0.08242058783264779,0.32532799484112546,0.04299261837090037,0.3683206132120258
46.77966101694915,0.5486830807821238,0.08268975751654355,0.3254762536491637,0.04315090805216885,0.36862716170133253
47.79661016949152,0.5481436445342417,0.08296822850858679,0.32558024473583824,0.04330788222133336,0.3688881269571716
48.813559322033896,0.5476391993725793,0.08325360668505995,0.32564399940270483,0.04346319453965587,0.3691071939423607
49.83050847457627,0.5471684257581081,0.08354370595403209,0.3256713393771545,0.043616528910705284,0.3692878682878598
50.847457627118644,0.5467299853572639,0.08383653649485352,0.3256658798968368,0.04376759825104575,0.3694334781478825
51.86440677966102,0.5463225303347015,0.08413029480590123,0.3256310314985119,0.04391614336088544,0.36954717485939736
52.88135593220339,0.5459447137567504,0.08442335305199301,0.3255700016992725,0.044061931491984035,0.36963193319125653
53.89830508474576,0.5455951958649612,0.08471425040122249,0.3254857983817859,0.04420475535203041,0.3696905537338163
54.91525423728813,0.5452726484572405,0.08500168344747866,0.325381236085227,0.04434443201005371,0.3697256680952807
55.932203389830505,0.5449757604534279,0.08528449558908667,0.32525894248219145,0.04448080147529409,0.3697397439574856
56.94915254237288,0.5447032447961965,0.08556167135573922,0.32512135803821646,0.044613725809847724,0.3697350838480642
57.96610169491525,0.5444538419743867,0.08583232566440437,0.32497074464801323,0.044743087713195615,0.36971383236120886
58.983050847457626,0.5442263162214571,0.08609569702188093,0.3248091966697665,0.044868790086895545,0.369677986756662
60.0,0.544019459223612,0.08635113946485279,0.3246386464511583,0.04499075486037693,0.36962940131153527
60.0,0.544019459223612,0.08635113946485279,0.3246386464511583,0.04499075486037693,0.36962940131153527
60.668896321070235,0.5509350668792875,0.1020811873232007,0.29392392612073637,0.0530598196767754,0.34698374579751173
61.33779264214047,0.5502749374780295,0.11963039069230917,0.267798918986284,0.062295752843377364,0.3300946718296614
62.0066889632107,0.5442645858488045,0.13848999479000126,0.24470623072083306,0.07253918864036117,0.3172454193611942
62.675585284280935,0.534437724001572,0.15807732065118785,0.22388459535898275,0.08360035998825756,0.3074849553472403
63.34448160535117,0.52197174844107,0.1777783224523793,0.20498156875080223,0.0952683603557486,0.3002499291065508
64.0133779264214,0.5078342712963289,0.19699864665641062,0.18784168486692676,0.10732539718033379,0.29516708204726055
64.68227424749163,0.49283955281788105,0.2152101944376735,0.17238896460809328,0.11956128813635228,0.2919502527444456
65.35117056856187,0.477665098914776,0.23198474018904033,0.1585649878995606,0.1317851729966231,0.2903501608961837
66.0200668896321,0.4628552774957739,0.24701114065174565,0.14630055931240754,0.14383302254007307,0.2901335818524806
66.68896321070234,0.4488252062671682,0.26009697404113996,0.1355069559657669,0.15557086372592482,0.2910778196916917
67.35785953177258,0.43586978381016683,0.27115821141551394,0.1260774893366195,0.16689451543769968,0.2929720047743192
68.02675585284281,0.4241779844456704,0.28020155720692863,0.11789345798824136,0.17772700035915956,0.2956204583474009
68.69565217391305,0.41385044037688296,0.28730377816508523,0.1108310123912333,0.18801476906679848,0.2988457814580318
69.36454849498328,0.4049179238503526,0.29259129140145296,0.10476716409826974,0.19772362064992485,0.30249078474819463
70.03344481605352,0.39735881223254854,0.29622204071737424,0.099584267157452,0.20683487989262517,0.30641914705007717
70.70234113712374,0.39111435785876764,0.29837061992375874,0.09517291373018237,0.21534210848729124,0.31051502221747357
71.37123745819397,0.3861012524844069,0.29921683365978724,0.09143348819542231,0.22324842566038358,0.3146819138558059
72.04013377926421,0.382221487613471,0.2989374166736228,0.08827670878686016,0.23056438692604614,0.3188410957129063
72.70903010033445,0.3793697759203391,0.29770042138039593,0.0856234792013334,0.23730632349793163,0.322929802699265
73.37792642140468,0.37743893271114615,0.2956617210651371,0.0834043143271138,0.24349503189660288,0.3268993462237167
74.04682274247492,0.3763236333744096,0.2929631113989909,0.0815585367789217,0.24915471844767773,0.33071325522659945
74.71571906354515,0.3759229276069939,0.2897315674658285,0.0800333800609037,0.2543121248662739,0.3343455049271776
75.38461538461539,0.376141829992625,0.28607930101166124,0.07878308493686215,0.25899578405885165,0.3377788689957138
76.05351170568562,0.37689223722345117,0.2821043464686122,0.07776804052062469,0.2632353757873118,0.3410034163079365
76.72240802675586,0.3780933679343413,0.2778914719493191,0.07695399740210342,0.2670611627142362,0.3440151601163396
77.3913043478261,0.37967186792509894,0.27351327060327185,0.07631136268776782,0.2705034987838612,0.34681486147162904
78.06020066889633,0.3815616835716371,0.26903133169078525,0.07581457698057006,0.27359240775700755,0.3494069847375776
78.72909698996656,0.3837037832311961,0.26449741737376675,0.07544157568921825,0.2763572237058188,0.35179879939503705
79.39799331103679,0.38604579524118454,0.2599546006449928,0.0751733113745472,0.27882629273927545,0.3539996041138227
80.06688963210702,0.38854154281282005,0.25543835097215345,0.07499335446397809,0.2810267517510483,0.3560201062150264
80.73578595317726,0.3911506115570475,0.2509775167482926,0.07488753472188986,0.2829843369727699,0.3578718716946598
81.40468227424749,0.3938378464710249,0.24659523944754885,0.0748436433481303,0.2847232707332959,0.35956691408142616
82.07357859531773,0.3965728889324626,0.2423097637849718,0.07485116887367,0.2862661784088957,0.36111734728256567
82.74247491638796,0.3993297140401204,0.23813516308509544,0.07490107148849223,0.2876340513862919,0.3625351228747842
83.4113712374582,0.40208618964199294,0.2340819793270735,0.07498558750629557,0.2888462435246381,0.3638318310309337
84.08026755852842,0.4048236587753756,0.23015778484866273,0.07509806002630716,0.2899204963496545,0.36501855637596164
84.74916387959865,0.40752655149538153,0.22636767076848818,0.07523279202416604,0.29087298571196435,0.3661057777361304
85.41806020066889,0.4101820243591326,0.22271467083712318,0.0753849186766683,0.2917183861270759,0.3671033048037442
86.08695652173913,0.41277963197446244,0.21920012393471883,0.07555029726766742,0.2924699468231513,0.36802024409081874
86.75585284280936,0.4153110292453132,0.2158239866398976,0.075725409130333,0.2931395749844562,0.36886498411478924
87.4247491638796,0.41776969111366374,0.21258510157951935,0.07590727782949538,0.2937379294773215,0.3696452073068169
88.09364548494983,0.42015067249596366,0.2094814219667946,0.0760933949003718,0.29427451063687,0.37036790553724175
88.76254180602007,0.42245038979326205,0.2065102016222563,0.07628165644748718,0.29475775213699446,0.3710394085844816
89.4314381270903,0.4246664216596534,0.20366815653252227,0.07647030859698371,0.29519511321084063,0.37166542180782436
90.10033444816054,0.42679734026656274,0.2009515973610351,0.07665789849767735,0.2955931638747247,0.37225106237240196
90.76923076923077,0.42884255681242983,0.1983565435966938,0.07684323101973314,0.29595766857114325,0.37280089959087637
91.43812709030101,0.4308021786910503,0.1958788150940838,0.07702533665099696,0.29629366956386904,0.373319006214866
92.10702341137124,0.43267689695059336,0.1935141078934941,0.07720343736244031,0.29660555779347214,0.3738089951559124
92.77591973244148,0.4344679020687509,0.19125805093876447,0.07737691476597491,0.2968971322265096,0.37427404699248445
93.44481605351172,0.436176763885816,0.18910626493096802,0.07754529324628315,0.29717167793693283,0.37471697118321595
94.11371237458194,0.4378053633349943,0.1870543998206159,0.07770821715474975,0.29743201968964006,0.3751402368443898
94.78260869565217,0.4393558406080524,0.18509816245450814,0.07786542952715138,0.29768056741028814,0.3755459969374395
95.45150501672241,0.440830522757788,0.1832333458719452,0.07801675976637153,0.29791937160389514,0.37593613137026666
96.12040133779264,0.4422318752903887,0.18145584932181527,0.07816210856122985,0.29815016682656603,0.3763122753877959
96.78929765886288,0.4435624672844739,0.17976168858485905,0.07830143723075293,0.29837440689991407,0.376675844130667
97.45819397993311,0.4448249359977962,0.17814700653227614,0.07843475744808714,0.2985933000218406,0.37702805746992774
98.12709030100334,0.4460219450533473,0.17660808564564207,0.07856212235472546,0.29880784694628526,0.37736996930101074
98.79598662207357,0.44715617404575536,0.1751413464843926,0.07868361827438886,0.29901886119546317,0.377702479469852
99.4648829431438,0.4482302913529248,0.17374335208192457,0.07879935914854116,0.2992269974166094,0.37802635656515055
100.13377926421404,0.44924693176918107,0.1724108101153995,0.07890948184525909,0.2994327762701603,0.3783422581154194
100.80267558528428,0.450208690339301,0.17114056990194357,0.07901413961426275,0.29963660014449267,0.3786507397587554
101.47157190635451,0.45111811568084864,0.16992961849120716,0.07911349777655155,0.29983876805139265,0.37895226582794417
102.14046822742475,0.45197768714355935,0.16877508213244535,0.0792077326959399,0.3000394980280553,0.37924723072399524
102.80936454849498,0.45278980607952485,0.1676742227020418,0.07929702985200468,0.3002389413664287,0.37953597121843335
103.47826086956522,0.4535568174934229,0.16662442734483918,0.07938157428508746,0.30043718087665056,0.379818755161738
104.14715719063545,0.45428097677682816,0.16562321107837874,0.07946155626774541,0.3006342558770476,0.38009581214479304
104.81605351170569,0.45496445886929693,0.16466820955079745,0.07953716642986611,0.3008301651500396,0.3803673315799057
105.48494983277592,0.45560935694331,0.16375717412036117,0.07960859403784928,0.3010248748984795,0.3806334689363288
106.15384615384616,0.4562176807970116,0.16288796727275026,0.07967602637781944,0.30121832555241884,0.3808943519302383
106.8227424749164,0.45679135649382796,0.16205855794921437,0.07973964776370486,0.3014104377932527,0.38115008555695756
107.49163879598663,0.45733222680627156,0.16126701694202716,0.079799638651756,0.30160111759994523,0.3814007562517013
108.16053511705685,0.4578420531393098,0.1605115115754687,0.07985617505054257,0.3017902602346789,0.3816464352852215
108.82943143812709,0.4583225177691271,0.15979030136569508,0.07990942771010284,0.301977753155075,0.38188718086517787
109.49832775919732,0.45877522374886204,0.1591017340897983,0.079959562278811,0.30216347988252873,0.3821230421613397
110.16722408026756,0.45920169533294103,0.15844424139402474,0.08000673916393249,0.3023473241091017,0.3823540632730342
110.8361204013378,0.4596033816296706,0.1578163343465462,0.08005111337841594,0.3025291706453673,0.3825802840237832
111.50501672240803,0.459981662055,0.1572166001854543,0.0800928328901798,0.30270890486936586,0.38280173775954557
112.17391304347825,0.4603378537553127,0.15664369395095654,0.08013203903984803,0.30288641325388255,0.38301845229373055
112.84280936454849,0.4606731960611143,0.15609634257467755,0.08016886908823964,0.30306159227596857,0.3832304613642082
113.51170568561872,0.4609888677010329,0.15557333653523095,0.08020345346282703,0.303234342300909,0.38343779576373604
114.18060200668896,0.46128598707241314,0.15507352612009856,0.08023591696046758,0.30340456984702074,0.38364048680748836
114.84949832775919,0.46156561249326655,0.1545958202336764,0.08026637854895248,0.30357218872410463,0.3838385672730571
115.51839464882943,0.46182874736802354,0.15413918164121843,0.08029495154547722,0.3037371194452809,0.38403207099075815
116.18729096989966,0.46207634030690514,0.15370262547180624,0.08032174382578748,0.3038992903955012,0.38422103422128867
116.8561872909699,0.46230928687517936,0.15328521711962,0.08034685787725955,0.30405863812794104,0.3844054960052006
117.52508361204013,0.4625284337802544,0.1528860684347402,0.08037039102068248,0.3042151067643229,0.38458549778500534
118.19397993311037,0.4627345823338939,0.15250433443709321,0.08039243570229539,0.3043686475267175,0.38476108322901287
118.8628762541806,0.4629284892511682,0.15213921213247666,0.08041307953034019,0.304519219086015,0.3849322986163552
119.53177257525084,0.4631108689083547,0.15178993827169965,0.08043240545655495,0.3046667873633908,0.38509919281994576
120.20066889632108,0.46328239578792574,0.15145578704692014,0.08045049198829889,0.3048113251768552,0.3852618171651541
120.86956521739131,0.463443706588231,0.15113606806215296,0.08046741340631117,0.3049528119433049,0.3854202253496161
121.53846153846155,0.463595401256656,0.15083012504357546,0.08048323986023831,0.3050912338395302,0.38557447369976855
122.20735785953178,0.46373804539107527,0.15053733362254346,0.08049803772533634,0.3052265832610449,0.3857246209863813
122.876254180602,0.4638721723728057,0.15025709944280785,0.08051186982348299,0.3053588583609035,0.38587072818438645
123.54515050167224,0.4639982847226132,0.14998885687105304,0.0805247955056934,0.3054880629006404,0.3860128584063338
124.21404682274247,0.4641168547908385,0.14973206795241162,0.08053687092661044,0.30561420633013936,0.3861510772567498
124.88294314381271,0.46422832771435,0.14948622040290635,0.08054814906521195,0.3057373028175317,0.38628545188274366
125.55183946488295,0.4643331360307039,0.14925082323519392,0.08055867670263746,0.3058573640314648,0.38641604073410224
126.22073578595318,0.4644316645357946,0.14902541422645962,0.08056850324825891,0.305974417989487,0.3865429212377459
126.88963210702342,0.4645242935115252,0.14880954875624067,0.08057767095604268,0.3060884867761914,0.38666615773223406
127.55852842809365,0.4646113680980577,0.1486028062314753,0.0805862227157143,0.3061996029547526,0.386785825670467
128.22742474916387,0.46469322298898835,0.14840478351645928,0.08059419651272486,0.30630779698182753,0.38690199349455234
128.8963210702341,0.46477016817927624,0.14821509754756312,0.08060162929274821,0.3064131049804125,0.38701473427316074
129.56521739130434,0.4648424967243934,0.14803338284843723,0.08060855546083855,0.3065155649663309,0.3871241204271695
130.23411371237458,0.4649104846223144,0.14785929079736923,0.08061500734313923,0.3066152172371772,0.3872302245803164
130.90301003344482,0.46497439128719337,0.1476924890025287,0.08062101536778764,0.30671210434249024,0.3873331197102779
131.57190635451505,0.4650344607924422,0.14753266046267907,0.08062660808443634,0.3068062706604423,0.38743287874487864
132.2408026755853,0.4650909228358927,0.14737950269902536,0.08063181230777858,0.30689776215730347,0.387529574465082
132.90969899665552,0.46514399382937893,0.14723272671348742,0.08063665324857652,0.30698662620855705,0.3876232794571336
133.57859531772576,0.4651938768781957,0.14709205707241066,0.08064115456350546,0.3070729114858882,0.3877140660493937
134.247491638796,0.4652407620219874,0.14695723166836222,0.08064533834178411,0.30715666796786634,0.3878020063096504
134.91638795986623,0.46528482942738686,0.14682799902911617,0.08064922548575931,0.30723794605773763,0.38788717154349694
135.58528428093643,0.46532624813834683,0.1467041194792458,0.08065283548064958,0.30731679690175784,0.38796963238240745
136.25418060200667,0.46536517738127203,0.1465853640803344,0.08065618652286254,0.30739327201553107,0.3880494585383936
136.9230769230769,0.4654017670002002,0.1464715140684533,0.08065929568338184,0.30746742324796456,0.3881267189313464
137.59197324414714,0.46543615759270857,0.14636236066049438,0.08066217893875677,0.3075393028080402,0.3882014817467969
138.26086956521738,0.4654684809008869,0.14625770432144994,0.08066485148164129,0.3076089632960218,0.38827381477766304
138.9297658862876,0.4654988601608082,0.14615735469049215,0.08066732758094756,0.3076764575677521,0.38834378514869966
139.59866220735785,0.46552741130149533,0.14606112968012935,0.08066962067686867,0.3077418383415067,0.38841145901837537
140.26755852842808,0.4655542439229979,0.1459688551913821,0.08067174314215679,0.3078051577434633,0.38847690088562004
140.93645484949832,0.465579462542584,0.1458803644257976,0.08067370621507375,0.30786646681654467,0.3885401730316184
141.60535117056855,0.4656031660740568,0.14579549772739467,0.08067552027101808,0.3079258159275304,0.3886013361985485
142.2742474916388,0.46562544691043123,0.14571410268047968,0.08067719509492818,0.30798325531416093,0.3886604504090891
142.94314381270902,0.4656463862781601,0.14563603470802633,0.0806787412763918,0.30803883773742186,0.38871757901381365
143.61204013377926,0.46566606543842287,0.14556115442477982,0.08068016750451579,0.30809261263228144,0.38877278013679717
144.2809364548495,0.4656845604323596,0.14548932859257743,0.08068148198220806,0.30814462899285494,0.38882611097506303
144.94983277591973,0.4657019425216345,0.1454204297757009,0.08068269243668877,0.3081949352659758,0.3888776277026646
145.61872909698997,0.4657182786112398,0.14535433614320584,0.08068380608143445,0.3082435791641199,0.3889273852455543
146.2876254180602,0.4657336316351975,0.1452909309607369,0.0806848296958926,0.3082906077081729,0.3889754374040655
146.95652173913044,0.4657480606514997,0.14523010261280497,0.08068576960972107,0.3083360671259744,0.38902183673569546
147.62541806020067,0.46576162122217996,0.14517174425089702,0.08068663173153612,0.308380002795387,0.3890666345269231
148.2943143812709,0.4657743656827894,0.1451157535018345,0.08068742158182955,0.3084224592335465,0.38910988081537606
148.96321070234114,0.4657863430745216,0.14506203248009866,0.0806881442901553,0.3084634801552244,0.38915162444537976
149.63210702341138,0.4657975997171308,0.14501048716684356,0.08068880471413394,0.3085031084018916,0.3891919131160256
150.30100334448161,0.4658081782855633,0.14496102853149936,0.08068940729261438,0.3085413858903231,0.38923079318293746
150.96989966555185,0.46581811928492506,0.14491357076393505,0.08068995625348992,0.30857835369764997,0.3892683099511399
151.63879598662209,0.4658274610316136,0.14486803128521228,0.08069045561286008,0.3086140520703141,0.3893045076831742
152.30769230769232,0.46583623915566746,0.14482433146495,0.08069090906204428,0.3086485203173383,0.3893394293793826
152.97658862876256,0.46584448758233926,0.14478239565952172,0.08069132003734789,0.3086817967207912,0.3893731167581391
153.6454849498328,0.46585223856771085,0.1447421516361663,0.08069169151560361,0.30871391828051914,0.38940560979612276
154.31438127090303,0.46585952503981903,0.1447035293440331,0.08069202574930566,0.30874491986684216,0.38943694561614783
154.98327759197326,0.46586637051545043,0.1446664634627667,0.08069232659998817,0.3087748394217947,0.3894671660217829
155.6521739130435,0.4658728031250979,0.14463089002881976,0.08069259620804393,0.3088037106380385,0.38949630684608244
156.3210702341137,0.4658788470332118,0.1445967482709695,0.08069283711870742,0.30883156757711144,0.38952440469581884
156.98996655518394,0.4658845261773163,0.144563979514598,0.08069305142976867,0.3088584428783171,0.3895514943080857
157.65886287625418,0.4658898624483168,0.1445325272953285,0.08069324129118687,0.30888436896516785,0.38957761025635473
158.3277591973244,0.46589487533092294,0.14450234094095207,0.08069340850101049,0.3089093752271146,0.38960278372812507
158.99665551839465,0.46589958484994454,0.14447336741204245,0.08069355492143124,0.30893349281658183,0.3896270477380131
159.66555183946488,0.46590401007804677,0.1444455553303452,0.08069368229177092,0.3089567522998371,0.38965043459160803
160.33444816053512,0.4659081676830576,0.14441885883553934,0.08069379210321274,0.30897918137819036,0.3896729734814031
161.00334448160535,0.4659120734868404,0.1443932330682594,0.08069388578231362,0.30900080766258675,0.3896946934449004
161.6722408026756,0.46591574272609215,0.14436863428648009,0.08069396470244353,0.3090216582849842,0.3897156229874277
162.34113712374582,0.4659191894164054,0.14434502108293723,0.08069403012569444,0.3090417593749628,0.38973578950065724
163.01003344481606,0.4659224270349528,0.1443223532309536,0.08069408324636643,0.30906113648772715,0.3897552197340936
163.67892976588627,0.4659254680290222,0.14430059259530215,0.08069412514744394,0.30907981422823166,0.3897739393756756
164.3478260869565,0.4659283238544101,0.144279702942425,0.08069415681973562,0.3090978163834294,0.38979197320316505
165.01672240802674,0.46593100568359935,0.14425964883137798,0.08069417922337119,0.30911516626165153,0.38980934548502266
165.68561872909697,0.465933523844077,0.14424039656834034,0.08069419323438165,0.3091318863532011,0.38982607958758275
166.3545150501672,0.46593588826785365,0.14422191438190032,0.08069419947392237,0.3091479978763237,0.38984219735024606
167.02341137123744,0.46593811407443075,0.14420416950664927,0.0806941973542431,0.30916351906467693,0.3898577164189201
167.69230769230768,0.46594020078362175,0.14418713421881799,0.080694189780286,0.3091784752172742,0.38987266499756024
168.36120401337791,0.4659421606296594,0.14417077905093845,0.08069417638684687,0.30919288393255534,0.3898870603194022
169.03010033444815,0.4659440001764188,0.14415507688995358,0.08069415801855524,0.3092067649150725,0.38990092293362777
169.69899665551839,0.465945726961702,0.14414000098664817,0.08069413516693323,0.3092201368847165,0.38991427205164975
170.36789297658862,0.465947348061802,0.14412552690255565,0.08069410817737302,0.3092330168582694,0.3899271250356424
171.03678929765886,0.46594886978616795,0.144111629600857,0.08069407759773206,0.30924542301524305,0.3899395006129751
171.7056856187291,0.4659502978858408,0.1440982872641435,0.08069404378625107,0.3092573710637646,0.3899514148500157
172.37458193979933,0.4659516377441995,0.1440854784414515,0.08069400712227201,0.30926887669207703,0.38996288381434907
173.04347826086956,0.46595289555516683,0.1440731784383082,0.08069396803977368,0.30927995796675134,0.389973926006525
173.7123745819398,0.4659540758234444,0.14406136847070142,0.08069392682332942,0.30929062888252473,0.38998455570585416
174.38127090301003,0.46595518335084873,0.14405002864750793,0.08069388378184492,0.30930090421979833,0.3899947880016432
175.05016722408027,0.46595622239781637,0.14403914058323194,0.08069383916517907,0.30931079785377263,0.3900046370189517
175.7190635451505,0.4659571972197649,0.14402868590906626,0.0806937932272677,0.3093203236439013,0.390014116871169
176.38795986622074,0.46595811172275314,0.14401864726086916,0.08069374619657717,0.30932949481980054,0.3900232410163777
177.05685618729098,0.46595896959424427,0.14400900793655816,0.08069369828216133,0.3093383241870364,0.3900320224691977
177.7257525083612,0.46595977435895,0.14399975190471107,0.08069364966352194,0.30934682407281694,0.39004047373633893
178.39464882943145,0.4659605293068817,0.1439908637960088,0.0806936005034085,0.30935500639370095,0.39004860689710946
179.06354515050168,0.4659612374259014,0.14398232913711773,0.08069355093918983,0.30936288249779104,0.3900564334369808
179.73244147157192,0.4659619002790508,0.14397413430852982,0.08069350139803985,0.30937046401437945,0.3900639654124193
180.40133779264215,0.4659625198158244,0.1439662656271895,0.08069345223225546,0.3093777623247307,0.3900712145569861
181.0702341137124,0.4659631022992259,0.14395870927298815,0.08069340265225537,0.30938478577553064,0.390078188427786
181.73913043478262,0.4659636482349484,0.1439514531804154,0.08069335321887772,0.30939154536575847,0.3900848985846362
182.40802675585286,0.4659641588023487,0.14394448560755582,0.08069330428490082,0.3093980513051947,0.3900913555900955
183.0769230769231,0.4659646379332069,0.14393779455760294,0.08069325549477142,0.30940431201441865,0.39009756750919006
183.74581939799333,0.46596508656724733,0.14393136927151703,0.08069320717452766,0.30941033698670795,0.3901035441612356
184.41471571906357,0.4659655067489614,0.143925198944202,0.08069315935468616,0.30941613495215037,0.3901092943068365
185.08361204013377,0.4659659000046829,0.14391927446534633,0.08069311209519117,0.3094217134347794,0.3901148255299706
185.752508361204,0.4659662680126443,0.14391358596303935,0.08069306544311329,0.30942708058120305,0.3901201460243163
186.42140468227424,0.4659666126524685,0.14390812249060198,0.0806930194517296,0.3094322454051998,0.3901252648569294
187.09030100334448,0.4659669352960237,0.14390287557190837,0.08069297414799803,0.3094372149840699,0.39013018913206793
187.7591973244147,0.4659672372757849,0.1438978369227722,0.0806929295568402,0.3094419962446028,0.390134925801443
188.42809364548495,0.4659675199814759,0.14389299791336163,0.08069288570663206,0.30944659639853045,0.3901394821051625
189.09698996655518,0.4659677845143918,0.14388835104283454,0.08069284261264113,0.3094510218301325,0.39014386444277366
189.76588628762542,0.46596803208538645,0.1438838883772195,0.08069280029553182,0.3094552792418622,0.39014807953739405
190.43478260869566,0.46596826192527924,0.14387960287767873,0.08069275922562673,0.3094593759714153,0.39015213519704206
191.1036789297659,0.46596847646494677,0.14387548721114127,0.08069271905983463,0.30946331726407744,0.3901560363239121
191.77257525083613,0.4659686777875085,0.14387153482286616,0.08069267951458023,0.3094671078750452,0.3901597873896254
192.44147157190636,0.465968865727026,0.14386773906730088,0.08069264086648249,0.30947075433919075,0.3901633952056732
193.1103678929766,0.4659690413591457,0.14386409357260996,0.08069260306216222,0.3094742620060822,0.3901668650682444
193.77926421404683,0.4659692052681759,0.14386059321301845,0.08069256612338992,0.30947763539541573,0.39017020151880566
194.44816053511707,0.46596935821549035,0.14385723125215577,0.0806925300783084,0.3094808804540454,0.3901734105323538
195.1170568561873,0.46596950082011834,0.14385400254223543,0.08069249492861,0.3094840017090362,0.3901764966376462
195.7859531772575,0.4659696337775572,0.1438509017967176,0.08069246065762063,0.3094870037681045,0.3901794644257251
196.45484949832775,0.4659697579615898,0.14384792263842874,0.0806924272292283,0.3094898921707532,0.3901823193999815
197.12374581939798,0.46596987351016483,0.14384506396046934,0.08069239463869349,0.30949266789067226,0.39018506252936574
197.79264214046822,0.46596998144679797,0.14384231685516327,0.08069236287342742,0.3094953388246112,0.3901877016980386
198.46153846153845,0.46597008186515243,0.1438396786011622,0.08069233197584555,0.3094979075578398,0.3901902395336853
199.1304347826087,0.4659701751917198,0.14383714497964215,0.08069230194444378,0.30950037788419416,0.3901926798286379
199.79933110367892,0.4659702619367802,0.1438347119957832,0.08069227274728989,0.30950275332014665,0.39019502606743656
200.46822742474916,0.465970342493094,0.1438323764301422,0.08069224435711322,0.30950503671965046,0.39019728107676366
201.1371237458194,0.46597041746859386,0.14383013347770648,0.08069221673346912,0.30950723232023053,0.39019944905369963
201.80602006688963,0.4659704874259642,0.14382797848271503,0.08069218984380114,0.3095093442475198,0.39020153409132097
202.47491638795987,0.4659705520357608,0.1438259085258061,0.0806921638247319,0.3095113756137012,0.39020353943843306
203.1438127090301,0.4659706118415473,0.14382392060180088,0.08069213859443063,0.30951332896222106,0.3902054675566517
203.81270903010034,0.4659706675549923,0.14382201132149186,0.08069211404003744,0.3095152070834785,0.39020732112351597
204.48160535117057,0.4659707191344361,0.14382017752137904,0.08069209022785395,0.3095170131163309,0.39020910334418485
205.1505016722408,0.46597076688467337,0.14381841633162493,0.08069206713095335,0.30951874965274834,0.3902108167837017
205.81939799331104,0.4659708110740109,0.14381672521115113,0.08069204472308072,0.3095204189917572,0.3902124637148379
206.48829431438128,0.46597085198041555,0.143815101251991,0.0806920229803009,0.30952202378729254,0.39021404676759347
207.1571906354515,0.465970889906203,0.1438135413091655,0.08069200187746509,0.3095235669071664,0.39021556878463154
207.82608695652175,0.4659709251100987,0.14381204287583502,0.08069198138477823,0.3095250506292879,0.39021703201406616
208.49498327759198,0.46597095782947334,0.14381060375779478,0.08069196147016969,0.30952647694256225,0.3902184384127319
209.16387959866222,0.46597098831213973,0.1438092214410515,0.08069194210672419,0.30952784814008466,0.3902197902468089
209.83277591973246,0.4659710148290503,0.14380789410125483,0.08069192374024067,0.3095291673294542,0.3902210910696948
210.50167224080266,0.4659710387388131,0.14380661939312264,0.08069190606067632,0.309530435807388,0.39022234186806426
211.1705685618729,0.46597106174366704,0.1438053948630811,0.08069188867575494,0.30953165471749694,0.3902235433932519
211.83946488294313,0.4659710826562728,0.1438042187524127,0.08069187189393505,0.30953282669737947,0.39022469859131453
212.50836120401337,0.46597110187919655,0.1438030891658092,0.08069185563342546,0.3095339533215688,0.39022580895499426
213.1772575250836,0.46597111951660786,0.14380200418655578,0.08069183988467034,0.30953503641216606,0.3902268762968364
213.84615384615384,0.4659711356119594,0.14380096218967284,0.08069182464958868,0.30953607754877915,0.39022790219836784
214.51505016722408,0.4659711502675504,0.143799961381598,0.0806918099157915,0.30953707843506006,0.39022888835085157
215.1839464882943,0.46597116354676077,0.14379900064285278,0.08069179567365271,0.3095380401367337,0.3902298358103864
215.85284280936455,0.4659711755628429,0.1437980781280065,0.08069178190704493,0.3095389644021057,0.39023074630915067
216.52173913043478,0.4659711864280894,0.14379719203028024,0.08069176860013662,0.3095398529414936,0.3902316215416302
217.19063545150502,0.4659711962495397,0.14379634059356086,0.08069175573769283,0.3095407074192066,0.3902324631568994
217.85953177257525,0.46597120505774037,0.14379552279911811,0.08069174331315938,0.30954152882998215,0.3902332721431415
218.5284280936455,0.4659712129027805,0.14379473743985763,0.08069173131776461,0.30954231833959717,0.3902340496573618
219.19732441471572,0.46597121985264434,0.1437939831362004,0.08069171974070634,0.3095430772704489,0.3902347970111552
219.86622073578596,0.4659712259873825,0.14379325851502076,0.0806917085680382,0.3095438069295586,0.3902355154975968
220.5351170568562,0.4659712317547429,0.14379256241029592,0.08069169768980397,0.30954450814515727,0.3902362058349612
221.20401337792643,0.46597123710484206,0.1437918937989033,0.08069168711850043,0.3095451819777544,0.39023686909625477
221.87290969899666,0.4659712416041886,0.14379125167647447,0.0806916769621452,0.30954582975719164,0.3902375067193369
222.5418060200669,0.465971245546146,0.14379063497218947,0.08069166714934561,0.30954645233231887,0.3902381194816645
223.21070234113714,0.4659712486834438,0.1437900427027941,0.08069165774090002,0.309547050872862,0.390238708613762
223.87959866220737,0.46597125135274564,0.14378947389326047,0.08069164865376656,0.30954762610022724,0.39023927475399384
224.54849498327758,0.4659712535084595,0.14378892755338293,0.0806916398991919,0.30954817903896575,0.3902398189381576
225.2173913043478,0.4659712552702357,0.14378840285537417,0.08069163144591666,0.30954871042847343,0.3902403418743901
225.88628762541805,0.4659712566978145,0.1437878988461836,0.08069162327884745,0.30954922117715433,0.3902408444560018
226.55518394648828,0.4659712577868516,0.14378741480123586,0.0806916153962703,0.30954971201564213,0.3902413274119125
227.22408026755852,0.46597125859699146,0.14378694984668694,0.08069160778229775,0.3095501837740239,0.39024179155632166
227.89297658862876,0.46597125908764625,0.14378650348357636,0.08069160044245793,0.30955063698631946,0.3902422374287774
228.561872909699,0.46597125932807937,0.1437860747711071,0.08069159335898111,0.30955107254183245,0.3902426659008135
229.23076923076923,0.46597125934985084,0.14378566292013928,0.08069158652209397,0.3095514912079159,0.3902430777300099
229.89966555183946,0.4659712591598395,0.14378526736556613,0.08069157992649402,0.30955189354810037,0.39024347347459437
230.5685618729097,0.46597125875671086,0.14378488761683547,0.08069157356836662,0.30955228005808716,0.3902438536264538
231.23745819397993,0.4659712581795752,0.14378452281628995,0.08069156743657094,0.3095526515675638,0.3902442190041347
231.90635451505017,0.46597125745012413,0.14378417226438683,0.08069156152312162,0.3095530087623673,0.39024457028548887
232.5752508361204,0.4659712565664685,0.1437838357667293,0.08069155582299956,0.3095533518438027,0.3902449076668023
233.24414715719064,0.46597125555236674,0.14378351257949343,0.08069155032795931,0.30955368154018054,0.39024523186813986
233.91304347826087,0.4659712544270359,0.1437832020561529,0.08069154503032695,0.3095539984864842,0.3902455435168112
234.5819397993311,0.46597125319830196,0.1437829038307065,0.08069153992410376,0.3095543030468877,0.39024584297099146
235.25083612040135,0.4659712518806329,0.14378261736931655,0.08069153500228589,0.30955459574776484,0.3902461307500507
235.91973244147158,0.4659712504847884,0.14378234223184536,0.08069153025843069,0.30955487702493556,0.39024640728336624
236.58862876254182,0.46597124902639797,0.14378207785511826,0.08069152568535874,0.3095551474331251,0.3902466731184839
237.25752508361205,0.46597124750624697,0.14378182398809577,0.08069152127915559,0.30955540722650166,0.3902469285056573
237.9264214046823,0.4659712459350818,0.14378158017734546,0.08069151703360179,0.30955565685397096,0.39024717388757274
238.5953177257525,0.46597124432585996,0.14378134592778605,0.08069151294191285,0.3095558968044412,0.390247409746354
239.26421404682273,0.46597124268630985,0.14378112085703304,0.08069150899841028,0.3095561274582469,0.39024763645665717
239.93311036789297,0.46597124102281695,0.14378090461478485,0.08069150519764888,0.30955634916474944,0.39024785436239834
240.6020066889632,0.46597123934238227,0.14378069681754588,0.08069150153483659,0.3095565623052352,0.3902480638400718
241.27090301003344,0.46597123765188264,0.14378049707330093,0.08069149800567585,0.30955676726914066,0.39024826527481654
241.93979933110367,0.465971235952717,0.14378030515989926,0.08069149460521598,0.3095569642821679,0.39024845888738385
242.6086956521739,0.46597123424698056,0.14378012081931868,0.08069149132917666,0.30955715360452407,0.3902486449337007
243.27759197324414,0.46597123253553535,0.14377994382196663,0.08069148817353439,0.30955733546896363,0.390248823642498
243.94648829431438,0.46597123082024294,0.14377977392009889,0.08069148513428613,0.309557510125372,0.3902489952596581
244.6153846153846,0.4659712291226146,0.1437796104588225,0.08069148220547645,0.3095576782130864,0.39024916041856283
245.28428093645485,0.46597122743218405,0.14377945345294058,0.08069147938465901,0.3095578397302164,0.3902493191148754
245.95317725752508,0.4659712257496773,0.14377930268650488,0.08069147666832968,0.30955799489548813,0.39024947156381784
246.62207357859532,0.46597122407508856,0.14377915796153712,0.08069147405318809,0.30955814391018627,0.3902496179633744
247.29096989966555,0.4659712224076802,0.14377901909802865,0.0806914715361375,0.30955828695815363,0.3902497584942911
247.9598662207358,0.46597122076325853,0.1437788856272258,0.08069146911163314,0.30955842449788246,0.39024989360951556
248.62876254180603,0.46597121913946604,0.1437787574078316,0.08069146677700961,0.30955855667569276,0.39025002345270243
249.29765886287626,0.4659712175345649,0.1437786342925157,0.08069146452959775,0.3095586836433218,0.39025014817291953
