Generation,xOC,xOB,xMMd,xMMr,total xMM
0.0,0.26666666666666666,0.4,0.26666666666666666,0.06666666666666667,0.3333333333333333
0.5042016806722689,0.3902180467817125,0.32851584638533604,0.2250020428540884,0.05626406397886307,0.28126610683295145
1.0084033613445378,0.44938037434788836,0.290408639540618,0.20866767057588223,0.05154331553561152,0.26021098611149374
1.5126050420168067,0.48234223636630735,0.2660380241672493,0.2025170769739326,0.049102662492510746,0.25161973946644334
2.0168067226890756,0.5027462517755973,0.2483808503997209,0.20115042715179213,0.04772247067288973,0.24887289782468186
2.5210084033613445,0.5165164165709173,0.23440741765358275,0.20220309261127117,0.04687307316422886,0.24907616577550004
3.0252100840336134,0.5265256503827394,0.2226607219265273,0.20451420282088362,0.0462994248698497,0.25081362769073334
3.5294117647058822,0.5342644045789198,0.21238813901182654,0.20747574035531327,0.045871716053940303,0.2533474564092536
4.033613445378151,0.5405420136807996,0.20317829429269726,0.21075762008522828,0.04552207194127492,0.2562796920265032
4.53781512605042,0.5458142993180419,0.19479363331399735,0.21417734677004036,0.04521472059792042,0.2593920673679608
5.042016806722689,0.5503473274636235,0.18708832432399014,0.2176333900273437,0.04493095818504258,0.2625643482123863
5.546218487394958,0.5543028639248537,0.1799664027718145,0.22106947740724167,0.04466125589609016,0.26573073330333186
6.050420168067227,0.5577842150430317,0.1733598771379338,0.22445489165564644,0.044401016163388055,0.2688559078190345
6.554621848739496,0.5608612655412976,0.16721706283493612,0.2277734090853248,0.04414826253844146,0.2719216716237663
7.0588235294117645,0.5635843386390111,0.16149626341156476,0.23101702203988558,0.04390237590953864,0.2749193979494242
7.563025210084033,0.565991953039748,0.1561622875440018,0.23418235493147468,0.04366340448477549,0.27784575941625017
8.067226890756302,0.5681152126629245,0.15118448510940372,0.23726861177524716,0.0434316904524245,0.28070030222767167
8.571428571428571,0.5699803232846989,0.14653560442802507,0.24027640041086962,0.04320767187640642,0.28348407228727607
9.07563025210084,0.5716100640983015,0.1421910965387516,0.24320705835795137,0.04299178100499559,0.28619883936294693
9.579831932773109,0.5730246626570283,0.1381286687393992,0.2460622723558055,0.04278439624776682,0.2888466686035723
10.084033613445378,0.5742423407671887,0.13432797551007464,0.24884386143866005,0.042585822284076674,0.2914296837227367
10.588235294117647,0.5752796632240144,0.1307703910732299,0.25155365988535183,0.0423962858174037,0.2939499457027555
11.092436974789916,0.5761517787859631,0.12743882953115257,0.2541934530081875,0.04221593867469684,0.2964093916828843
11.596638655462185,0.5768725925330179,0.12431759611722139,0.2567649467037654,0.042044864645995335,0.2988098113497607
12.100840336134453,0.5774548973818098,0.12139225957051837,0.2592697553123293,0.041883087735342335,0.30115284304767165
12.605042016806722,0.5779104820399074,0.11864953902979901,0.26170939860157333,0.04173058032872029,0.3034399789302936
13.109243697478991,0.5782502204197727,0.11607720344066802,0.2640853050132064,0.041587271126353055,0.30567257613955945
13.61344537815126,0.5784841499518092,0.11366398067556137,0.26639881702857193,0.04145305234405762,0.30785186937262954
14.117647058823529,0.5786215461952808,0.11139947087079838,0.2686511983736857,0.04132778456023508,0.30997898293392073
14.621848739495798,0.5786709677779789,0.10927408054505315,0.27084364607487166,0.04121130560209632,0.312054951676968
15.126050420168067,0.5786403241068829,0.1072789482694834,0.2729772944064612,0.04110343321717248,0.3140807276236337
15.630252100840336,0.5785369387269375,0.10540587760232474,0.2750532160803918,0.041003967590346066,0.3160571836707378
16.134453781512605,0.5783675809272792,0.10364728748457958,0.27707243433557555,0.04091269725256577,0.3179851315881413
16.63865546218487,0.578138497414501,0.10199616030576962,0.2790359398007647,0.040829402478964806,0.3198653422797295
17.142857142857142,0.577855472546183,0.10044599081043716,0.28094468055059685,0.04075385609278307,0.32169853664337994
17.647058823529413,0.5775238613411671,0.09899074362208393,0.28279956917404675,0.04068582586270222,0.323485395036749
18.15126050420168,0.5771486107681937,0.09762481621848193,0.2846014957265434,0.04062507728678108,0.32522657301332447
18.655462184873947,0.5767342906328731,0.09634300317391283,0.2863513310080797,0.040571375185134526,0.32692270619321423
19.159663865546218,0.576285135872751,0.09514046029882228,0.2880499203325929,0.04052448349583395,0.3285744038284269
19.66386554621849,0.5758050586131338,0.09401267777016581,0.28969809598968593,0.040484167627014594,0.3301822636167005
20.168067226890756,0.5752976760152025,0.09295545207016068,0.2912966769909516,0.040450194923685207,0.3317468719146368
20.672268907563023,0.5747663311077372,0.09196486124218235,0.29284647229083866,0.04042233535924179,0.3332688076500805
21.176470588235293,0.57421411305202,0.09103724235513662,0.29434828241898,0.04040036217386339,0.33474864459284337
21.680672268907564,0.5736438750959357,0.09016917087894752,0.2958029016937322,0.040384052331384576,0.3361869540251168
22.18487394957983,0.5730582517056726,0.08935744187939634,0.2972111194677254,0.040373186947205784,0.33758430641493115
22.6890756302521,0.5724596726648953,0.0885990527005975,0.29857372327847104,0.04036755135603624,0.3389412746345073
23.19327731092437,0.5718503804354962,0.08789118705459666,0.299891497100808,0.0403669354090992,0.34025843250990717
23.69747899159664,0.5712324437082544,0.08723120115503051,0.30116522108608085,0.040371134050634284,0.34153635513671515
24.201680672268907,0.5706077647623982,0.08661661008671391,0.30239567839694004,0.04037994675394791,0.342775625150888
24.705882352941174,0.5699780921468716,0.08604507644165436,0.3035836531776202,0.04039317823385385,0.34397683141147406
25.210084033613445,0.5693450327547395,0.08551439887098834,0.30472993017365063,0.04041063820062158,0.3451405683742722
25.714285714285715,0.5687100678055078,0.08502250086338306,0.30583529052452996,0.040432140806579184,0.3462674313311091
26.218487394957982,0.5680745544810859,0.08456742277690123,0.30690051752603115,0.04045750521598164,0.3473580227420128
26.72268907563025,0.5674397321646794,0.08414731387766955,0.3079263980070181,0.040486555950633024,0.34841295395765115
27.22689075630252,0.5668067338735563,0.08376042369846937,0.3089137201489552,0.04051912227901917,0.3494328424279744
27.73109243697479,0.5661765973658478,0.08340509446574412,0.3098632701915008,0.04055503797690733,0.3504183081684081
28.235294117647058,0.565550266136248,0.0830797554667635,0.3107758366721051,0.040594141724883286,0.3513699783969884
28.739495798319325,0.5649285986896713,0.0827829165554546,0.31165220799851445,0.04063627675635963,0.35228848475487406
29.243697478991596,0.5643123734845642,0.08251316279428221,0.3124931728537552,0.040681290867398336,0.3531744637211536
29.747899159663866,0.5637022948706425,0.08226914931783015,0.31329951953503793,0.04072903627648954,0.3540285558115275
30.252100840336134,0.5630989980535414,0.082049596703421,0.31407203569308056,0.04077936954995713,0.35485140524303765
30.7563025210084,0.5625030539937627,0.08185328667835187,0.3148115078371476,0.040832151490737705,0.3556436593278854
31.26050420168067,0.5619149739606555,0.08167905817158232,0.31551872082985905,0.040887247037903134,0.35640596786776213
31.764705882352942,0.5613352136221784,0.08152580371364011,0.3161944574901356,0.040944525174045975,0.35713898266418154
32.26890756302521,0.5607641770910121,0.08139246607743889,0.3168394980099362,0.041003858821612754,0.357843356831549
32.773109243697476,0.5602022204168418,0.08127803526505396,0.3174546195709893,0.041065124747115045,0.35851974431810435
33.27731092436974,0.5596496553531347,0.08118154560906948,0.3180405955877169,0.041128203450078844,0.35916879903779575
33.78151260504202,0.5591067523105938,0.08110207322861536,0.3185981953774855,0.04119297908330526,0.35979117446079073
34.285714285714285,0.55857374338613,0.08103873362907889,0.3191281836250192,0.041259339359771996,0.3603875229847912
34.78991596638655,0.5580508252657012,0.08099067947347047,0.31963131980455706,0.04132717545627132,0.3609584952608284
35.294117647058826,0.5575381616889975,0.08095709862320853,0.3201083577595075,0.04139638192828651,0.361504739687794
35.79831932773109,0.557035886287867,0.08093721214986743,0.3205600449560573,0.04146685660620816,0.3620269015622654
36.30252100840336,0.5565441045372194,0.08093027268942783,0.32098712223811854,0.041538500535234335,0.3625256227733528
36.80672268907563,0.5560628958763421,0.08093556285016285,0.3213903233749206,0.041611217898574526,0.3630015412734951
37.310924369747895,0.5555923160121313,0.08095239366233298,0.3217703744089937,0.04168491591654178,0.36345529032553553
37.81512605042017,0.555132398340902,0.0809801033970307,0.32212799345873033,0.04175950480333702,0.36388749826206734
38.319327731092436,0.5546831563616271,0.08101805607603696,0.3224638899150569,0.04183489764727889,0.3642987875623358
38.8235294117647,0.5542445849762901,0.08106564042502717,0.32277876423387275,0.04191101036480991,0.3646897745986827
39.32773109243698,0.5538166618364295,0.08112226882605927,0.3230733076879899,0.0419877616495213,0.3650610693375112
39.831932773109244,0.5533993487776985,0.08118737632978108,0.32334820198508013,0.04206507290744011,0.3654132748925203
40.33613445378151,0.552992593517504,0.0812604196124827,0.3236041187084028,0.042142868161610524,0.3657469868700133
40.84033613445378,0.5525963305435702,0.08134087625629507,0.32384171917664056,0.0422210740234941,0.36606279320013463
41.344537815126046,0.5522104825944099,0.0814282438320466,0.32406165397034287,0.04229961960320074,0.36636127357354364
41.84873949579832,0.5518349615371828,0.08152203930206608,0.3242645626816916,0.042378436479059436,0.36664299916075105
42.35294117647059,0.5514696695927862,0.08162179810445178,0.32445107368919013,0.04245745861357196,0.3669085323027621
42.857142857142854,0.5511144998322071,0.08172707364900107,0.32462180417888686,0.04253662233990502,0.3671584265187919
43.36134453781513,0.5507693371171429,0.0818374368049453,0.3247773597639315,0.042615866313980254,0.3673932260779118
43.865546218487395,0.5504340593043991,0.08195247513343244,0.32491833414040766,0.042695131421760825,0.36761346556216845
44.36974789915966,0.5501085379358553,0.08207179226724831,0.32504530907123474,0.04277436072566147,0.36781966979689623
44.87394957983193,0.5497926383000078,0.08219500807651073,0.32515885409770545,0.04285349952577611,0.36801235362348156
45.3781512605042,0.549486221288549,0.08232175715923697,0.3252595264166988,0.04293249513551528,0.36819202155221414
45.88235294117647,0.549189143141209,0.08245168901428722,0.3253478708930718,0.04301129695143206,0.3683591678445039
46.38655462184874,0.5489012559641848,0.0825844677538547,0.32542441984616494,0.04308985643579553,0.36851427628196043
46.890756302521005,0.5486224084410429,0.08271977104635286,0.32548969352678647,0.04316812698581774,0.36865782051260415
47.39495798319328,0.5483524458527144,0.08285729064942116,0.32554419946609325,0.04324606403177138,0.36879026349786465
47.89915966386555,0.5480912114824783,0.08299673103479006,0.32558843266929693,0.04332362481343449,0.3689120574827314
48.403361344537814,0.5478385465057374,0.08313780957641013,0.3256228754787783,0.04340076843907408,0.36902364391785236
48.90756302521008,0.5475942903874728,0.08328025640800256,0.3256479973285829,0.043477455875941554,0.3691254532045245
49.41176470588235,0.5473582813240572,0.08342381346241867,0.32566425538984384,0.04355364982368034,0.36921790521352416
49.91596638655462,0.5471303563565296,0.08356823478111636,0.325672094085012,0.04362931477734191,0.36930140886235396
50.42016806722689,0.5469103517930286,0.08371328552077073,0.3256719457983042,0.0437044168878965,0.3693763626862007
50.924369747899156,0.5466981032286163,0.08385874254299214,0.3256642301608073,0.043778924067584116,0.36944315422839147
51.42857142857143,0.5464934463189776,0.08400439301117929,0.32564935490413066,0.043852805765712384,0.36950216066984304
51.9327731092437,0.5462962166052042,0.08415003531499705,0.3256277149483005,0.043926033131498066,0.36955374807979857
52.436974789915965,0.5461062502142952,0.08429547737153334,0.3255996936673329,0.04399857874683864,0.36959827241417154
52.94117647058823,0.5459233835742459,0.08444053797160446,0.3255656615984457,0.04407041685570405,0.3696360784541497
53.4453781512605,0.5457474537054403,0.084585044986813,0.32552597820283685,0.04414152310490975,0.3696675013077466
53.94957983193277,0.5455782984125346,0.08472883606127711,0.32548099087760823,0.04421187464857995,0.3696928655261882
54.45378151260504,0.5454157562309213,0.08487175820461497,0.32543103545844465,0.04428145010601894,0.3697124855644636
54.95798319327731,0.5452596667918282,0.08501366691666727,0.3253764368649688,0.04435022942653572,0.3697266662915045
55.46218487394958,0.5451098710807162,0.08515442622673773,0.3253175088032831,0.044418193889263026,0.3697357026925461
55.96638655462185,0.5449662114806233,0.08529390929871276,0.3252545530243309,0.044485326196333184,0.3697398792206641
56.470588235294116,0.5448285321080654,0.08543199698031233,0.32518786065647404,0.04455161025514834,0.3697394709116224
56.97478991596638,0.5446966786340434,0.08556857815837417,0.3251177119543778,0.04461703125320483,0.36973474320758265
57.47899159663865,0.5445704986359918,0.08570354924360987,0.3250443765533368,0.04468157556706157,0.3697259521203983
57.983193277310924,0.544449840831765,0.0858368142009344,0.3249681141402813,0.04474523082701927,0.36971334496730063
58.48739495798319,0.544334555152491,0.08596828425214184,0.3248891747184628,0.04480798587690438,0.36969716059536717
58.99159663865546,0.5442244933050737,0.08609787751382357,0.32480779849069713,0.04486983069040561,0.36967762918110275
59.49579831932773,0.5441195091701725,0.0862255188959936,0.32472421559766906,0.044930756336164855,0.36965497193383395
60.0,0.5440194591111287,0.08635113948733816,0.3246386465299084,0.04499075487162471,0.36962940140153316
60.0,0.5440194591111287,0.08635113948733816,0.3246386465299084,0.04499075487162471,0.36962940140153316
61.111111111111114,0.5617809154647798,0.11860360769252523,0.25776335714036647,0.06185211970232849,0.319615476842695
62.22222222222222,0.5485561930272715,0.15760018425614675,0.210260007882356,0.08358361483422565,0.29384362271658165
63.333333333333336,0.5190554682301006,0.19895139835656625,0.17317967394769848,0.10881345946563464,0.2819931334133331
64.44444444444444,0.48284568666595773,0.23782357817513322,0.14359750842781893,0.1357332267310901,0.279330735158909
65.55555555555556,0.4465763103405574,0.2704793042712533,0.1203184527461319,0.16262593264205732,0.2829443853881892
66.66666666666667,0.41429340353364325,0.2950476354367007,0.10242873443614092,0.18823022659351527,0.29065896102965616
67.77777777777777,0.38786610558407403,0.3113513791650273,0.08897959838745985,0.21180291686343877,0.30078251525089866
68.88888888888889,0.3676711924660351,0.32028476120702115,0.07904170121701684,0.23300234510992704,0.3120440463269439
70.0,0.353253805968618,0.3232079532801426,0.07179716931916418,0.2517410714320753,0.3235382407512395
70.0,0.353253805968618,0.3232079532801426,0.07179716931916418,0.2517410714320753,0.3235382407512395
71.11111111111111,0.39941897745894167,0.27679466566003175,0.09416107046275324,0.2296252864182734,0.3237863568810266
72.22222222222223,0.4470077636920685,0.23527622550696836,0.11324797593221876,0.2044680348687444,0.3177160108009632
73.33333333333333,0.4865526510008532,0.20156791380206998,0.130336163225666,0.1815432719714109,0.3118794351970769
74.44444444444444,0.5175974755538257,0.17478317414737485,0.14581250621991237,0.16180684407888712,0.3076193502987995
75.55555555555556,0.5414333417177157,0.15354167328730914,0.1598862114728836,0.14513877352209154,0.30502498499497516
76.66666666666667,0.5595005942242857,0.13662151296776032,0.17273051745704524,0.13114737535090884,0.3038778928079541
77.77777777777777,0.5730424389196371,0.12305282322472241,0.18449990122649268,0.11940483662914782,0.3039047378556405
78.88888888888889,0.5830577462339206,0.11209164622113914,0.19532868727818703,0.1095219202667533,0.3048506075449403
80.0,0.590328246187737,0.10317342320563776,0.20533042254526793,0.1011679080613572,0.3064983306066251
80.0,0.590328246187737,0.10317342320563776,0.20533042254526793,0.1011679080613572,0.3064983306066251
81.11111111111111,0.5854804672661943,0.1255621677292363,0.16563700076561413,0.12332036423895534,0.2889573650045695
82.22222222222223,0.5596112803608346,0.1504432301222058,0.14042715586557972,0.14951833365137981,0.2899454895169596
83.33333333333333,0.5273515754315675,0.17426782501153773,0.12173667256660474,0.17664392699029008,0.29838059955689483
84.44444444444444,0.49538670820369995,0.1948508176522303,0.10708583399710932,0.20267664014696052,0.3097624741440698
85.55555555555556,0.46683622112297607,0.2111810138687396,0.09550575173824598,0.2264770132700384,0.3219827650082844
86.66666666666667,0.442917265229888,0.22310834132642854,0.08642271562671448,0.2475516778169688,0.3339743934436833
87.77777777777777,0.42381218841844953,0.23099845707641728,0.07937432888220985,0.26581502562292325,0.3451893545051331
88.88888888888889,0.4091759111939938,0.2354582291832115,0.07395951652437718,0.28140634309841744,0.35536585962279466
90.0,0.3984340974986694,0.23715704491714656,0.06983730558629812,0.29457155199788587,0.364408857584184
90.0,0.3984340974986694,0.23715704491714656,0.06983730558629812,0.29457155199788587,0.364408857584184
91.11111111111111,0.44759972235257933,0.20091562326971582,0.09283185419953331,0.25865280017817166,0.35148465437770493
92.22222222222223,0.4952254241226165,0.16940881839763194,0.11221021559565095,0.22315554188410056,0.3353657574797515
93.33333333333333,0.5327787114747963,0.1445596139944732,0.12943557711109074,0.19322609741963973,0.32266167453073047
94.44444444444444,0.5608234449349851,0.12530078349999313,0.14500483832849945,0.16887093323652227,0.3138757715650217
95.55555555555556,0.5812980056534499,0.11034191924652913,0.15918438722667283,0.149175687873348,0.30836007510002084
96.66666666666667,0.5959969271335946,0.0986328653857597,0.17217200313889428,0.1331982043417515,0.3053702074806458
97.77777777777777,0.6063377996037888,0.08938499556408615,0.184128264190099,0.12014894064202618,0.3042772048321252
98.88888888888889,0.61339310622656,0.08201794950388601,0.1951842321320828,0.10940471213747135,0.3045889442695542
100.0,0.6179649443301161,0.07610523996008813,0.20544612678267246,0.10048368892712328,0.30592981570979577
100.0,0.6179649443301161,0.07610523996008813,0.20544612678267246,0.10048368892712328,0.30592981570979577
101.11111111111111,0.6159035979099999,0.09418187972471556,0.16714612936931936,0.12276839299596501,0.28991452236528437
102.22222222222223,0.5922925650635662,0.11512724381847979,0.1430935508298842,0.14948664028806982,0.292580191117954
103.33333333333333,0.5610808143014435,0.13622903200150122,0.1252000152712998,0.17749013842575553,0.3026901536970554
104.44444444444444,0.5288738826350549,0.15555916255737065,0.11096117548385827,0.20460577932371632,0.3155669548075746
105.55555555555556,0.49903280009287765,0.17198289792544308,0.09947437223699346,0.22950992974468584,0.32898430198167933
106.66666666666667,0.4731168410720462,0.18505107169508783,0.09026525446966781,0.25156683276319813,0.34183208723286596
107.77777777777777,0.4516235540366598,0.19479959157014468,0.0829620166261198,0.27061483776707573,0.3535768543931955
108.88888888888889,0.4344474473080848,0.20154813775447022,0.07723014488548452,0.28677427005196043,0.36400441493744495
110.0,0.4211751353175694,0.20574497157740193,0.072771656233456,0.3003082368715728,0.3730798931050288
110.0,0.4211751353175694,0.20574497157740193,0.072771656233456,0.3003082368715728,0.3730798931050288
111.11111111111111,0.46700443917579204,0.17513493399105334,0.09586319695822502,0.2619974298749296,0.3578606268331546
112.22222222222223,0.5116815414688181,0.1483515327126306,0.11503781573429034,0.22492911008426092,0.33996692581855126
113.33333333333333,0.5466674784278054,0.12723233073595827,0.1319933561619775,0.19410683467425893,0.3261001908362364
114.44444444444444,0.5725495567719378,0.11087593688689117,0.14730737576247638,0.16926713057869472,0.3165745063411711
115.55555555555556,0.5912403498684667,0.09817626191315706,0.1612692572896354,0.14931413092874077,0.3105833882183761
116.66666666666667,0.6044809912051147,0.08823770907997869,0.17407929653321044,0.13320200318169606,0.3072812997149065
117.77777777777777,0.6136306609482047,0.08039106813975251,0.18589377786022832,0.12008449305181448,0.30597827091204277
118.88888888888889,0.6197091319249993,0.07414542235683302,0.19683777769293326,0.1093076680252344,0.30614544571816765
120.0,0.6234747214146484,0.06914057505628249,0.20701171130329832,0.10037299222577077,0.3073847035290691
120.0,0.6234747214146484,0.06914057505628249,0.20701171130329832,0.10037299222577077,0.3073847035290691
121.11111111111111,0.6223546841549656,0.08617792920883431,0.16861201547228113,0.12285537116391897,0.2914673866362001
122.22222222222223,0.5994413918801275,0.10614650802134357,0.1445215110745126,0.14989058902401634,0.294412100098529
123.33333333333333,0.5685357380332775,0.12655813196196267,0.12658652533295356,0.17831960467180633,0.30490613000475986
124.44444444444444,0.5362553970778691,0.14555953755620568,0.11227306326965705,0.20591200209626834,0.3181850653659254
125.55555555555556,0.5060506414288231,0.16199232283218853,0.10067899453941669,0.23127804119957165,0.3319570357389884
126.66666666666667,0.4795880303826955,0.17533606580958444,0.09134325678487899,0.25373264702284115,0.3450759038077201
127.77777777777777,0.4574577946394568,0.18554495353776987,0.08390799338452143,0.2730892584382518,0.35699725182277325
128.88888888888889,0.439621510740458,0.1928661037332708,0.07804864195654304,0.2894637435697282,0.36751238552627125
130.0,0.42570839896361845,0.19769125403298932,0.07347282000457868,0.3031275269988136,0.3766003470033923
130.0,0.42570839896361845,0.19769125403298932,0.07347282000457868,0.3031275269988136,0.3766003470033923
131.11111111111111,0.4706920072190651,0.1686345342073591,0.09657749751698906,0.26409596105658667,0.36067345857357574
132.22222222222223,0.5146813374862064,0.14312261743617086,0.11570268686001464,0.22649335821760821,0.34219604507762286
133.33333333333334,0.5491116994286529,0.12298209615625864,0.13259621280412437,0.19530999161096402,0.3279062044150884
134.44444444444446,0.5745520135558595,0.1073718283287198,0.14785184673765614,0.1702243113777645,0.3180761581154206
135.55555555555554,0.5928951039449054,0.09524392893120842,0.16176307694924275,0.1500978901746435,0.3118609671238863
136.66666666666666,0.6058628301879709,0.08574815848725727,0.17453033445113705,0.13385867687363467,0.30838901132477176
137.77777777777777,0.6147977358189577,0.07824872086335721,0.18630888637369655,0.12064465694398868,0.3069535433176852
138.88888888888889,0.6207062235194882,0.07227891163969734,0.19722260420709284,0.10979226063372158,0.3070148648408144
140.0,0.6243362539516936,0.06749605277160223,0.2073708189324129,0.10079687434429122,0.3081676932767041
140.0,0.6243362539516936,0.06749605277160223,0.2073708189324129,0.10079687434429122,0.3081676932767041
141.11111111111111,0.6234010633249388,0.08428201103274352,0.16892669571616464,0.12339022992615296,0.29231692564231765
142.22222222222223,0.6006228205146974,0.10400523009728954,0.14481000145322612,0.15056194793478694,0.29537194938801303
143.33333333333334,0.5697769988956575,0.1242317251208343,0.12685391715997818,0.17913735882353007,0.3059912759835083
144.44444444444446,0.537484962634828,0.14312953317038438,0.11251760580193892,0.20686789839284866,0.31938550419478756
145.55555555555554,0.5072143573351003,0.1595387513587808,0.1008978040247855,0.23234908728133347,0.333246891306119
146.66666666666666,0.48065207822392647,0.17292522885388786,0.09153492598544258,0.2548877669367431,0.3464226929221857
147.77777777777777,0.45840574453986793,0.18322551273651194,0.0840729773246096,0.27429576539901057,0.3583687427236201
148.88888888888889,0.4404494268111523,0.19067001404438708,0.07818873844125754,0.290691820703203,0.3688805591444605
150.0,0.42642022644418465,0.19563675360275523,0.0735905282282069,0.3043524917248533,0.3779430199530602
150.0,0.42642022644418465,0.19563675360275523,0.0735905282282069,0.3043524917248533,0.3779430199530602
151.11111111111111,0.47125373851871927,0.1669880348340647,0.09669661316194497,0.265061613485271,0.361758226647216
152.22222222222223,0.5151256593023974,0.14180762591181534,0.1158134371985446,0.22725327758724265,0.34306671478578726
153.33333333333334,0.5494651674164216,0.12191932382997538,0.13269666409216227,0.19591884466144083,0.3286155087536031
154.44444444444446,0.57483606853367,0.10649945374098907,0.14794254137853322,0.17072193634680766,0.3186644777253409
155.55555555555554,0.5931265911812017,0.09451636321444944,0.16184513556082772,0.15051191004352124,0.31235704560434896
156.66666666666666,0.6060546389322382,0.08513209809942447,0.17460486579230347,0.13420839717603372,0.30881326296833717
157.77777777777777,0.6149595770101847,0.07771972047141977,0.1863768375521715,0.12094386496622399,0.3073207025183955
158.88888888888889,0.6208453666945177,0.07181884508331438,0.19728475157857844,0.11005103664358955,0.307335788222168
160.0,0.624458136044171,0.06709131380702779,0.20742779778018047,0.10102275236862061,0.3084505501488011
160.0,0.624458136044171,0.06709131380702779,0.20742779778018047,0.10102275236862061,0.3084505501488011
161.11111111111111,0.6235537427891419,0.08381314932430883,0.16897504916663628,0.123658058719913,0.2926331078865493
162.22222222222223,0.6007982438201739,0.10347171373572225,0.14485315377814334,0.15087688866596044,0.2957300424441038
163.33333333333334,0.5699629790020203,0.12364654288891698,0.12689326669284068,0.17949721141622202,0.3063904781090627
164.44444444444446,0.5376698520627665,0.14251177545978602,0.11255328795103811,0.20726508452640946,0.31981837247744754
165.55555555555554,0.507389233778732,0.15890817540477772,0.10092958032325412,0.2327730104932361,0.33370259081649023
166.66666666666666,0.4808112467884758,0.1722990348829148,0.09156265040969903,0.25532706791891047,0.3468897183286095
167.77777777777777,0.4585463021804534,0.18261702183647735,0.0840967174489251,0.27473995853414424,0.35883667598306934
168.88888888888889,0.44057050718434176,0.19008857273098678,0.07820873758425854,0.291132182500413,0.3693409200846715
170.0,0.42652227769424506,0.19508824922900284,0.07360713040202657,0.3047823426747255,0.3783894730767521
170.0,0.42652227769424506,0.19508824922900284,0.07360713040202657,0.3047823426747255,0.3783894730767521
171.11111111111111,0.4713317947137239,0.16654961157290932,0.09671325861214183,0.265405335101225,0.36211859371336685
172.22222222222223,0.5151856073916369,0.1414584802291149,0.11582884608465444,0.22752706629459366,0.34335591237924806
173.33333333333334,0.5495117816666901,0.12163773331458298,0.13271058643037664,0.1961398985883502,0.3288504850187268
174.44444444444446,0.5748730365431194,0.10626861581215712,0.14795504119764497,0.17090330644707866,0.3188583476447236
175.55555555555554,0.5931566864781451,0.09432398818658576,0.16185633866699237,0.15066298666827685,0.31251932533526927
176.66666666666666,0.6060799034420481,0.08496926531626997,0.17461488835755737,0.13433594288412457,0.3089508312416819
177.77777777777777,0.6149814946254276,0.07757991232607818,0.1863857735739316,0.12105281947456276,0.30743859304849436
178.88888888888889,0.620865008360813,0.0716972445570538,0.19729267686561763,0.11014507021651535,0.307437747082133
180.0,0.6244762714059119,0.06698431319771658,0.2074347768118814,0.10110463858449002,0.3085394153963715
180.0,0.6244762714059119,0.06698431319771658,0.2074347768118814,0.10110463858449002,0.3085394153963715
181.11111111111111,0.6235770620590598,0.08368862312881141,0.16898082718325952,0.12375348762886919,0.2927343148121287
182.22222222222223,0.6008255862566947,0.10332913612485353,0.14485827976695811,0.15098699785149364,0.29584527761845175
183.33333333333334,0.5699924102592847,0.12348900568427874,0.12689802316662413,0.1796205608898124,0.30651858405643656
184.44444444444446,0.5376994408367021,0.14234415973623624,0.11255772519958153,0.20739867422748007,0.3199563994270616
185.55555555555554,0.5074174301096936,0.15873574396244355,0.10093364825590623,0.23291317767195668,0.3338468259278629
186.66666666666666,0.48083699547679615,0.17212653316577997,0.0915662874290954,0.2554701839283285,0.3470364713574239
187.77777777777777,0.45856899984102445,0.18244825547120688,0.08409988631746662,0.274882858370302,0.3589827446877687
188.88888888888889,0.44058989762916173,0.18992631808764485,0.07821143043962321,0.29127235384357014,0.36948378428319334
190.0,0.4265383433420715,0.19493434708560464,0.07360936214631572,0.3049179474260081,0.37852730957232383
190.0,0.4265383433420715,0.19493434708560464,0.07360936214631572,0.3049179474260081,0.37852730957232383
191.11111111111111,0.4713437462989642,0.1664266301582255,0.09671545771658151,0.26551416582622894,0.36222962354281046
192.22222222222223,0.5151945573607469,0.1413605845857158,0.11583085655881101,0.2276140014947263,0.3434448580535373
193.33333333333334,0.5495186483071104,0.12155878636396261,0.13271237873103564,0.19621018659789133,0.32892256532892694
194.44444444444446,0.5748785077043059,0.10620388215547413,0.1479566217859038,0.17096098835431628,0.3189176101402201
195.55555555555554,0.5931612604344371,0.09427001477580757,0.16185771781470165,0.15071100697505366,0.3125687247897553
196.66666666666666,0.6060839333556749,0.0849235515481759,0.17461607283438438,0.13437644226176496,0.30899251509614933
197.77777777777777,0.6149852270701708,0.07754063407489584,0.1863867670268038,0.12108737182812959,0.30747413885493335
198.88888888888889,0.6208686133585591,0.07166305495023247,0.19729348176539765,0.11017484992581074,0.3074683316912084
200.0,0.6244798644605212,0.06695420402306047,0.20743539615831713,0.10113053535810115,0.3085659315164183
200.0,0.6244798644605212,0.06695420402306047,0.20743539615831713,0.10113053535810115,0.3085659315164183
201.11111111111111,0.6235817037122537,0.08365347913117009,0.16898133218012895,0.12378348497644724,0.2927648171565762
202.22222222222223,0.6008311017316372,0.1032887547800957,0.1448587585450839,0.1510213849431832,0.29588014348826713
203.33333333333334,0.5699984378087606,0.12344421070773393,0.12689852978070673,0.1796588217027988,0.3065573514835055
204.44444444444446,0.5377055911276308,0.14229630539642957,0.1125582643066097,0.20743983916932984,0.31999810347593954
205.55555555555554,0.5074233697344916,0.15868632194477686,0.10093419785490569,0.23295611046582576,0.3338903083207314
206.66666666666666,0.4808424797908111,0.1720769118059582,0.09156681930717572,0.255513789096055,0.34708060840323074
207.77777777777777,0.4585738729707509,0.18239954990654259,0.08410037661982694,0.27492620050287964,0.3590265771227065
208.88888888888889,0.4405940770157195,0.18987935581551368,0.0782118628746439,0.2913147042941229,0.3695265671687668
210.0,0.42654180062657504,0.19488968837836934,0.07360972758713995,0.30495878340791566,0.37856851099505556
210.0,0.42654180062657504,0.19488968837836934,0.07360972758713995,0.30495878340791566,0.37856851099505556
211.11111111111111,0.4713463116194194,0.16639092560129798,0.09671580966311052,0.26554695311617216,0.3622627627792827
212.22222222222223,0.5151964810937105,0.14133215036793617,0.11583117138825894,0.22764019715009437,0.3434713685383533
213.33333333333334,0.549520142401924,0.1215358435692353,0.1327126522030437,0.19623136182579706,0.32894401402884077
214.44444444444446,0.5748797296646053,0.1061850582375846,0.1479568546993855,0.17097835739842454,0.31893521209781006
215.55555555555554,0.5931623226082945,0.09425430933440401,0.1618579107236347,0.1507254573336668,0.3125833680573015
216.66666666666666,0.6060849139199734,0.08491024033777148,0.17461622521597517,0.1343886205262798,0.309004845742255
217.77777777777777,0.6149861794144084,0.07752918882418783,0.18638687776377208,0.12109775399763183,0.3074846317614039
218.88888888888889,0.6208695732622111,0.0716530855723067,0.19729354977724597,0.11018379138823618,0.30747734116548214
220.0,0.62448085527565,0.06694541846060881,0.20743542086473754,0.10113830539900363,0.3085737262637412
220.0,0.62448085527565,0.06694541846060881,0.20743542086473754,0.10113830539900363,0.3085737262637412
221.11111111111111,0.6235829648357025,0.08364321091462726,0.1689813556382416,0.12379246861142869,0.2927738242496703
222.22222222222223,0.6008325985194757,0.10327693969351585,0.1448587978095046,0.15103166397750384,0.29589046178700845
223.33333333333334,0.5700000813954845,0.12343108516051729,0.12689859616430962,0.1796702372796887,0.3065688334439983
224.44444444444446,0.5377072805196758,0.14228226352515527,0.11255835640255708,0.2074520995526118,0.32001045595516886
225.55555555555554,0.5074250149884035,0.15867180094699865,0.10093430690619766,0.2329688771584002,0.3339031840645979
226.66666666666666,0.48084401230730733,0.17206231491541008,0.09156693481553249,0.2555267379617502,0.3470936727772827
227.77777777777777,0.45857524692278373,0.18238520736425612,0.08410048946858593,0.27493905624437426,0.3590395457129602
228.88888888888889,0.4405952662060879,0.18986551392341514,0.07821196637543659,0.29132725349506033,0.369539219870497
230.0,0.42654279391791006,0.19487651491981747,0.07360981742983297,0.3049708737324395,0.37858069116227244
230.0,0.42654279391791006,0.19487651491981747,0.07360981742983297,0.3049708737324395,0.37858069116227244
231.11111111111111,0.471347060463121,0.1663803879184681,0.09671589548834539,0.2655566561300654,0.3622725516184108
232.22222222222223,0.5151970528784293,0.14132375413818163,0.11583124722202359,0.2276479457613656,0.3434791929833892
233.33333333333334,0.5495205951187816,0.12152906549958493,0.13271271699577422,0.19623762238585926,0.3289503393816335
234.44444444444446,0.5748801067547961,0.10617949433362492,0.147956908670659,0.17098349024092016,0.31894039891157916
235.55555555555554,0.5931626552192022,0.09424966502260833,0.16185795397799768,0.1507297257801917,0.3125876797581894
236.66666666666666,0.6060852238059062,0.08490630228449647,0.17461625754273635,0.13439221636686094,0.3090084739095973
237.77777777777777,0.6149864814727457,0.07752580136920523,0.18638689878715473,0.12110081837089424,0.307487717158049
238.88888888888889,0.6208698774952345,0.07165013373553183,0.19729355914100197,0.11018642962823173,0.3074799887692337
240.0,0.6244811682169416,0.06694281613038743,0.20743541836571627,0.10114059728695471,0.30857601565267095
240.0,0.6244811682169416,0.06694281613038743,0.20743541836571627,0.10114059728695471,0.30857601565267095
241.11111111111111,0.6235833579647567,0.08364016823370407,0.16898135599495437,0.12379511780658486,0.2927764738015392
242.22222222222223,0.6008330623563525,0.10327343754978699,0.1448588053434107,0.15103469475044976,0.29589350009386045
243.33333333333334,0.5700005897829659,0.12342719360937746,0.12689861365318886,0.17967360295446794,0.30657221660765677
244.44444444444446,0.5377078032970545,0.1422780994852735,0.11255838293088326,0.20745571428678886,0.3200140972176721
245.55555555555554,0.5074255250722085,0.1586674941801247,0.10093433945490077,0.23297264129276585,0.3339069807476666
246.66666666666666,0.4808444889048844,0.17205798514412518,0.09156696993528457,0.2555305560157058,0.3470975259509904
247.77777777777777,0.4585756760498371,0.18238095266433843,0.08410052420437716,0.2749428470814474,0.35904337128582453
248.88888888888889,0.4405956397920718,0.1898614074593866,0.07821199856487178,0.2913309541836699,0.3695429527485416
250.0,0.42654310845284843,0.19487260654645278,0.07360984567226948,0.30497443932842927,0.37858428500069874
250.0,0.42654310845284843,0.19487260654645278,0.07360984567226948,0.30497443932842927,0.37858428500069874
251.11111111111111,0.47134730063282815,0.16637726050657176,0.096715922617621,0.26555951624297913,0.36227543886060015
252.22222222222223,0.5151972386017376,0.14132126143847062,0.11583127124433983,0.22765022871545174,0.34348149995979155
253.33333333333334,0.549520743632232,0.12152705259477226,0.13271273755606575,0.19623946621692998,0.3289522037729957
254.44444444444446,0.5748802310949599,0.10617784155970411,0.14795692585388656,0.17098500149144955,0.3189419273453361
255.55555555555554,0.5931627648234445,0.0942482850858269,0.16185796785385104,0.15073098223687745,0.3125889500907285
256.6666666666667,0.6060853253273828,0.0849051319411998,0.174616268089344,0.13439327464207335,0.3090095427314174
257.77777777777777,0.6149865795123766,0.07752479445847792,0.18638690592941567,0.12110172009972986,0.3074886260291455
258.8888888888889,0.6208699751774736,0.07164925615106839,0.19729356280346966,0.11018720586798841,0.30748076867145807
260.0,0.6244812676132058,0.06694204232342198,0.20743541851210381,0.10114127155126859,0.3085766900633724
