Generation,xOC,xOB,xMMd,xMMr,total xMM
0.0,0.25,0.4444444444444444,0.2777777777777778,0.027777777777777776,0.3055555555555556
1.0344827586206897,0.39361770891078923,0.31363559039714295,0.2691771254522723,0.0235695752397955,0.29274670069206776
2.0689655172413794,0.44063760489162695,0.23997177483886672,0.2973908100828151,0.021999810186691122,0.3193906202695062
3.1034482758620694,0.4593656964539177,0.18684610688014003,0.3330982103149861,0.020689986350956147,0.35378819666594225
4.137931034482759,0.4650726727912969,0.14628900559421149,0.36933745591106565,0.019300865703425894,0.3886383216144915
5.172413793103448,0.4629682402005694,0.11507506759629275,0.40410334492785854,0.017853347275279315,0.42195669220313786
6.206896551724139,0.45565914006525937,0.09106548636771065,0.4368583017380857,0.016417071828944287,0.45327537356703
7.241379310344828,0.4448310833614732,0.07259342104906115,0.4675292954122966,0.015046200177169036,0.4825754955894656
8.275862068965518,0.43169321679310413,0.05834606138281918,0.49618831244618616,0.013772409377890475,0.5099607218240767
9.310344827586208,0.4171348259952466,0.04730784948553788,0.5229473394825027,0.0126099850367127,0.5355573245192154
10.344827586206897,0.4018085246249345,0.038705606883644265,0.5479240127496272,0.011561855741794108,0.5594858684914213
11.379310344827587,0.38618823818042836,0.03195634871293094,0.5712311835717396,0.010624229534901001,0.5818554131066407
12.413793103448278,0.3706133087920832,0.02662239238956962,0.5929745745971269,0.009789724221220226,0.6027642988183471
13.448275862068966,0.3553223588736896,0.02237529597596075,0.6132529999415174,0.009049345208832086,0.6223023451503494
14.482758620689657,0.3404790798313147,0.018968060380063656,0.6321591838576811,0.008393675930940604,0.6405528597886218
15.517241379310345,0.3261917175370161,0.016214205257572945,0.649780521139374,0.0078135560660371,0.6575940772054111
16.551724137931036,0.3125276968698745,0.013972226501015338,0.6661996378337586,0.007300438795351474,0.67350007662911
17.586206896551726,0.29952458019135303,0.012134125740822633,0.6814947415460517,0.006846552521772527,0.6883412940678243
18.620689655172416,0.28719826600704884,0.010616962970019614,0.6957398237950092,0.006444947227922289,0.7021847710229315
19.655172413793103,0.27554911981547486,0.009356630912729876,0.7090047735515352,0.006089475720260067,0.7150942492717953
20.689655172413794,0.26456655501974713,0.008303254602993687,0.7213554497327961,0.005774740644463155,0.7271301903772592
21.724137931034484,0.2542324539900231,0.0074177786487237985,0.7328537413934897,0.0054960259677633095,0.7383497673612529
22.758620689655174,0.24452371325551459,0.006669423488230158,0.7435576394212172,0.005249223835038178,0.7488068632562553
23.793103448275865,0.2354141327385729,0.006033779294104247,0.7535213250475804,0.005030762919742298,0.7585520879673227
24.827586206896555,0.22687580607604801,0.005491369655151538,0.7627952827481559,0.004837541520644497,0.7676328242688003
25.862068965517242,0.21888013866761769,0.005026562966441728,0.7714264314877065,0.004666866878234195,0.7760932983659407
26.896551724137932,0.21139858146311138,0.004626742510175588,0.77945827484774,0.004516401178972999,0.783974676026713
27.931034482758623,0.20440314981326824,0.004281670003118423,0.7869310661181501,0.004384114065463266,0.7913151801836134
28.965517241379313,0.1978667835421403,0.003982994673506367,0.7938819805192274,0.004268241265125983,0.7981502217843534
30.0,0.1917635842403312,0.0037238724214094694,0.8003452946032349,0.004167248735024452,0.8045125433382594
30.0,0.2740526343695516,0.005141163419968728,0.7151884058850184,0.005617796325461378,0.7208062022104798
31.0,0.3132102262097404,0.007404212123911851,0.6714673970968273,0.007918164569520493,0.6793855616663478
32.0,0.34746144409325685,0.010599198817209146,0.6308256984310189,0.011113658658515123,0.6419393570895341
33.0,0.38075536773503,0.014962172517323687,0.5888655212882464,0.015416938459399943,0.6042824597476463
34.0,0.41270442270836805,0.02077400737698639,0.5454251092666065,0.02109646064803906,0.5665215699146455
35.0,0.44227216713889933,0.02831520077751449,0.5009677795752537,0.02844485250833244,0.5294126320835861
36.0,0.46832800785008705,0.037817561129242686,0.45609975468605907,0.03775467633461118,0.49385443102067034
37.0,0.4898106179943229,0.04940465273525512,0.41149405077889656,0.04929067849152542,0.460784729270422
38.0,0.5058540029940959,0.0630277263527742,0.3678583494456705,0.06325992120745935,0.43111827065312985
39.0,0.5159036932679797,0.07841255787296425,0.3258980331959051,0.07978571566315101,0.4056837488590561
40.0,0.5198017214881894,0.09503649324023392,0.28626922122789067,0.0988925640436861,0.3851617852715768
41.0,0.5178147125527155,0.11215117359632984,0.24952688053303396,0.12050723331792086,0.3700341138509548
42.0,0.5105913852224534,0.12885423120094616,0.21607846800054042,0.14447591557606004,0.3605543835766004
43.0,0.4990568095562969,0.14419712004381066,0.18615471669915779,0.17059135370073475,0.35674607039989253
44.0,0.484270772230647,0.15730405969311523,0.159805088249542,0.19862007982669566,0.3584251680762377
45.0,0.46728649237254005,0.1674749351984033,0.13691789890892356,0.22832067352013294,0.3652385724290565
46.0,0.449040312096866,0.17425294058657187,0.11725807303641136,0.2594486742801508,0.3767067473165622
47.0,0.43028777875211016,0.1774503569835938,0.10051206374324045,0.29174980052105554,0.392261864264296
48.0,0.4115853659862646,0.1771367606582088,0.08633031617618105,0.32494755717934554,0.41127787335552657
49.0,0.3933063638563001,0.17359983160735978,0.07436112801728452,0.35873267651905566,0.4330938045363402
50.0,0.3756758883786145,0.1672901050955258,0.06427369729773617,0.39276030922812355,0.45703400652585974
51.0,0.35881169447786765,0.15875959257493627,0.05577107982516451,0.42665763312203175,0.48242871294719625
52.0,0.342761667053452,0.14860207835296965,0.0485952881618884,0.4600409664316899,0.5086362545935783
53.0,0.3275332856775536,0.137400893972725,0.042527115976056726,0.49253870437366476,0.5350658203497215
54.0,0.31311384847911744,0.12568809481443574,0.03738294724354944,0.5238151094628974,0.5611980567064468
55.0,0.299482459335386,0.1139170318425678,0.03301022215131283,0.5535902866707335,0.5866005088220463
56.0,0.28661583772751403,0.10244835549422025,0.02928263733867854,0.5816531694395872,0.6109358067782659
57.0,0.2744901987658996,0.09154777877837948,0.026095677168454467,0.6078663452872665,0.633962022455721
58.0,0.2630811117592719,0.08139277571963065,0.02336273678943511,0.6321633757316624,0.6555261125210974
59.0,0.25236268198628903,0.07208495575757723,0.021011892697461662,0.6545404695586722,0.6755523622561339
60.0,0.24230683235257258,0.06366506834613443,0.018983270212208605,0.6750448290890843,0.6940280993012929
61.0,0.2328830127839373,0.05612823105405086,0.017226915703515172,0.6937618404584966,0.7109887561620117
62.0,0.2240583748308621,0.04943777517330136,0.01570107637321952,0.710802773622617,0.7265038499958365
63.0,0.215798301097758,0.04353685510784546,0.01437080222766784,0.7262940415667287,0.7406648437943967
64.0,0.2080671330945743,0.038357553919904704,0.013206801741491537,0.7403685112440295,0.753575312985521
65.0,0.20082895398630204,0.03382760425652239,0.012184498695675665,0.7531589430614999,0.7653434417571755
66.0,0.19404832087935842,0.02987505328335015,0.011283250572965623,0.7647933752643259,0.7760766258372915
67.0,0.1876908834768681,0.026431278083882726,0.010485698474200054,0.7753921399650491,0.7858778384392492
68.0,0.18172386145886613,0.023432752400449564,0.009777225350987018,0.7850661607896973,0.7948433861406843
69.0,0.17611637824278914,0.020821915933672233,0.009145504180557245,0.7939162016429814,0.8030617058235386
70.0,0.17083966424828734,0.018547430982689628,0.00858012118553212,0.802032783583491,0.810612904769023
71.0,0.16586715049204126,0.016564044417028335,0.008072261796456454,0.809496543294474,0.8175688050909304
72.0,0.16117447566558057,0.014832214136160688,0.007614449077447139,0.8163788611208116,0.8239933101982588
73.0,0.15673942888384718,0.013317611356602766,0.007200325974022865,0.8227426337855271,0.8299429597595501
74.0,0.15254184759564143,0.011990573345436479,0.006824474107540984,0.828643104951381,0.8354675790589221
75.0,0.1485634867707541,0.010825554234556426,0.006482262996641025,0.8341286959980484,0.8406109589946894
76.0,0.14478787206356122,0.00980060244930761,0.006169724571187272,0.8392418009159439,0.8454115254871312
77.0,0.14120014654538918,0.008896880229059153,0.005883448683900007,0.8440195245416517,0.8499029732255517
78.0,0.13778691795044432,0.008098232108991877,0.005620496038321407,0.8484943539022424,0.8541148499405639
79.0,0.13453611122766573,0.007390803789131325,0.005378325555046545,0.8526947594281563,0.8580730849832029
80.0,0.13143682950438246,0.006762709559572775,0.005154733705617557,0.8566457272304273,0.8618004609360449
81.0,0.12847922528790168,0.006203744660831483,0.004947803768228496,0.8603692262830384,0.8653170300512668
82.0,0.12565438278928212,0.005705138122774737,0.00475586331334286,0.8638846157746002,0.8686404790879432
83.0,0.12295421158242267,0.005259341388688243,0.004577448521200283,0.8672089985076887,0.871786447028889
84.0,0.12037135135129128,0.004859848151357049,0.004411274176464397,0.8703575263208873,0.8747688004973517
85.0,0.11789908717799022,0.004501041145917676,0.004256208386202195,0.8733436632898899,0.8775998716760921
86.0,0.115531274643145,0.004178062056840381,0.004111251233090032,0.8761794120669246,0.8802906633000146
87.0,0.1132622739151534,0.0038867011396914266,0.003975516712250281,0.8788755082329048,0.882851024945155
88.0,0.1110868919708366,0.003623303594200916,0.0038482174125198847,0.8814415870224426,0.8852898044349624
89.0,0.10900033209776816,0.0033846901324933905,0.003728651495485609,0.8838863262742528,0.8876149777697384
90.0,0.10699814986367218,0.0031680895548409052,0.0036161916018192975,0.8862175689796675,0.8898337605814869
91.0,0.10507621479024386,0.002971081471401936,0.0035102753772268463,0.8884424283611273,0.8919527037383542
92.0,0.10323067702998033,0.0027915475925290303,0.0034103973620897535,0.8905673780154009,0.8939777753774907
93.0,0.10145793840977001,0.0026276302549888505,0.003316102031602024,0.8925983293036391,0.8959144313352411
94.0,0.09975462727042235,0.002477697060550765,0.003226977808506974,0.89454069786052,0.8977676756690269
95.0,0.09811757659459766,0.0023403106809656176,0.0031426518997441067,0.8963994608246927,0.8995421127244367
96.0,0.09654380497521488,0.0022142030334565284,0.0030627858325113686,0.8981792061588173,0.9012419919913287
97.0,0.09503050003149976,0.0020982531573127336,0.0029870715853211097,0.8998841752258663,0.9028712468111875
98.0,0.09357500392999053,0.0019914682284903253,0.0029152282263064226,0.9015182996152127,0.9044335278415191
99.0,0.09217480071294265,0.001892967238354253,0.002846998984913672,0.9030852330637894,0.9059322320487031
100.0,0.09082750517679568,0.0018019669375180473,0.002782148694685308,0.904588379191001,0.9073705278856863
101.0,0.08953085307892972,0.00171776970844908,0.002720461554494699,0.9060309156581265,0.9087513772126212
102.0,0.0882826924821822,0.0016397530830646013,0.0026617391636707087,0.9074158152710825,0.9100775544347531
103.0,0.08708097607388467,0.0015673606656026393,0.0026057987932142667,0.9087458644672984,0.9113516632605126
104.0,0.08592375431990092,0.0015000942580055202,0.0025524718609847476,0.9100236795611087,0.9125761514220935
105.0,0.08480916933467815,0.0014375070160709265,0.0025016025835040336,0.9112517210657469,0.9137533236492509
106.0,0.08373544936602478,0.0013791974906835578,0.0024530467810418917,0.9124323063622498,0.9148853531432917
107.0,0.08270090380853978,0.0013248044303556623,0.002406670816032974,0.9135676209450716,0.9159742917611046
108.0,0.0817039186726509,0.001274002239757437,0.002362350647736758,0.9146597284398549,0.9170220790875916
109.0,0.0807429524473497,0.0012264970044754979,0.002319970988472949,0.9157105795597018,0.9180305505481748
110.0,0.07981653230419992,0.0011820230053714768,0.002279424548817463,0.9167220201416112,0.9190014446904287
111.0,0.07892325059825776,0.0011403396570166347,0.0022406113608872936,0.9176957983838383,0.9199364097447256
112.0,0.07806176162838505,0.001101228814079773,0.0022034381703256514,0.9186335713872095,0.9208370095575352
113.0,0.0772307786252251,0.0010644923975178385,0.002167817888862775,0.9195369110883943,0.9217047289772571
114.0,0.07642907094000446,0.0010299502991891493,0.002133669100407134,0.9204073096603992,0.9225409787608063
115.0,0.07565546141144895,0.0009974385292683306,0.0021009156145449775,0.9212461844447378,0.9233471000592829
116.0,0.07490882389157566,0.0009668075757486416,0.002069486062117389,0.9220548824705582,0.9241243685326757
117.0,0.0741880809140435,0.0009379209495043479,0.0020393135282233267,0.9228346846082288,0.9248739981364522
118.0,0.07349220149119376,0.0009106538919643709,0.0020103352185814175,0.9235868093982605,0.9255971446168418
119.0,0.07282019902796727,0.0008848922255120073,0.0019824921556868703,0.9243124165908339,0.9262949087465207
120.0,0.0721711293426032,0.0008605313293523173,0.001955728901634591,0.9250126104264099,0.9269683393280446
121.0,0.07154408878546208,0.0008374752258447497,0.0019299933048557102,0.9256884426838374,0.9276184359886931
122.0,0.07093821244851602,0.0008156357642391097,0.0019052362683406516,0.9263409155189042,0.9282461517872448
123.0,0.07035267245905134,0.0007949318904248368,0.001881411537204912,0.926970984113319,0.9288523956505239
124.0,0.06978667635196384,0.0007752889927461879,0.0018584755036999269,0.9275795591515901,0.9294380346552901
125.0,0.06923946551572445,0.0007566383151827115,0.0018363870279860266,0.9281675091411068,0.9300038961690928
126.0,0.06871031370767328,0.0007389164302735454,0.0018151072731718962,0.9287356625888814,0.9305507698620532
127.0,0.06819852563478505,0.0007220647650995952,0.0017945995532889308,0.9292848100468264,0.9310794096001154
128.0,0.06770343559645337,0.0007060291744498406,0.0017748291930126405,0.9298157060360841,0.9315905352290968
129.0,0.06722440618617911,0.0006907595560041993,0.001755763398069482,0.9303290708597473,0.9320848342578167
130.0,0.06676082704933221,0.000676209502980299,0.0017373711353785891,0.9308255923123088,0.9325629634476874
131.0,0.06631211369439355,0.0006623359902277233,0.0017196230220758108,0.9313059272933029,0.9330255503153787
132.0,0.06587770635528496,0.0006490990902215419,0.001702491222653913,0.9317707033318395,0.9334731945544934
133.0,0.06545706890256557,0.0006364617158164383,0.0016859493535293717,0.9322205200280885,0.9339064693816179
134.0,0.06504968780141684,0.0006243893869813178,0.0016699723944139627,0.9326559504171879,0.9343259228116018
135.0,0.06465507111446506,0.0006128500190487413,0.0016545366059296195,0.9330775422605565,0.9347320788664861
136.0,0.06427274754759617,0.0006018137302896328,0.0016396194529585903,0.9334858192691555,0.9351254387221141
137.0,0.06390226553701268,0.0005912526668664855,0.0016251995332686813,0.9338812822628522,0.935506481796121
138.0,0.0635431923758657,0.0005811408434320222,0.001611256510995982,0.9342644102697063,0.9358756667807022
139.0,0.063195113378869,0.0005714539978286862,0.0015977710546055922,0.9346356615686967,0.9362334326233024
140.0,0.06285763108336846,0.0005621694585106388,0.0015847247789849898,0.9349954746791359,0.9365801994581209
141.0,0.06253036448540183,0.0005532660234569141,0.001572100191355315,0.9353442692997859,0.9369163694911412
142.0,0.0622129483093392,0.000544723849474423,0.0015598806407133563,0.935682447200473,0.9372423278411863
143.0,0.06190503230974686,0.0005365243509047072,0.0015480502705417904,0.9360103930688067,0.9375584433393486
144.0,0.061606280604166674,0.0005286501068505274,0.0015365939745475524,0.9363284753144352,0.9378650692889827
145.0,0.06131637103554858,0.000521084776129103,0.0015254973552083764,0.936637046833114,0.9381625441883225
146.0,0.06103499456311867,0.0005138130192394877,0.0015147466849257446,0.9369364457327161,0.9384511924176419
147.0,0.06076185468050786,0.0005068204267033605,0.001504328869599012,0.9372269960231897,0.9387313248927888
148.0,0.0604966668600062,0.0005000934532024757,0.0014942314144504043,0.937509008272341,0.9390032396867914
149.0,0.06023915802184809,0.0004936193569930745,0.001484442391944186,0.9377827802292147,0.9392672226211589
150.0,0.05998906602747205,0.0004873861441285079,0.0014749504116556378,0.9380485974167438,0.9395235478283994
151.0,0.05974613919573544,0.0004813825170668653,0.0014657445919567264,0.9383067336952409,0.9397724782871976
152.0,0.05951013584110152,0.00047559782728114877,0.0014568145333955956,0.9385574517982218,0.9400142663316173
153.0,0.059280823832851194,0.0004700220315260373,0.001448150293656355,0.9388010038419664,0.9402491541356227
154.0,0.0590579801744068,0.0004646456514480149,0.0014397423639942032,0.939037631810151,0.9404773741741452
155.0,0.05884139060188873,0.00045945973625500505,0.0014315816470487229,0.9392675680148076,0.9406991496618563
156.0,0.058630849201058745,0.0004544558281880472,0.0014236594359453541,0.9394910355348078,0.9409146949707532
157.0,0.05842615804183606,0.00044962593056127847,0.0014159673946016222,0.939708248633001,0.9411242160276025
158.0,0.058227126829603466,0.0004449624781578441,0.001408497539160711,0.9399194131530779,0.9413279106922386
159.0,0.058033572572551324,0.0004404583097886015,0.0014012422204805184,0.9401247268971795,0.9415259691176601
160.0,0.05784531926433714,0.0004361066428378374,0.0013941941076114218,0.9403243799852137,0.9417185740928251
161.0,0.05766219758136702,0.00043190104963587586,0.0013873461722006628,0.9405185551967964,0.941905901368997
162.0,0.05748404459403374,0.00042783543551260715,0.0013806916737655966,0.9407074282966881,0.9420881199704536
163.0,0.05731070349127319,0.00042390401839875275,0.0013742241457820124,0.940891168344546,0.942265392490328
164.0,0.05714202331782776,0.0004201013098532641,0.0013679373825374373,0.9410699379897816,0.9424378753723189
165.0,0.05697785872363019,0.0004164220974057308,0.0013618254267027125,0.9412438937522614,0.9426057191789641
166.0,0.056818069724747275,0.000412861428112178,0.001355882557578285,0.9414131862895623,0.9427690688471405
167.0,0.05666252147534579,0.0004094145932312548,0.0013501032799745649,0.9415779606514484,0.9429280639314229
168.0,0.05651108405016702,0.00040607711393563786,0.0013444823136883868,0.9417383565222089,0.9430828388358973
169.0,0.05636363223701815,0.0004028447279805905,0.0013390145835401243,0.9418945084514612,0.9432335230350013
170.0,0.056220045338810885,0.00039971337725807786,0.0013336952099382978,0.9420465460739927,0.943380241283931
171.0,0.05608020698469791,0.0003966791961707287,0.0013285194999406939,0.9421945943191906,0.9435231138191312
172.0,0.055944004949878716,0.00039373850076529,0.0013234829387829892,0.942338773610573,0.9436622565493561
173.0,0.05581133098366471,0.00039088777857010376,0.0013185811818477303,0.9424792000559175,0.9437977812377651
174.0,0.05568208064541293,0.00038812367908559373,0.00131381004704826,0.9426159856284533,0.9439297956755015
175.0,0.055556153147954944,0.000385443004880811,0.0013091655076037634,0.9427492383395604,0.9440584038471641
176.0,0.05543345120816529,0.0003828427032528041,0.0013046436851831206,0.9428790624033989,0.9441837060885819
177.0,0.05531388090432935,0.0003803198584089697,0.0013002408433966312,0.9430055583938651,0.9443057992372618
178.0,0.05519735153998764,0.00037787168413564907,0.0012959533816159852,0.9431288233942606,0.9444247767758767
179.0,0.05508377551394724,0.00037549551691907145,0.0012917778291040517,0.9432489511400296,0.9445407289691337
180.0,0.05497306819616677,0.0003731888094873506,0.0012877108394371956,0.9433660321549087,0.9446537429943458
181.0,0.0548651478092343,0.0003709491247446259,0.0012837491852038814,0.9434801538808171,0.944763903066021
182.0,0.054759935315171544,0.0003687741300706235,0.0012798897529643105,0.9435914008017935,0.9448712905547577
183.0,0.05465735430731009,0.0003666615919609231,0.0012761295384567499,0.9436998545622723,0.944975984100729
184.0,0.054557330906997346,0.00036460937098505713,0.00127246564203708,0.9438055940799805,0.9450780597220176
185.0,0.05445979366490194,0.00036261541704126166,0.0012688952643388851,0.9439086956537179,0.9451775909180569
186.0,0.05436467346669923,0.00036067776488825766,0.0012654157021421645,0.9440092330662705,0.9452746487684127
187.0,0.054271903442927955,0.0003587945299358689,0.0012620243444394434,0.9441072776826966,0.9453693020271361
188.0,0.05418141888281941,0.0003569639042776077,0.0012587186686887294,0.9442028985442144,0.945461617212903
189.0,0.05409315715191003,0.0003551841529495654,0.00125549623724336,0.9442961624578969,0.9455516586951404
190.0,0.054007057613257664,0.0003534536104010712,0.0012523546939493886,0.9443871340823918,0.9456394887763412
191.0,0.053923061552090125,0.0003517706771636099,0.001249291760901674,0.9444758760098446,0.9457251677707463
192.0,0.05384111210372354,0.00035013381670544283,0.0012463052353503643,0.9445624488442206,0.9458087540795711
193.0,0.05376115418459551,0.0003485415524602548,0.0012433929867499333,0.9446469112761943,0.9458903042629443
194.0,0.05368313442626587,0.0003469924650189614,0.0012405529539433753,0.9447293201547717,0.9459698731087153
195.0,0.05360700111224501,0.0003454851894745616,0.0012377831424745874,0.9448097305558059,0.9460475136982804
196.0,0.05353270411751659,0.00034401841291061377,0.0012350816220223586,0.9448881958475505,0.9461232774695727
197.0,0.053460194850628154,0.00034259087202455525,0.0012324465239497585,0.9449647677533975,0.9461972142773474
198.0,0.05338942619822883,0.00034120135087767974,0.0012298760389630584,0.9450394964119304,0.9462693724508935
199.0,0.05332035247194016,0.0003398486787641364,0.0012273684148746571,0.945112430434421,0.9463397988492956
200.0,0.05325292935745078,0.0003385317281918254,0.0012249219544647758,0.9451836169598926,0.9464085389143574
201.0,0.05318711386573147,0.0003372494129685359,0.0012225350134369842,0.945253101707863,0.9464756367213
202.0,0.053122864286272435,0.0003360006863871119,0.001220205998462893,0.9453209290288777,0.9465411350273405
203.0,0.05306014014224872,0.0003347845395038384,0.0012179333653115933,0.9453871419529358,0.9466050753182476
204.0,0.05299890214752524,0.00033359999950461646,0.0012157156170596768,0.9454517822359104,0.9466674978529702
205.0,0.05293911216541656,0.0003324461281538485,0.001213551302377883,0.9455148904040517,0.9467284417064297
206.0,0.05288073316912065,0.0003313220203212801,0.0012114390138906455,0.9455765057966674,0.946787944810558
207.0,0.05282372920375082,0.00033022680258234843,0.001209377386605001,0.9456366666070618,0.9468460439936668
208.0,0.05276806534989218,0.00032915963188786884,0.0012073650964055176,0.9456954099218144,0.9469027750182201
209.0,0.05271370768861406,0.0003281196942991541,0.0012054008586120778,0.9457527717584746,0.9469581726170868
210.0,0.052660623267872075,0.0003271062037849057,0.0012034834265975134,0.9458087871017455,0.9470122705283431
211.0,0.05260878007023742,0.0003261184010764419,0.0012016115904622566,0.945863489938224,0.9470651015286862
212.0,0.052558146981893886,0.00032515555257804434,0.0011997841757633155,0.9459169132897647,0.9471166974655281
213.0,0.05250869376284559,0.000324216949329396,0.0011980000422950204,0.9459690892455301,0.9471670892878251
214.0,0.05246039101828169,0.0003233019060172742,0.0011962580829191268,0.946020048992782,0.947216307075701
215.0,0.05241321017104683,0.00032240976003383075,0.0011945572224419806,0.9460698228464773,0.9472643800689193
216.0,0.052367123435168215,0.0003215398705789538,0.0011928964165365743,0.9461184402777162,0.9473113366942527
217.0,0.052322103790393044,0.0003206916178043544,0.001191274650707427,0.9461659299410953,0.9473572045918026
218.0,0.05227812495769189,0.0003198644019971632,0.0011896909392963351,0.9462123197010146,0.9474020106403108
219.0,0.052235161375686,0.0003190576428009526,0.0011881443245271347,0.9462576366569859,0.947445780981513
220.0,0.05219318817795837,0.00031827077847222164,0.0011866338755877129,0.9463019071679817,0.9474885410435693
221.0,0.05215218117121047,0.0003175032651704978,0.0011851586877475921,0.9463451568758714,0.9475303155636191
222.0,0.05211211681422796,0.00031675457628031485,0.0011837178815094988,0.9463874107279823,0.9475711286094918
223.0,0.052072972197621206,0.000316024201763427,0.0011823106017934029,0.946428692998822,0.9476110036006155
224.0,0.05203472502430722,0.00031531164753971605,0.001180936017151596,0.9464690273110016,0.9476499633281531
225.0,0.05199735359070173,0.0003146164348953325,0.0011795933190134398,0.9465084366553894,0.9476880299744029
226.0,0.05196083676859144,0.0003139380999166975,0.0011782817209584897,0.9465469434105335,0.9477252251314919
227.0,0.05192515398765779,0.00031327619294906805,0.0011770004580167555,0.9465845693613764,0.9477615698193932
228.0,0.05189028521862522,0.0003126302780784427,0.0011757487859949333,0.9466213357173014,0.9477970845032964
229.0,0.05185621095700777,0.0003119999326356499,0.0011745259808274822,0.9466572631295291,0.9478317891103567
230.0,0.05182291220742936,0.00031138474672152934,0.0011733313379514913,0.9466923717078977,0.9478657030458492
231.0,0.051790370468494204,0.00031078432275217317,0.00117216417170432,0.9467266810370493,0.9478988452087536
232.0,0.051758567718184816,0.0003101982750232527,0.0011710238147430512,0.9467602101920489,0.947931234006792
233.0,0.05172748639976608,0.0003096262292925086,0.0011699096174848389,0.9467929777534566,0.9479628873709415
234.0,0.051697109408174985,0.0003090678223795321,0.0011688209475672771,0.9468250018218783,0.9479938227694455
235.0,0.051667420076876365,0.0003085227017820123,0.0011677571893279567,0.9468563000320137,0.9480240572213416
236.0,0.051638402165166214,0.00030799052530766993,0.0011667177433024199,0.9468868895662237,0.948053607309526
237.0,0.05161003984590442,0.000307470960721135,0.0011657020257397495,0.9469167871676347,0.9480824891933745
238.0,0.05158231769366013,0.000306963685405072,0.0011647094681350796,0.9469460091527997,0.9481107186209348
239.0,0.05155522067325365,0.0003064683860348869,0.0011637395167783356,0.9469745714239332,0.9481383109407114
240.0,0.05152873412867876,0.00030598475826638726,0.0011627916323185454,0.9470024894807362,0.9481652811130548
241.0,0.051502843772391435,0.00030551250643580147,0.001161865289343105,0.9470297784318297,0.9481916437211729
242.0,0.05147753567495013,0.000305051343271589,0.0011609599759713873,0.9470564530058069,0.9482174129817783
243.0,0.05145279625499441,0.0003046009896175091,0.0011600751934621382,0.9470825275619259,0.948242602755388
244.0,0.05142861226954896,0.00030416117416643665,0.0011592104558341048,0.9471080161004506,0.9482672265562846
245.0,0.05140497080464035,0.0003037316332044436,0.0011583652894993804,0.9471329322726558,0.9482912975621552
246.0,0.05138185926621518,0.0003033121103646879,0.001157539232908971,0.9471572893905111,0.9483148286234202
247.0,0.05135926537134776,0.0003029023563906742,0.0011567318362101036,0.9471811004360514,0.9483378322722615
248.0,0.05133717713972677,0.0003025021289084735,0.0011559426609148282,0.9472043780704499,0.9483603207313648
249.0,0.051315582885410556,0.000302111192207508,0.0011551712795794752,0.9472271346428025,0.948382305922382
250.0,0.051294471208841015,0.0003017293170295289,0.0011544172754945584,0.947249382198635,0.9484037994741294
251.0,0.051273830989106504,0.00030135628036543174,0.0011536802423847223,0.9472711324881433,0.9484248127305281
252.0,0.051253651376444914,0.00030099186525957066,0.0011529597841183584,0.9472923969741771,0.9484453567582954
253.0,0.05123392178497793,0.0003006358606212525,0.0011522555144265242,0.9473131868399743,0.9484654423544009
254.0,0.05121463188566827,0.00030028806104310276,0.0011515670566308207,0.9473335129966577,0.9484850800532886
255.0,0.05119577159949186,0.0002999482666260151,0.0011508940433798953,0.9473533860905022,0.9485042801338821
256.0,0.05117733109081719,0.00029961628281040465,0.0011502361163942484,0.9473728165099782,0.9485230526263725
257.0,0.051159300760984724,0.0002992919202135035,0.001149592926219044,0.9473918143925828,0.9485414073188019
258.0,0.05114167124207902,0.00029897499447244686,0.001148964131984629,0.9474103896314638,0.9485593537634486
259.0,0.05112443339088694,0.00029866532609290906,0.0011483494011744835,0.9474285518818457,0.9485769012830203
260.0,0.05110757828303556,0.0002983627403030632,0.001147748409400329,0.947446310567261,0.9485940589766613
261.0,0.05109109720730335,0.0002980670669126456,0.0011471608401841483,0.9474636748855998,0.948610835725784
262.0,0.05107498166009871,0.000297778140176918,0.0011465863847468579,0.9474806538149776,0.9486272401997243
263.0,0.05105922334010025,0.0002974957986653295,0.0011460247418034028,0.947497256119431,0.9486432808612345
264.0,0.05104381414305311,0.0002972198851346903,0.001145475617364053,0.9475134903544481,0.9486589659718122
265.0,0.05102874615671625,0.000296950246406676,0.0011449387245416704,0.9475293648723354,0.9486743035968771
266.0,0.051014011655955344,0.00029668673324949123,0.0011444137833647504,0.9475448878274304,0.9486893016107952
267.0,0.05099960309797673,0.0002964292002635278,0.0011439005205960324,0.9475600671811638,0.9487039677017599
268.0,0.05098551311769736,0.00029617750577086134,0.001143398669556484,0.9475749107069752,0.9487183093765318
269.0,0.05097173452324665,0.0002959315117084364,0.0011429079699544831,0.9475894259950903,0.9487323339650447
270.0,0.05095826029159542,0.00029569108352479634,0.0011424281677200106,0.9476036204571597,0.9487460486248798
271.0,0.050945083564308186,0.0002954560900802217,0.0011419590148436921,0.9476175013307679,0.9487594603456116
272.0,0.05093219764341464,0.00029522640355014653,0.0011415002692205178,0.9476310756838148,0.9487725759530352
273.0,0.050919595987396156,0.0002950018993317273,0.0011410516944980887,0.947644350418774,0.9487854021132721
274.0,0.05090727220728424,0.0002947824559534444,0.0011406130599292367,0.9476573322768331,0.9487979453367624
275.0,0.05089522006286679,0.0002945679549876225,0.0011401841402288691,0.9476700278419168,0.9488102119821455
276.0,0.05088343345899892,0.00029435828096576063,0.0011397647154349057,0.9476824435446004,0.9488222082600353
277.0,0.050871906442015065,0.00029415332129656543,0.0011393545707731663,0.9476945856659152,0.9488339402366884
278.0,0.05086063319623918,0.0002939529661865895,0.0011389534965260835,0.9477064603410481,0.9488454138375743
279.0,0.05084960804059001,0.0002937571085633775,0.0011385612879051172,0.9477180735629416,0.9488566348508466
280.0,0.05083882542527815,0.0002935656440010277,0.0011381777449267472,0.9477294311857941,0.9488676089307209
281.0,0.050828279928592526,0.0002933784706480824,0.0011378026722919314,0.9477405389284675,0.9488783416007595
282.0,0.05081796625377318,0.0002931954891576607,0.0011374358792689194,0.9477514023778002,0.948888838257069
283.0,0.050807879225967856,0.00029301660261975493,0.0011370771795793128,0.9477620269918331,0.9488991041714124
284.0,0.050798013789269784,0.00029284171649561074,0.001136726391287268,0.9477724181029473,0.9489091444942346
285.0,0.05078836500383417,0.0002926707385541189,0.001136383336691747,0.9477825809209199,0.9489189642576116
286.0,0.05077892804307123,0.00029250357881014543,0.0011360478422217165,0.9477925205358968,0.9489285683781187
287.0,0.05076969819091305,0.0002923401494647331,0.0011357197383342038,0.9478022419212879,0.9489379616596222
288.0,0.05076067083915254,0.0002921803648471074,0.0011353988594151219,0.9478117499365851,0.9489471487960003
289.0,0.05075184148485184,0.00029202414135842496,0.0011350850436827801,0.9478210493301069,0.9489561343737897
290.0,0.05074320572781859,0.00029187139741720334,0.0011347781330939902,0.9478301447416702,0.9489649228747641
291.0,0.05073475926814785,0.00029172205340637455,0.0011344779732526992,0.9478390407051931,0.9489735186784458
292.0,0.050726497903827564,0.0002915760316219059,0.001134184413321063,0.9478477416512295,0.9489819260645506
293.0,0.05071841752840608,0.00029143325622293524,0.0011338973059328912,0.9478562519094381,0.9489901492153711
294.0,0.0507105141287197,0.0002912936531833689,0.0011336165071093897,0.9478645757109875,0.9489981922180969
295.0,0.050702783782678465,0.0002911571502448928,0.001133341876177135,0.9478727171908996,0.9490060590670767
296.0,0.05069522265710868,0.0002910236768713487,0.0011330732756882084,0.9478806803903317,0.9490137536660199
297.0,0.050687827005650526,0.0002908931642044316,0.0011328105713424332,0.9478884692588027,0.9490212798301452
298.0,0.05068059316670887,0.0002907655450206621,0.0011325536319116431,0.9478960876563589,0.9490286412882705
299.0,0.05067351756145647,0.000290640753689593,0.0011323023291659317,0.947903539355688,0.949035841684854
300.0,0.05066659669188714,0.0002905187261332093,0.0011320565378018172,0.9479108280441777,0.9490428845819795
301.0,0.05065982713891834,0.00029039939978648196,0.0011318161353722728,0.9479179573259229,0.9490497734612952
302.0,0.05065320556054123,0.00029028271355903797,0.0011315810022185623,0.9479249307236812,0.9490565117258997
303.0,0.05064672869001719,0.00029016860779791095,0.0011313510214038334,0.9479317516807811,0.9490631027021849
304.0,0.05064039333411941,0.0002900570242513373,0.0011311260786484158,0.9479384235629809,0.9490695496416292
305.0,0.05063419637141812,0.00028994790603356353,0.001130906062266777,0.9479449496602815,0.9490758557225484
306.0,0.05062813475060861,0.0002898411975906336,0.0011306908631060846,0.9479513331886947,0.9490820240518008
307.0,0.050622205488880544,0.0002897368446671245,0.001130480374486335,0.947957577291966,0.9490880576664522
308.0,0.05061640567032776,0.0002896347942738,0.0011302744921419992,0.9479636850432565,0.9490939595353984
309.0,0.050610732444396976,0.00028953499465615403,0.0011300731141651442,0.9479696594467817,0.9490997325609468
310.0,0.05060518302437499,0.0002894373952638155,0.0011298761409499918,0.9479755034394112,0.9491053795803611
311.0,0.050599754685912664,0.00028934194672078833,0.0011296834751388695,0.9479812198922276,0.9491109033673666
312.0,0.050594444765585236,0.0002892486007964992,0.0011294950215695182,0.9479868116120487,0.9491163066336181
313.0,0.05058925065948765,0.0002891573103776309,0.0011293106872237177,0.947992281342911,0.9491215920301348
314.0,0.050584169821864186,0.00028906802944071345,0.0011291303811771943,0.947997631767518,0.9491267621486951
315.0,0.050579199763771274,0.0002889807130254537,0.0011289540145507737,0.9480028655086524,0.9491318195232032
316.0,0.050574338051772874,0.00028889531720877775,0.0011287815004627476,0.9480079851305556,0.9491367666310183
317.0,0.050569582306667166,0.00028881179907956644,0.0011286127539824188,0.9480129931402708,0.9491416058942532
318.0,0.05056493020224425,0.00028873011671406263,0.001128447692084792,0.9480178919889568,0.9491463396810417
319.0,0.050560379464073504,0.0002886502291519296,0.0011282862336063828,0.9480226840731683,0.9491509703067745
320.0,0.05055592786832022,0.0002885720963729413,0.0011281282992021099,0.9480273717361049,0.9491555000353069
321.0,0.050551573240590696,0.00028849567927428704,0.0011279738113032462,0.9480319572688317,0.949159931080135
322.0,0.050547313454804614,0.00028842093964846955,0.0011278226940763965,0.9480364429114706,0.9491642656055469
323.0,0.050543146432094864,0.0002883478401617819,0.0011276748733834766,0.94804083085436,0.9491685057277435
324.0,0.05053907013973308,0.0002882763443333444,0.0011275302767426662,0.9480451232391909,0.9491726535159336
325.0,0.050535082590081014,0.0002882064165146862,0.0011273888332903096,0.948049322160114,0.9491767109934042
326.0,0.05053118183956691,0.0002881380218698548,0.0011272504737437408,0.9480534296648194,0.9491806801385632
327.0,0.05052736598768574,0.00028807112635603885,0.0011271151303650058,0.9480574477555932,0.9491845628859582
328.0,0.050523633176023486,0.00028800569670468947,0.0011269827369254615,0.9480613783903464,0.9491883611272719
329.0,0.050519981587304204,0.0002879417004031252,0.0011268532286712253,0.9480652234836214,0.9491920767122926
330.0,0.05051640944445973,0.0002878791056766079,0.001126726542289457,0.9480689849075742,0.9491957114498636
331.0,0.05051291500972119,0.00028781788147087426,0.0011266026158754474,0.9480726644929325,0.9491992671088079
332.0,0.05050949658373173,0.0002877579974351121,0.001126481388900494,0.9480762640299326,0.9492027454188331
333.0,0.050506152504680275,0.0002876994239053677,0.0011263628021805463,0.9480797852692338,0.9492061480714143
334.0,0.05050288114745547,0.0002876421318883724,0.0011262467978455956,0.9480832299228106,0.9492094767206561
335.0,0.05049968092281934,0.00028758609304577637,0.0011261333193097948,0.9480865996648251,0.9492127329841349
336.0,0.050496550276600286,0.00028753127967877867,0.001126022311242288,0.9480898961324786,0.9492159184437209
337.0,0.05049348768890499,0.0002874776647131425,0.0011259137195387297,0.9480931209268432,0.949219034646382
338.0,0.05049049167334836,0.0002874252216845848,0.001125807491293479,0.9480962756136736,0.949222083104967
339.0,0.05048756077630176,0.0002873739247245298,0.0011257035747724512,0.9480993617242013,0.9492250652989738
340.0,0.05048469357615834,0.0002873237485462167,0.0011256019193866085,0.9481023807559088,0.9492279826752954
341.0,0.050481888682615585,0.000287274668431152,0.0011255024756660747,0.9481053341732872,0.9492308366489534
342.0,0.05047914473597435,0.00028722666021589684,0.0011254051952348586,0.9481082234085748,0.9492336286038097
343.0,0.050476460406454204,0.00028717970027918,0.00112531003078617,0.9481110498624804,0.9492363598932665
344.0,0.050473834393524424,0.0002871337655293282,0.0011252169360583145,0.9481138149048879,0.9492390318409462
345.0,0.05047126542525051,0.00028708883339200483,0.00112512586581115,0.9481165198755463,0.9492416457413574
346.0,0.050468752257655736,0.0002870448817982494,0.0011250367758030972,0.9481191660847429,0.9492442028605459
347.0,0.05046629367409727,0.00028700188917280873,0.0011249496227686805,0.9481217548139612,0.94924670443673
348.0,0.05046388848465679,0.00028695983442275267,0.0011248643643965953,0.9481242873165239,0.9492491516809204
349.0,0.05046153552554481,0.0002869186969263671,0.0011247809593082862,0.9481267648182204,0.9492515457775288
350.0,0.05045923365851897,0.000286878456522316,0.0011246993670370174,0.9481291885179217,0.9492538878849587
351.0,0.05045698177031533,0.0002868390934990664,0.0011246195480074336,0.9481315595881782,0.9492561791361857
352.0,0.05045477877209283,0.0002868005885845683,0.0011245414635155907,0.9481338791758069,0.9492584206393226
353.0,0.050452623598890405,0.00028676292293618416,0.0011244650757094496,0.9481361484024639,0.9492606134781734
354.0,0.05045051520909642,0.00028672607813086013,0.0011243903475698193,0.9481383683652029,0.9492627587127728
355.0,0.05044845258393021,0.0002866900361555335,0.0011243172428917396,0.9481405401370225,0.9492648573799142
356.0,0.05044643472693539,0.00028665477939777,0.001124245726266293,0.9481426647674005,0.9492669104936668
357.0,0.05044446066348478,0.0002866202906366254,0.001124175763062835,0.9481447432828157,0.9492689190458786
358.0,0.05044252944029642,0.0002865865530337248,0.0011241073194116309,0.9481467766872582,0.9492708840066699
359.0,0.050440640124960676,0.00028655355012455414,0.0011240403621868918,0.9481487659627278,0.9492728063249146
360.0,0.05043879180547798,0.00028652126580996023,0.0011239748589902008,0.9481507120697219,0.9492746869287122
361.0,0.05043698358980705,0.00028648968434785075,0.0011239107781343151,0.9481526159477107,0.9492765267258451
362.0,0.050435214605423356,0.00028645879034509245,0.0011238480886273422,0.9481544785156041,0.9492783266042314
363.0,0.05043348399888759,0.00028642856874959985,0.0011237867601572747,0.9481563006722056,0.9492800874323629
364.0,0.0504317909354237,0.0002863990048426113,0.001123726763076877,0.9481580832966567,0.9492818100597337
365.0,0.05043013459850671,0.0002863700842311475,0.001123668068388922,0.9481598272488733,0.9492834953172622
366.0,0.05042851418945954,0.00028634179284064634,0.0011236106477317553,0.9481615333699681,0.9492851440176998
367.0,0.050426928927059175,0.00028631411690777184,0.0011235544733651942,0.9481632024826678,0.9492867569560329
368.0,0.050425378047151505,0.0002862870429733913,0.0011234995181567458,0.9481648353917184,0.9492883349098752
369.0,0.050423860802274775,0.00028626055787571675,0.0011234457555681337,0.9481664328842813,0.9492898786398495
