Generation,xOC,xOB,xMMd,xMMr,total xMM
0.0,0.26666666666666666,0.4,0.26666666666666666,0.06666666666666667,0.3333333333333333
1.0169491525423728,0.45010051052451966,0.28991042961909963,0.20850103216261964,0.05148802769376111,0.25998905985638077
2.0338983050847457,0.5032997441943569,0.24785800455007018,0.20115531038825035,0.047686940867322475,0.24884225125557283
3.0508474576271185,0.5269650413949807,0.22210731119114352,0.20465273160031433,0.04627491581356136,0.2509276474138757
4.067796610169491,0.5409274540591676,0.20258578055496085,0.21098658745853827,0.04550017792733329,0.25648676538587156
5.084745762711864,0.5507031882401603,0.18646324533238365,0.21792592046078424,0.044907645966671815,0.26283356642745603
6.101694915254237,0.5581146359226362,0.1727147673517035,0.22479560806851065,0.044374988657149575,0.26917059672566024
7.11864406779661,0.5638858192065644,0.16084382781428522,0.23139669615427488,0.043873656824875436,0.27527035297915037
8.135593220338983,0.568382701574062,0.15053542249325863,0.23768102180567233,0.043400854127007095,0.2810818759326794
9.152542372881356,0.5718392829587529,0.14155369775082072,0.24364743151324558,0.042959587777180716,0.2866070192904263
10.169491525423728,0.5744304196338657,0.1337083718287073,0.24930815223525157,0.042553056302175485,0.29186120853742703
11.1864406779661,0.5762972444415906,0.12684140263448795,0.2546780141656281,0.04218333875829339,0.29686135292392146
12.203389830508474,0.577557458230471,0.12082003634276493,0.25977118534998184,0.04185132007678212,0.301622505426764
13.220338983050848,0.5783105171263819,0.11553218582655092,0.26460037594562064,0.04155692110144649,0.3061572970470671
14.23728813559322,0.5786409291362148,0.11088289399638573,0.2691768202384033,0.0412993566289961,0.31047617686739937
15.254237288135592,0.578620658073089,0.10679148304251694,0.2735105023046907,0.04107735657970325,0.31458785888439394
16.271186440677965,0.5783111087085466,0.10318918572682331,0.2776103755068314,0.04088933005779881,0.3184997055646302
17.28813559322034,0.5777646809225272,0.10001720195855919,0.28148462347548314,0.04073349364343066,0.3222181171189138
18.305084745762713,0.5770261476207543,0.09722506839060836,0.2851408264380338,0.04060795755060366,0.32574878398863744
19.322033898305083,0.5761337305710758,0.09476932310968171,0.28858615250448805,0.040510793814754434,0.32909694631924247
20.338983050847457,0.5751200842030513,0.09261238135231378,0.29182745692225864,0.040440077522376335,0.33226753444463497
21.35593220338983,0.5740130714760573,0.09072161283419684,0.29487139643200544,0.040393919257740475,0.33526531568974594
22.3728813559322,0.5728364437252625,0.08906857077089761,0.297724500076775,0.04037048542706483,0.3380949855038398
23.389830508474574,0.5716104096352808,0.0876283503528294,0.30039322927010437,0.04036801074178558,0.3407612400118899
24.406779661016948,0.5703521353412102,0.08637905421983698,0.3028840036617128,0.04038480677724004,0.34326881043895285
25.423728813559322,0.569076131015883,0.08530134898271664,0.3052032535073527,0.040419266494047756,0.3456225200014004
26.440677966101696,0.5677946481545477,0.0843780861812192,0.30735740255400623,0.04046986311022695,0.34782726566423317
27.457627118644066,0.5665179522786243,0.08359399526540032,0.30935290001289434,0.04053515244308091,0.34988805245597526
28.47457627118644,0.5652546065533569,0.08293541786862028,0.31119620606525683,0.04061376951276598,0.3518099755780228
29.491525423728813,0.5640116952046911,0.08239008832743396,0.31289378981920374,0.040704426648671285,0.35359821646787504
30.508474576271183,0.5627950233590094,0.08194694780703315,0.3144521184211576,0.04080591041279981,0.3552580288339574
31.525423728813557,0.5616092900619782,0.08159598782739577,0.3158776437509002,0.04091707835972589,0.35679472211062613
32.54237288135593,0.5604582393095039,0.08132811814331999,0.3171767868377146,0.04103685570946152,0.35821364254717614
33.559322033898304,0.5593447912687439,0.08113505527323644,0.3183559214254166,0.04116423203260313,0.3595201534580197
34.57627118644068,0.5582711575647122,0.08100922804575054,0.3194213563879474,0.041298258001589844,0.36071961438953726
35.59322033898305,0.5572389409610082,0.08094369784471034,0.32037931885640364,0.04143804233787787,0.3618173611942815
36.610169491525426,0.5562492241448173,0.08093209069787713,0.32123593637962444,0.04158274877768117,0.3628186851573056
37.62711864406779,0.5553026451432745,0.08096853987696377,0.3219972215667153,0.041731593413046345,0.3637288149797616
38.644067796610166,0.5543994646610191,0.08104763699883225,0.3226690562929272,0.04188384204722152,0.3645528983401487
39.66101694915254,0.5535396250455946,0.0811643901752256,0.32325717704531004,0.04203880773386974,0.3652959847791798
40.67796610169491,0.5527227998364974,0.08131418825027747,0.32376716328015087,0.042195848633074344,0.3659630119132252
41.69491525423729,0.5519484382291824,0.08149277056121841,0.32420442530897925,0.04235436590061999,0.3665587912095993
42.71186440677966,0.5512158054059474,0.08169619964418369,0.3245741933893035,0.04251380156056556,0.36708799494986905
43.728813559322035,0.5505240124361538,0.08192083917175949,0.32488151139499993,0.04267363699708683,0.36755514839208675
44.7457627118644,0.5498720471951347,0.08216333288669987,0.3251312288977598,0.042833391020405634,0.3679646199181654
45.762711864406775,0.5492587989553265,0.08242058783264779,0.32532799484112546,0.04299261837090037,0.3683206132120258
46.77966101694915,0.5486830807821238,0.08268975751654355,0.3254762536491637,0.04315090805216885,0.36862716170133253
47.79661016949152,0.5481436445342417,0.08296822850858679,0.32558024473583824,0.04330788222133336,0.3688881269571716
48.813559322033896,0.5476391993725793,0.08325360668505995,0.32564399940270483,0.04346319453965587,0.3691071939423607
49.83050847457627,0.5471684257581081,0.08354370595403209,0.3256713393771545,0.043616528910705284,0.3692878682878598
50.847457627118644,0.5467299853572639,0.08383653649485352,0.3256658798968368,0.04376759825104575,0.3694334781478825
51.86440677966102,0.5463225303347015,0.08413029480590123,0.3256310314985119,0.04391614336088544,0.36954717485939736
52.88135593220339,0.5459447137567504,0.08442335305199301,0.3255700016992725,0.044061931491984035,0.36963193319125653
53.89830508474576,0.5455951958649612,0.08471425040122249,0.3254857983817859,0.04420475535203041,0.3696905537338163
54.91525423728813,0.5452726484572405,0.08500168344747866,0.325381236085227,0.04434443201005371,0.3697256680952807
55.932203389830505,0.5449757604534279,0.08528449558908667,0.32525894248219145,0.04448080147529409,0.3697397439574856
56.94915254237288,0.5447032447961965,0.08556167135573922,0.32512135803821646,0.044613725809847724,0.3697350838480642
57.96610169491525,0.5444538419743867,0.08583232566440437,0.32497074464801323,0.044743087713195615,0.36971383236120886
58.983050847457626,0.5442263162214571,0.08609569702188093,0.3248091966697665,0.044868790086895545,0.369677986756662
60.0,0.544019459223612,0.08635113946485279,0.3246386464511583,0.04499075486037693,0.36962940131153527
60.0,0.544019459223612,0.08635113946485279,0.3246386464511583,0.04499075486037693,0.36962940131153527
60.668896321070235,0.5304427441764256,0.09593223791290012,0.3238606002789173,0.04976441763175698,0.37362501791067426
61.33779264214047,0.5224009418929092,0.10486387546483872,0.31853729035166944,0.05419789229058275,0.3727351826422522
62.0066889632107,0.5173903174515777,0.11344968493466323,0.31067959907198495,0.0584803985417742,0.36915999761375917
62.675585284280935,0.5139005606502149,0.12188117074079939,0.30148055522192646,0.06273771338705911,0.3642182686089856
63.34448160535117,0.5110740180767182,0.13026029062615183,0.29161954762889747,0.06704614366823261,0.3586656912971301
64.0133779264214,0.508443781320592,0.13862737525212596,0.2814803509155773,0.07144849251170472,0.35292884342728204
64.68227424749163,0.5057666787911735,0.14698322325525182,0.27128386774378543,0.07596623020978906,0.3472500979535745
65.35117056856187,0.5029251195611025,0.15530436484013307,0.2611629224010794,0.08060759319768493,0.3417705155987643
66.0200668896321,0.49987160052830515,0.16355310591674402,0.25120262874358096,0.0853726648113698,0.33657529355495075
66.68896321070234,0.4965978496269854,0.17168408522192957,0.2414615812660165,0.09025648388506874,0.33171806515108526
67.35785953177258,0.4931176812290718,0.17964862557369554,0.23198275451266057,0.09525093868457218,0.3272336931972327
68.02675585284281,0.48945734295765647,0.18739770529910219,0.2227990185817449,0.10034593316149645,0.32314495174324137
68.69565217391305,0.4856499159544108,0.19488405161192382,0.21393590870389886,0.10553012372976646,0.31946603243366534
69.36454849498328,0.48173191174750585,0.20206364764696186,0.20541303773613556,0.11079140286939673,0.31620444060553227
70.03344481605352,0.47774107781513586,0.20889681940748614,0.19724487069322358,0.11611723208415452,0.3133621027773781
70.70234113712374,0.47371489265125705,0.21534899882167824,0.18944122494277663,0.12149488358428812,0.3109361085270647
71.37123745819397,0.4696894843603201,0.2213912190503295,0.18200767284038427,0.12691162374896614,0.3089192965893504
72.04013377926421,0.4656988347554143,0.2270003812583742,0.17494592608148396,0.13235485790472762,0.3073007839862116
72.70903010033445,0.4617741955133651,0.23215932542373144,0.1682542302946774,0.13781224876822604,0.30606647906290346
73.37792642140468,0.4579436791527983,0.23685672797069485,0.16192778049800352,0.1432718123785032,0.3051995928765067
74.04682274247492,0.454231999695668,0.2410868596713592,0.15595914185744744,0.14872199877552522,0.3046811406329727
74.71571906354515,0.45066033785418,0.24484922918020766,0.1503386735260935,0.15415175943951892,0.3044904329656124
75.38461538461539,0.4472463196635878,0.24814813792717222,0.14505494009648812,0.15955060231275173,0.3046055424092398
76.05351170568562,0.4440040848038074,0.25099217599002377,0.14009510104041858,0.1649086381657503,0.30500373920616886
76.72240802675586,0.44094443241995646,0.25339367860454515,0.13544527225588415,0.1702166167196143,0.30566188897549845
77.3913043478261,0.43807502392899783,0.255368168123661,0.13109085257712563,0.17546595537021578,0.3065568079473414
78.06020066889633,0.43540063015002295,0.2569337981773238,0.12701681166995113,0.18064876000270214,0.30766557167265324
78.72909698996656,0.43292340325373807,0.25811081580586104,0.12320794176510712,0.1857578391752937,0.30896578094040084
79.39799331103679,0.4306431698322798,0.25892105126957793,0.1196490689817771,0.19078670991636512,0.3104357788981422
80.06688963210702,0.42855772786852797,0.25938744652053375,0.11632522831315974,0.19572959729777878,0.3120548256109385
80.73578595317726,0.426663134811804,0.2595336296825285,0.11322180605237842,0.20058142945328916,0.3138032355056676
81.40468227424749,0.42495399412243373,0.2593835322838351,0.11032465069140486,0.20533782290232616,0.31566247359373106
82.07357859531773,0.423423719631208,0.2589610590946586,0.10762015595420307,0.20999506531993042,0.3176152212741335
82.74247491638796,0.4220647809423029,0.2582898050255501,0.10509532152039919,0.2145500925117479,0.3196454140321471
83.4113712374582,0.4208689306868363,0.257392817383396,0.1027377922413649,0.2190004596884028,0.3217382519297677
84.08026755852842,0.4198274055625345,0.2562924032837939,0.10053588110582946,0.2233443100478421,0.32388019115367156
84.74916387959865,0.41893110653883886,0.2550099765405037,0.09847857768801542,0.22758033923264195,0.3260589169206574
85.41806020066889,0.41817075398621784,0.25356594211663913,0.09655554574775776,0.23170775814938524,0.32826330389714303
86.08695652173913,0.4175370224418263,0.25197961260415835,0.0947571115378153,0.23572625341620007,0.33048336495401537
86.75585284280936,0.41702065373068736,0.25026915367358965,0.09307424551921109,0.2396359470765118,0.33271019259572293
87.4247491638796,0.41661255137795467,0.24845155405589334,0.09149853877527363,0.24343735579087838,0.334935894566152
88.09364548494983,0.4163038572620945,0.24654261651915574,0.0900221758817758,0.24713135033697403,0.3371535262187498
88.76254180602007,0.41608601258637024,0.24455696621093936,0.08863790536399914,0.2507191158386912,0.3393570212026904
89.4314381270903,0.4159508051466614,0.2425080730621861,0.08733900872366476,0.25420211306748763,0.34154112179115237
90.10033444816054,0.4158904038989491,0.24040828567717645,0.08611926880912664,0.2575820416147478,0.3437013104238745
90.76923076923077,0.41589738327584075,0.23826887374434205,0.08497293826635673,0.2608608047134606,0.3458337429798174
91.43812709030101,0.41596473812578744,0.23610007705641473,0.08389470841512582,0.2640404764026722,0.34793518481779806
92.10702341137124,0.4160858911658997,0.23391115896320397,0.08287967903552235,0.267123270835374,0.35000294987089636
92.77591973244148,0.4162546938287389,0.23171046282397006,0.08192332920658843,0.2701115141407028,0.3520348433472912
93.44481605351172,0.4164654216055089,0.22950547004215854,0.08102148951411123,0.2730076188382213,0.3540291083523325
94.11371237458194,0.416712765793072,0.22730285812215797,0.08017031610229344,0.2758140599824766,0.35598437608477007
94.78260869565217,0.4169918232714432,0.2251085579972017,0.07936626505425323,0.2785333536771019,0.3578996187313552
95.45150501672241,0.417298078782414,0.22292781167711506,0.07860606968680585,0.28116803985366495,0.3597741095404708
96.12040133779264,0.4176273895901789,0.2207652266046394,0.07788671849500411,0.2837206653101776,0.36160738380518165
96.78929765886288,0.41797596828795974,0.2186248279642462,0.07720543475127545,0.28619376899651855,0.363399203747794
97.45819397993311,0.4183403632398708,0.21651010893541897,0.07655965791952056,0.2885898699051896,0.36514952782471016
98.12709030100334,0.41871743990845345,0.21442407787735326,0.0759470259537548,0.29091145626043863,0.3668584822141934
98.79598662207357,0.4191043610915693,0.2123693028697461,0.07536535937418115,0.2931609766645036,0.36852633603868473
99.4648829431438,0.41949856849328737,0.21034795316123522,0.07481264603163781,0.2953408323138397,0.3701534783454775
100.13377926421404,0.41989776269504847,0.20836183820424314,0.07428702770230908,0.2974533713983993,0.3717403991007084
100.80267558528428,0.4202998847832597,0.2064124435872694,0.07378678739280133,0.29950088423666954,0.37328767162947085
101.47157190635451,0.4207030992117505,0.20450096395529693,0.07331033770797957,0.30148559912497297,0.3747959368329526
102.14046822742475,0.42110577650405767,0.20262833364302868,0.07285621021730697,0.30340967963560667,0.3762658898529136
102.80936454849498,0.4215064767706488,0.20079525478151372,0.07242304569267594,0.30527522275516156,0.3776982684478375
103.47826086956522,0.4219039340270264,0.19900222299347234,0.07200958521929471,0.3070842577602066,0.3790938429795013
104.14715719063545,0.4222970416980365,0.19724955085512605,0.07161466187824178,0.30883874556859575,0.38045340744683753
104.81605351170569,0.42268483917128596,0.1955373887801742,0.07123719355869099,0.31054057848984884,0.3817777720485398
105.48494983277592,0.42306649926776707,0.19386574461108083,0.07087617564661101,0.3121915804745411,0.3830677561211521
106.15384615384616,0.4234413155173191,0.19223450120028004,0.07053067501476679,0.3137935082676341,0.38432418328240087
106.8227424749164,0.42380869014106476,0.19064343252476412,0.0701998243473053,0.31534805298686563,0.38554787733417095
107.49163879598663,0.42416812494626077,0.18909221759975656,0.06988281668901807,0.3168568407649645,0.3867396574539826
108.16053511705685,0.4245192117481064,0.18758045321363648,0.06957890072295447,0.31832143431530263,0.3879003350382571
108.82943143812709,0.42486162274828937,0.18610766584714394,0.06928737634285377,0.319743335061713,0.38903071140456674
109.49832775919732,0.42519510236666586,0.18467332197891195,0.06900759065784162,0.3211239849965807,0.39013157565442225
110.16722408026756,0.4255194598542182,0.18327683731115202,0.0687389342862626,0.3224647685483672,0.3912037028346298
110.8361204013378,0.4258345623644134,0.1819175850795399,0.06848083796299077,0.32376701459305585,0.3922478525560466
111.50501672240803,0.42614032796061824,0.18059490385871185,0.0682327693845254,0.32503199879614453,0.39326476818066997
112.17391304347825,0.42643672103439,0.17930810284683932,0.06799423080780341,0.3262609453109671,0.39425517611877053
112.84280936454849,0.42672374631129206,0.17805646919701723,0.06776475571369085,0.327455028778,0.3952197844916908
113.51170568561872,0.42700144453050964,0.17683927239346803,0.067543906798937,0.3286153762770854,0.39615928307602244
114.18060200668896,0.42726988700292357,0.1756557690495323,0.06733127394558296,0.3297430700019612,0.3970743439475441
114.84949832775919,0.42752917083569314,0.17450520723960922,0.06712647224955139,0.33083914967514644,0.39796562192469787
115.51839464882943,0.42777941629621347,0.17338683006032218,0.06692913991072294,0.33190461373274155,0.3988337536434645
116.18729096989966,0.4280207646438287,0.17229987826890278,0.06673893650458278,0.33294042058268564,0.39967935708726837
116.8561872909699,0.42825337585452683,0.1712435919343781,0.0665555417586094,0.3339474904524858,0.4005030322110952
117.52508361204013,0.4284774234434873,0.17021721512622595,0.06637865363841215,0.3349267077918746,0.4013053614302868
118.19397993311037,0.428693091997852,0.1692199968768306,0.0662079875863441,0.33587892353897325,0.40208691112531736
118.8628762541806,0.42890057503571494,0.1682511928867371,0.06604327529750435,0.33680495678004363,0.40284823207754794
119.53177257525084,0.42910007351262053,0.16731006772839738,0.06588426321684172,0.3377055955421404,0.4035898587589821
120.20066889632108,0.42929179624183655,0.16639589468982466,0.06573071162625056,0.33858159744208827,0.4043123090683388
120.86956521739131,0.4294759585286722,0.16550795710352134,0.06558239354876638,0.3394336908190399,0.4050160843678063
121.53846153846155,0.42965277745488817,0.16464555057257838,0.06543909412991239,0.34026257784262115,0.4057016719725335
122.20735785953178,0.42982247081503927,0.163807982977535,0.06530061007521082,0.34106893613221506,0.4063695462074259
122.876254180602,0.42998525380891267,0.1629945768811435,0.06516674870130337,0.34185342060864055,0.40702016930994395
123.54515050167224,0.430141345605437,0.16220466449744678,0.06503732774042666,0.34261666215668957,0.40765398989711626
124.21404682274247,0.43029096659461225,0.16143759490775567,0.06491217246657414,0.343359266031058,0.40827143849763214
124.88294314381271,0.43043433416361,0.16069272952779304,0.06479111778921263,0.34408181851938446,0.4088729363085971
125.55183946488295,0.43057165989895757,0.15996944538405897,0.06467400694956803,0.3447848877674155,0.40945889471698355
126.22073578595318,0.4307031554834837,0.15926713312786828,0.064560690438523,0.34546902095012505,0.410029711388648
126.88963210702342,0.43082902861078487,0.15858519800522985,0.06445102597477456,0.3461347474092108,0.41058577338398533
127.55852842809365,0.4309494837309489,0.1579230592277792,0.06434487810640797,0.3467825789348639,0.41112745704127185
128.22742474916387,0.4310647208281234,0.1572801515540607,0.06424211724935519,0.34741301036846056,0.41165512761781575
128.8963210702341,0.43117493531784024,0.15665592350876084,0.06414262006179326,0.34802652111160565,0.4121691411733989
129.56521739130434,0.4312803176006753,0.1560498379326833,0.06404626885269477,0.34862357561394675,0.4126698444666415
130.23411371237458,0.4313810539444851,0.15546137163206286,0.06395295109708744,0.3492046233263646,0.413157574423452
130.90301003344482,0.43147732601595873,0.15489001534036945,0.06386255912127055,0.34977009952240135,0.4136326586436719
131.57190635451505,0.4315693105136185,0.15433527329543348,0.06377499005045474,0.3503204261404932,0.414095416190948
132.2408026755853,0.43165717894108335,0.15379666335222925,0.06369014537039436,0.35085601233629304,0.4145461577066874
132.90969899665552,0.43174109749117084,0.15327371663134615,0.06360793078297335,0.35137725509450973,0.4149851858774831
133.57859531772576,0.43182122717888044,0.1527659772538928,0.0635282559460803,0.3518845396211465,0.4154127955672269
134.247491638796,0.43189772397789056,0.15227300204708286,0.06345103426024454,0.35237823971478194,0.41582927397502645
134.91638795986623,0.4319707388774314,0.15179436027634552,0.06337618265083066,0.35285871819539233,0.416234900846223
135.58528428093643,0.4320404177459476,0.15132963341355504,0.06330362140973103,0.35332632743076636,0.41662994884049737
136.25418060200667,0.4321069013669425,0.15087841487945425,0.06323327404244301,0.3537814097111604,0.4170146837536034
136.9230769230769,0.43217032581864057,0.15044030971084565,0.06316506709135372,0.35422429737916006,0.4173893644705138
137.59197324414714,0.43223082241607097,0.15001493417719686,0.06309892982128115,0.35465531358545105,0.41775424340673223
138.26086956521738,0.4322885172233807,0.14960191571471526,0.0630347943553448,0.3550747727065593,0.4181095670619041
138.9297658862876,0.43234353114807117,0.14920089281611054,0.0629725955432852,0.3554829804925332,0.41845557603581834
139.59866220735785,0.4323959811514294,0.14881151428898406,0.06291227058832,0.35588023397126656,0.41879250455958655
140.26755852842808,0.43244598032190745,0.1484334389110744,0.06285375894594529,0.3562668218210727,0.41912058076701797
140.93645484949832,0.4324936375242851,0.14806633556589016,0.06279700238328531,0.35664302452653945,0.4194400269098248
141.60535117056855,0.432539056791542,0.1477098829322497,0.06274194482869884,0.35700911544750946,0.4197510602762083
142.2742474916388,0.43258233795636597,0.14736376880284402,0.06268853219123507,0.357365361049555,0.4200538932407901
142.94314381270902,0.4326235755670754,0.14702769113275774,0.0626367126666519,0.35771202063351504,0.420348733300167
143.61204013377926,0.43266286158132117,0.14670135580323074,0.06258643597850327,0.3580493466369448,0.4206357826154481
144.2809364548495,0.43270028449473363,0.14638447757947268,0.0625376536978788,0.35837758422791494,0.4209152379257937
144.94983277591973,0.4327359294339327,0.14607677986718073,0.06249031912206864,0.3586969715768179,0.4211872906988866
145.61872909698997,0.43276987861975513,0.14577799331414967,0.062444386945575754,0.3590077411205195,0.4214521280660952
146.2876254180602,0.43280220931242164,0.14548785770040482,0.062399813777696024,0.35931011920947753,0.4217099329871736
146.95652173913044,0.43283299532632813,0.14520612022740814,0.06235655766485519,0.3596043267814084,0.4219608844462636
147.62541806020067,0.4328623073309332,0.14493253521555002,0.062314578028617944,0.3598905794248989,0.42220515745351683
148.2943143812709,0.4328902129994939,0.14466686503973167,0.062273835805920316,0.36016908615485405,0.4224429219607744
148.96321070234114,0.4329167781883679,0.14440887801505503,0.06223429297812822,0.36044005081844877,0.422674343796577
149.63210702341138,0.43294206590145257,0.14415835002045269,0.062195912925541934,0.36070367115255286,0.42289958407809475
150.30100334448161,0.43296613659250927,0.14391506264989867,0.062158660074383205,0.3609601406832088,0.42311880075759195
150.96989966555185,0.43298904729004817,0.14367880460546462,0.0621225001934203,0.36120964791106697,0.42333214810448727
151.63879598662209,0.433010851793041,0.14344937116135445,0.062087400271591674,0.361452376774013,0.42353977704560464
152.30769230769232,0.43303160067127433,0.14322656428023792,0.062053328549840296,0.3616885064986474,0.4237418350484878
152.97658862876256,0.4330513425832668,0.1430101908851752,0.062020254114848454,0.3619182124167097,0.42393846653155814
153.6454849498328,0.43307012737388556,0.14280006337061046,0.0619881467860355,0.3621416624694684,0.42412980925550386
154.31438127090303,0.4330880017314793,0.14259599941202236,0.06195697736646402,0.36235902149003424,0.42431599885649823
154.98327759197326,0.4331050079561952,0.14239782285225266,0.061926717886954405,0.36257045130459786,0.4244971691915522
155.6521739130435,0.43312118685218876,0.14220536262164005,0.06189734121879337,0.3627761093073778,0.4246734505261711
156.3210702341137,0.433136578274061,0.1420184524253729,0.06186882098418283,0.3629761483163832,0.42484496930056603
156.98996655518394,0.4331512196827161,0.14183693105666764,0.061841131707016335,0.3631707175535999,0.42501184926061625
157.65886287625418,0.43316514693579783,0.14166064200382106,0.061814248694231,0.3633599623661501,0.4251742110603811
158.3277591973244,0.43317839433305766,0.14148943337807995,0.06178814801950656,0.3635440242693559,0.4253321722888625
158.99665551839465,0.43319099453663795,0.14132315779126145,0.0617628065097196,0.36372304116238097,0.42548584767210057
159.66555183946488,0.4332029788204522,0.14116167212179426,0.06173820169138115,0.3638971473663723,0.4256353490577534
160.33444816053512,0.43321437704249766,0.14100483731440153,0.06171431176579373,0.3640664738773071,0.42578078564310085
161.00334448160535,0.43322521743450804,0.14085251849532407,0.06169111563436746,0.3642311484358005,0.425922264070168
161.6722408026756,0.4332355265826091,0.14070458512985173,0.061668592924053384,0.36439129536348586,0.42605988828753927
162.34113712374582,0.4332453297778183,0.14056091054394085,0.06164672389416881,0.36454703578407205,0.42619375967824086
163.01003344481606,0.433254651394416,0.14042137125788118,0.061625489312784935,0.36469848803491794,0.42632397734770294
163.67892976588627,0.4332635149353202,0.1402858476337417,0.061604870544366884,0.36484576688657117,0.42645063743093803
164.3478260869565,0.4332719455355975,0.1401542228091754,0.06158484920600263,0.3649889824492244,0.42657383165522705
165.01672240802674,0.43327996122090134,0.1400263847698038,0.06156540812645253,0.3651282458828423,0.4266936540092949
165.68561872909697,0.43328758314724547,0.13990222385850348,0.06154653021625074,0.3652636627780003,0.42681019299425105
166.3545150501672,0.4332948300704665,0.13978163392402806,0.06152819905075063,0.36539533695475496,0.42692353600550553
167.02341137123744,0.43330172068433076,0.1396645117123022,0.06151039860620987,0.36552336899715726,0.4270337676033671
167.69230769230768,0.43330827225542845,0.13955075712364648,0.061493113400245145,0.36564785722068,0.42714097062092515
168.36120401337791,0.433314501353694,0.13944027293663722,0.06147632839779621,0.36576889731187257,0.4272452257096687
169.03010033444815,0.43332042378854174,0.139332964787135,0.061460029013182,0.36588658241114136,0.42734661142432334
169.69899665551839,0.4333260545756503,0.1392287410789672,0.061444201100714496,0.36600100324466794,0.42744520434538247
170.36789297658862,0.4333314080809144,0.13912751282225033,0.06142883092186817,0.366112248174967,0.42754107909683525
171.03678929765886,0.43333649799797924,0.1390291935290356,0.06141390513235518,0.3662204033406301,0.4276343084729853
171.7056856187291,0.4333413372567752,0.1389336992614637,0.061399410796442906,0.36632555268531813,0.4277249634817611
172.37458193979933,0.4333459380074162,0.13884094877010844,0.06138533540613343,0.366427777816342,0.4278131132224754
173.04347826086956,0.4333503117168529,0.13875086334115136,0.06137166685348706,0.3665271580885087,0.42789882494199577
173.7123745819398,0.4333544694606203,0.13866336600202409,0.06135839330381013,0.3666237712335455,0.4279821645373556
174.38127090301003,0.4333584215999976,0.13857838232647166,0.061345503325493315,0.3667176927480375,0.4280631960735308
175.05016722408027,0.4333621783527468,0.13849583989430145,0.06133298577502977,0.36680899597792194,0.4281419817529517
175.7190635451505,0.43336574961497654,0.13841566836523678,0.06132082982010397,0.36689775219968274,0.4282185820197867
176.38795986622074,0.43336914497113066,0.13833779882186972,0.06130902484917342,0.3669840313578262,0.4282930562069996
177.05685618729098,0.4333723734820117,0.13826216675331282,0.06129756089676732,0.36706789886790825,0.4283654597646756
177.7257525083612,0.4333754444303251,0.1381887058069771,0.06128642773159493,0.36714942203110285,0.4284358497626977
178.39464882943145,0.4333783650213933,0.13811735427269684,0.0612756159210073,0.3672286647849025,0.42850428070590973
179.06354515050168,0.4333811408955751,0.13804805188114141,0.06126511635414293,0.36730569086914044,0.4285708072232834
179.73244147157192,0.43338377896313623,0.13798073975788044,0.06125492001611417,0.3673805612628691,0.42863548127898327
180.40133779264215,0.43338628694650244,0.1379153604672933,0.06124501803042669,0.36745333455577756,0.4286983525862042
181.0702341137124,0.4333886712816807,0.13785185843657194,0.06123540187878902,0.3675240684029585,0.4287594702817475
181.73913043478262,0.4333909379698725,0.1377901797752887,0.06122606331112978,0.36759281894370893,0.42881888225483866
182.40802675585286,0.4333930929031552,0.13773027215739023,0.06121699430456207,0.36765964063489254,0.4288766349394546
183.0769230769231,0.43339514163195964,0.13767208465308609,0.06120818705810699,0.36772458665684726,0.42893277371495425
183.74581939799333,0.43339708941198896,0.137615567860923,0.06119963400759948,0.3677877087194887,0.42898734272708816
184.41471571906357,0.4333989412490263,0.13756067368157376,0.061191327790924545,0.36784905727847533,0.42904038506939984
185.08361204013377,0.4334007018384399,0.13750735563974933,0.06118326129790745,0.3679086812239034,0.4290919425218109
185.752508361204,0.4334023757097341,0.13745556836118564,0.061175427586504905,0.3679666283425753,0.42914205592908017
186.42140468227424,0.4334039671848061,0.13740526790075655,0.061167819932301463,0.36802294498213595,0.42919076491443736
187.09030100334448,0.43340548042440274,0.1373564115288183,0.061160431795165046,0.36807767625161386,0.42923810804677887
187.7591973244147,0.4334069193868867,0.13730895772024018,0.06115325682000491,0.36813086607286827,0.4292841228928732
188.42809364548495,0.4334082877939639,0.13726286633781568,0.06114628886594447,0.3681825570022759,0.4293288458682204
189.09698996655518,0.4334095891952175,0.137218097958724,0.06113952190867223,0.36823279093738637,0.42937231284605865
189.76588628762542,0.43341082687528,0.13717461484051566,0.06113295018036178,0.3682816081038425,0.4294145582842042
190.43478260869566,0.4334120038871506,0.1371323805595955,0.06112656811745687,0.36832904743579703,0.4294556155532539
191.1036789297659,0.4334131231342509,0.13709135901357652,0.0611203702184566,0.368375147633716,0.4294955178521726
191.77257525083613,0.4334141872963043,0.1370515153285175,0.06111435117304155,0.36841994620213653,0.4295342973751781
192.44147157190636,0.4334151988301745,0.13701281585344624,0.06110850586120056,0.3684634794551787,0.42957198531637936
193.1103678929766,0.43341616004003886,0.13697522778612525,0.06110282929659597,0.36850578287723995,0.42960861217383595
193.77926421404683,0.4334170730556286,0.13693871925506365,0.061097316639441644,0.368546891049866,0.4296442076893076
194.44816053511707,0.4334179397953809,0.13690325946071874,0.061091963218661956,0.3685868375252384,0.42967880074390036
195.1170568561873,0.43341876356806497,0.13686881814592633,0.06108676433620188,0.3686256539498068,0.4297124182860087
195.7859531772575,0.43341954968716706,0.13683536525605985,0.06108171517344979,0.3686633698833233,0.42974508505677317
196.45484949832775,0.43342029660092224,0.13680287325211662,0.06107681179041912,0.3687000183565421,0.4297768301469612
197.12374581939798,0.4334210071937635,0.13677131434466758,0.061072049877356496,0.3687356285842124,0.42980767846156887
197.79264214046822,0.4334216833669946,0.13674066175016827,0.061067425343689793,0.3687702295391473,0.4298376548828371
198.46153846153845,0.43342232608190445,0.13671088963907793,0.06106293430758202,0.3688038499714355,0.42986678427901753
199.1304347826087,0.43342293750014077,0.13668197253849237,0.06105857284818569,0.3688365171131811,0.42989508996136677
199.79933110367892,0.4334235190241239,0.13665388563824027,0.06105433719712851,0.36886825814050733,0.42992259533763577
200.46822742474916,0.43342407208930056,0.13662660528053566,0.06105022375185426,0.3688990988783095,0.4299493226301638
201.1371237458194,0.4334245980355067,0.13660010976990775,0.061046229205238174,0.3689290629893474,0.4299752921945856
201.80602006688963,0.4334250981471842,0.13657437714836532,0.06104235021398549,0.3689581744904649,0.43000052470445044
202.47491638795987,0.433425573928906,0.13654938209424966,0.061038582921063754,0.3689864610557806,0.4300250439768444
203.1438127090301,0.43342602653474427,0.1365251049910036,0.06103492433538231,0.3690139441388699,0.43004886847425217
203.81270903010034,0.433426457169557,0.13650152519500455,0.06103137131073716,0.36904064632470135,0.4300720176354385
204.48160535117057,0.4334268668418998,0.13647862303970595,0.061027920857128506,0.36906658926126573,0.4300945101183942
205.1505016722408,0.4334272565352297,0.1364563790731321,0.061024570017979826,0.36909179437365836,0.4301163643916382
205.81939799331104,0.4334276272268606,0.13643477393017941,0.06102131585008074,0.3691162829928793,0.43013759884296004
206.48829431438128,0.433427979673741,0.13641378982642527,0.06101815565794063,0.36914007484189304,0.43015823049983365
207.1571906354515,0.43342831472784965,0.1363934086690808,0.06101508669399209,0.36916318990907754,0.4301782766030696
207.82608695652175,0.43342863314202723,0.1363736132056518,0.06101210634105672,0.36918564731126424,0.43019775365232094
208.49498327759198,0.4334289355974596,0.13635438667696895,0.06100921205951407,0.36920746566605733,0.4302166777255714
209.16387959866222,0.43342922276687923,0.13633571302840303,0.06100640141346917,0.3692286627912486,0.43023506420471774
209.83277591973246,0.43342949790987545,0.13631757580206683,0.06100367171427263,0.3692492545737852,0.43025292628805784
210.50167224080266,0.4334297609784126,0.1362999596139017,0.0610010206794171,0.3692692587282686,0.43027027940768575
211.1705685618729,0.4334300092596199,0.13628285030844609,0.06099844640609209,0.36928869402584186,0.430287140431934
211.83946488294313,0.4334302455901065,0.13626623284220743,0.06099594644568549,0.3693075751220005,0.43030352156768603
212.50836120401337,0.4334304713585899,0.13625009292397022,0.060993518568695414,0.36932591714874446,0.43031943571743986
213.1772575250836,0.43343068525261935,0.1362344172695564,0.06099116089566291,0.36934373658216124,0.43033489747782416
213.84615384615384,0.4334308888440534,0.13621919186343895,0.06098887122335463,0.36936104806915293,0.43034991929250754
214.51505016722408,0.4334310826932835,0.13620440489172558,0.06098664775101273,0.36937786466397826,0.43036451241499096
215.1839464882943,0.4334312670722952,0.1361900423436656,0.060984488371683,0.36939420221235625,0.4303786905840392
215.85284280936455,0.4334314425177584,0.13617609300394856,0.06098239137466259,0.36941007310363044,0.430392464478293
216.52173913043478,0.4334316094069633,0.13616254640270745,0.060980355171709515,0.36942548901861977,0.43040584419032923
217.19063545150502,0.43343176819034257,0.13614938974780305,0.06097837782303781,0.36944046423881655,0.4304188420618544
217.85953177257525,0.43343191932179376,0.13613661028811663,0.06097645739459416,0.36945501299549544,0.4304314703900896
218.5284280936455,0.4334320631427347,0.1361241984352985,0.06097459243091783,0.3694691459910489,0.43044373842196676
219.19732441471572,0.4334322000335153,0.13611214350347564,0.06097278131047886,0.36948287515253025,0.43045565646300915
219.86622073578596,0.4334323303327327,0.13610043535331942,0.06097102249560633,0.3694962118183417,0.430467234313948
220.5351170568562,0.4334324543613305,0.13608906411843874,0.06096931449034341,0.36950916702988734,0.4304784815202308
221.20401337792643,0.43343257242881517,0.13607802001088362,0.060967655811365304,0.3695217517489358,0.43048940756030113
221.87290969899666,0.43343268481949543,0.13606729354361652,0.06096604502190268,0.3695339766149853,0.430500021636888
222.5418060200669,0.43343279177445265,0.13605687574564226,0.06096448076502222,0.36954585171488274,0.43051033247990494
223.21070234113714,0.4334328935646694,0.13604675759141416,0.06096296167348035,0.36955738717043607,0.43052034884391643
223.87959866220737,0.4334329904312325,0.13603693051950586,0.060961486451171346,0.3695685925980902,0.4305300790492616
224.54849498327758,0.4334330825946362,0.13602738616107296,0.06096005383211657,0.36957947741217434,0.43053953124429095
225.2173913043478,0.4334331702483769,0.13601811652672863,0.0609586626086882,0.36959005061620637,0.4305487132248946
225.88628762541805,0.43343325355852047,0.13600911380514044,0.06095731160179555,0.36960032103454366,0.4305576326363392
226.55518394648828,0.4334333326631159,0.1360003700931749,0.060955999620938756,0.36961029762277037,0.43056629724370915
227.22408026755852,0.4334334076736091,0.1359918780324694,0.060954725558436236,0.3696199887354852,0.4305747142939214
227.89297658862876,0.4334334786743189,0.13598363056797166,0.06095348835368157,0.36962940240402786,0.4305828907577094
228.561872909699,0.4334335458637208,0.13597562087393988,0.060952286971709416,0.36963854629063,0.43059083326233943
229.23076923076923,0.433433611645069,0.13596784142336432,0.0609511201104143,0.36964742682115237,0.4305985469315667
229.89966555183946,0.4334336755120037,0.1359602856145818,0.06094998682096275,0.36965605205245183,0.4306060388734146
230.5685618729097,0.43343373460841167,0.13595294776735184,0.06094888646577502,0.36966443115846154,0.4306133176242366
231.23745819397993,0.43343379004298055,0.13594582138561612,0.06094781799183668,0.3696725705795666,0.4306203885714033
231.90635451505017,0.43343384414843816,0.13593889992000888,0.06094678024711761,0.36968047568443535,0.43062725593155293
232.5752508361204,0.4334338955418155,0.13593217779574174,0.06094577250083474,0.3696881541616081,0.43063392666244277
233.24414715719064,0.4334339436994696,0.13592564943788332,0.06094479395839106,0.369695612904256,0.43064040686264704
233.91304347826087,0.4334339898867099,0.13591930901812324,0.06094384365458283,0.36970285744058395,0.4306467010951668
234.5819397993311,0.4334340337983772,0.13591315099690776,0.060942920783800716,0.36970989442091445,0.43065281520471516
235.25083612040135,0.4334340755804327,0.1359071703693437,0.06094202458688024,0.3697167294633435,0.43065875405022375
235.91973244147158,0.4334341153706159,0.13590136221647442,0.06094115431808847,0.3697233680948213,0.4306645224129098
236.58862876254182,0.4334341532430146,0.13589572214652879,0.060940309315205596,0.3697298152952511,0.43067012461045673
237.25752508361205,0.43343418929636446,0.13589024443955763,0.060939488715594355,0.36973607754848353,0.4306755662640779
237.9264214046823,0.43343422361869244,0.13588492397019422,0.060938691746290755,0.36974216066482263,0.4306808524111134
238.5953177257525,0.433434256274807,0.13587975686605047,0.0609379178233368,0.3697480690358057,0.4306859868591425
239.26421404682273,0.4334342873417514,0.1358747385953238,0.060937166263303706,0.369753807799621,0.4306909740629247
239.93311036789297,0.4334343168952435,0.1358698648676092,0.060936436418909425,0.3697593818182378,0.4306958182371473
240.6020066889632,0.4334343450089571,0.13586513167251515,0.060935727684843954,0.36976479563368386,0.4307005233185278
241.27090301003344,0.4334343717586899,0.13586053504504703,0.06093503946246721,0.36977005373379584,0.43070509319626304
241.93979933110367,0.4334343972186929,0.13585607044669454,0.06093437106748882,0.3697751612671237,0.4307095323346125
242.6086956521739,0.43343442146695055,0.13585173473813414,0.06093372202457936,0.3697801217703359,0.43071384379491523
243.27759197324414,0.4334344445797225,0.13584752391792385,0.06093309172961329,0.3697849397727403,0.4307180315023536
243.94648829431438,0.43343446664351887,0.13584343439785201,0.06093247963949261,0.3697896193191364,0.430722098958629
244.6153846153846,0.43343448774421967,0.13583946267746946,0.060931885224290855,0.36979416435402,0.43072604957831084
245.28428093645485,0.4334345079670872,0.13583560534438346,0.060931307967296164,0.36979857872123323,0.4307298866885294
245.95317725752508,0.4334345273989362,0.13583185913907708,0.06093074737454195,0.36980286608744484,0.43073361346198674
246.62207357859532,0.43343454612019783,0.13582822095465175,0.06093020297535615,0.36980702994979425,0.4307372329251504
247.29096989966555,0.4334345635995872,0.13582468782137747,0.06092967436488906,0.3698110742141462,0.43074074857903527
247.9598662207358,0.4334345791145987,0.13582125678502088,0.060929161154792084,0.3698150029455884,0.43074416410038047
248.62876254180603,0.43343459390422573,0.13581792466207657,0.06092866277718793,0.3698188186565097,0.4307474814336976
