Generation,xOC,xOB,xMMd,xMMr,total xMM
0.0,0.26666666666666666,0.4,0.26666666666666666,0.06666666666666667,0.3333333333333333
1.0169491525423728,0.45010051052451966,0.28991042961909963,0.20850103216261964,0.05148802769376111,0.25998905985638077
2.0338983050847457,0.5032997441943569,0.24785800455007018,0.20115531038825035,0.047686940867322475,0.24884225125557283
3.0508474576271185,0.5269650413949807,0.22210731119114352,0.20465273160031433,0.04627491581356136,0.2509276474138757
4.067796610169491,0.5409274540591676,0.20258578055496085,0.21098658745853827,0.04550017792733329,0.25648676538587156
5.084745762711864,0.5507031882401603,0.18646324533238365,0.21792592046078424,0.044907645966671815,0.26283356642745603
6.101694915254237,0.5581146359226362,0.1727147673517035,0.22479560806851065,0.044374988657149575,0.26917059672566024
7.11864406779661,0.5638858192065644,0.16084382781428522,0.23139669615427488,0.043873656824875436,0.27527035297915037
8.135593220338983,0.568382701574062,0.15053542249325863,0.23768102180567233,0.043400854127007095,0.2810818759326794
9.152542372881356,0.5718392829587529,0.14155369775082072,0.24364743151324558,0.042959587777180716,0.2866070192904263
10.169491525423728,0.5744304196338657,0.1337083718287073,0.24930815223525157,0.042553056302175485,0.29186120853742703
11.1864406779661,0.5762972444415906,0.12684140263448795,0.2546780141656281,0.04218333875829339,0.29686135292392146
12.203389830508474,0.577557458230471,0.12082003634276493,0.25977118534998184,0.04185132007678212,0.301622505426764
13.220338983050848,0.5783105171263819,0.11553218582655092,0.26460037594562064,0.04155692110144649,0.3061572970470671
14.23728813559322,0.5786409291362148,0.11088289399638573,0.2691768202384033,0.0412993566289961,0.31047617686739937
15.254237288135592,0.578620658073089,0.10679148304251694,0.2735105023046907,0.04107735657970325,0.31458785888439394
16.271186440677965,0.5783111087085466,0.10318918572682331,0.2776103755068314,0.04088933005779881,0.3184997055646302
17.28813559322034,0.5777646809225272,0.10001720195855919,0.28148462347548314,0.04073349364343066,0.3222181171189138
18.305084745762713,0.5770261476207543,0.09722506839060836,0.2851408264380338,0.04060795755060366,0.32574878398863744
19.322033898305083,0.5761337305710758,0.09476932310968171,0.28858615250448805,0.040510793814754434,0.32909694631924247
20.338983050847457,0.5751200842030513,0.09261238135231378,0.29182745692225864,0.040440077522376335,0.33226753444463497
21.35593220338983,0.5740130714760573,0.09072161283419684,0.29487139643200544,0.040393919257740475,0.33526531568974594
22.3728813559322,0.5728364437252625,0.08906857077089761,0.297724500076775,0.04037048542706483,0.3380949855038398
23.389830508474574,0.5716104096352808,0.0876283503528294,0.30039322927010437,0.04036801074178558,0.3407612400118899
24.406779661016948,0.5703521353412102,0.08637905421983698,0.3028840036617128,0.04038480677724004,0.34326881043895285
25.423728813559322,0.569076131015883,0.08530134898271664,0.3052032535073527,0.040419266494047756,0.3456225200014004
26.440677966101696,0.5677946481545477,0.0843780861812192,0.30735740255400623,0.04046986311022695,0.34782726566423317
27.457627118644066,0.5665179522786243,0.08359399526540032,0.30935290001289434,0.04053515244308091,0.34988805245597526
28.47457627118644,0.5652546065533569,0.08293541786862028,0.31119620606525683,0.04061376951276598,0.3518099755780228
29.491525423728813,0.5640116952046911,0.08239008832743396,0.31289378981920374,0.040704426648671285,0.35359821646787504
30.508474576271183,0.5627950233590094,0.08194694780703315,0.3144521184211576,0.04080591041279981,0.3552580288339574
31.525423728813557,0.5616092900619782,0.08159598782739577,0.3158776437509002,0.04091707835972589,0.35679472211062613
32.54237288135593,0.5604582393095039,0.08132811814331999,0.3171767868377146,0.04103685570946152,0.35821364254717614
33.559322033898304,0.5593447912687439,0.08113505527323644,0.3183559214254166,0.04116423203260313,0.3595201534580197
34.57627118644068,0.5582711575647122,0.08100922804575054,0.3194213563879474,0.041298258001589844,0.36071961438953726
35.59322033898305,0.5572389409610082,0.08094369784471034,0.32037931885640364,0.04143804233787787,0.3618173611942815
36.610169491525426,0.5562492241448173,0.08093209069787713,0.32123593637962444,0.04158274877768117,0.3628186851573056
37.62711864406779,0.5553026451432745,0.08096853987696377,0.3219972215667153,0.041731593413046345,0.3637288149797616
38.644067796610166,0.5543994646610191,0.08104763699883225,0.3226690562929272,0.04188384204722152,0.3645528983401487
39.66101694915254,0.5535396250455946,0.0811643901752256,0.32325717704531004,0.04203880773386974,0.3652959847791798
40.67796610169491,0.5527227998364974,0.08131418825027747,0.32376716328015087,0.042195848633074344,0.3659630119132252
41.69491525423729,0.5519484382291824,0.08149277056121841,0.32420442530897925,0.04235436590061999,0.3665587912095993
42.71186440677966,0.5512158054059474,0.08169619964418369,0.3245741933893035,0.04251380156056556,0.36708799494986905
43.728813559322035,0.5505240124361538,0.08192083917175949,0.32488151139499993,0.04267363699708683,0.36755514839208675
44.7457627118644,0.5498720471951347,0.08216333288669987,0.3251312288977598,0.042833391020405634,0.3679646199181654
45.762711864406775,0.5492587989553265,0.08242058783264779,0.32532799484112546,0.04299261837090037,0.3683206132120258
46.77966101694915,0.5486830807821238,0.08268975751654355,0.3254762536491637,0.04315090805216885,0.36862716170133253
47.79661016949152,0.5481436445342417,0.08296822850858679,0.32558024473583824,0.04330788222133336,0.3688881269571716
48.813559322033896,0.5476391993725793,0.08325360668505995,0.32564399940270483,0.04346319453965587,0.3691071939423607
49.83050847457627,0.5471684257581081,0.08354370595403209,0.3256713393771545,0.043616528910705284,0.3692878682878598
50.847457627118644,0.5467299853572639,0.08383653649485352,0.3256658798968368,0.04376759825104575,0.3694334781478825
51.86440677966102,0.5463225303347015,0.08413029480590123,0.3256310314985119,0.04391614336088544,0.36954717485939736
52.88135593220339,0.5459447137567504,0.08442335305199301,0.3255700016992725,0.044061931491984035,0.36963193319125653
53.89830508474576,0.5455951958649612,0.08471425040122249,0.3254857983817859,0.04420475535203041,0.3696905537338163
54.91525423728813,0.5452726484572405,0.08500168344747866,0.325381236085227,0.04434443201005371,0.3697256680952807
55.932203389830505,0.5449757604534279,0.08528449558908667,0.32525894248219145,0.04448080147529409,0.3697397439574856
56.94915254237288,0.5447032447961965,0.08556167135573922,0.32512135803821646,0.044613725809847724,0.3697350838480642
57.96610169491525,0.5444538419743867,0.08583232566440437,0.32497074464801323,0.044743087713195615,0.36971383236120886
58.983050847457626,0.5442263162214571,0.08609569702188093,0.3248091966697665,0.044868790086895545,0.369677986756662
60.0,0.544019459223612,0.08635113946485279,0.3246386464511583,0.04499075486037693,0.36962940131153527
60.0,0.544019459223612,0.08635113946485279,0.3246386464511583,0.04499075486037693,0.36962940131153527
60.668896321070235,0.5295424145140967,0.09567001438543375,0.32516314186736783,0.049624429233101765,0.37478757110046956
61.33779264214047,0.5210373185638869,0.10421795183791414,0.3208968338306993,0.05384789576749961,0.3747447295981989
62.0066889632107,0.515837088899368,0.11232919594382798,0.3139682661871079,0.05786544896969626,0.37183371515680413
62.675585284280935,0.5123342372911275,0.1202159787035362,0.30563802016442987,0.06181176384090648,0.36744978400533634
63.34448160535117,0.509619429480129,0.12799406695955395,0.29661884330824034,0.0657676602520768,0.36238650356031715
64.0133779264214,0.5071997513278211,0.13571395877308243,0.28730830331250634,0.06977798658659004,0.3570862898990964
64.68227424749163,0.5048189017358177,0.14338518474780404,0.27793081342537207,0.07386510009100633,0.3517959135163784
65.35117056856187,0.5023518973014456,0.15099277070751946,0.2686176081039045,0.07803772388713062,0.34665533199103515
66.0200668896321,0.49974590282782433,0.15850780584505483,0.25944986559350075,0.08229642573362009,0.3417462913271208
66.68896321070234,0.49698760806539244,0.16589412438471768,0.25048135101602037,0.0866369165338696,0.33711826754989
67.35785953177258,0.49408532121168797,0.1731125619558063,0.24175009576677456,0.09105202106573122,0.33280211683250577
68.02675585284281,0.4910590706025024,0.18012372153073697,0.23328434604799675,0.09553286181876386,0.3288172078667606
68.69565217391305,0.4879350212062127,0.18688981575201735,0.22510557963078898,0.10006958341098113,0.3251751630417701
69.36454849498328,0.48474221703264375,0.19337591647428082,0.21723005730061715,0.10465180919245828,0.32188186649307543
70.03344481605352,0.48151058823206094,0.1995508032613333,0.20966966728997904,0.10926894121662672,0.31893860850660577
70.70234113712374,0.4782696666240925,0.20538752129845436,0.20243244545153755,0.11391036662591553,0.3163428120774531
71.37123745819397,0.47504771785313765,0.2108637150735849,0.19552296066637412,0.11856560640690339,0.31408856707327754
72.04013377926421,0.47187113900567906,0.21596178117163417,0.1889426527414891,0.12322442708119759,0.31216707982268665
72.70903010033445,0.4687640409701769,0.22066887105882668,0.18269016106908326,0.12787692690191318,0.3105670879709964
73.37792642140468,0.46574797119907246,0.2249767697655215,0.1767616555194914,0.13251360351591457,0.309275259035406
74.04682274247492,0.46284175011701606,0.2288816735668573,0.17115116896776206,0.1371254073483647,0.30827657631612676
74.71571906354515,0.4600614019017835,0.23238388920741335,0.1658509249383756,0.14170378395242744,0.30755470889080305
75.38461538461539,0.4574201577831305,0.23548747520721,0.16085165920168182,0.1462407078079776,0.3070923670096595
76.05351170568562,0.4549285327532668,0.23819983948019216,0.15614292230084492,0.15072870546569625,0.30687162776654114
76.72240802675586,0.4525944684616047,0.24053131096909058,0.1517133515416424,0.1551608690276624,0.30687422056930475
77.3913043478261,0.45042345393292943,0.24249472521295115,0.1475509414770039,0.1595308793771155,0.3070818208541194
78.06020066889633,0.4484187531512695,0.24410498346005355,0.14364326145760048,0.16383300193107642,0.3074762633886769
78.72909698996656,0.446581626017431,0.2453786367470217,0.13997765351171168,0.16806208372383552,0.3080397372355472
79.39799331103679,0.4449115073277855,0.24633351525614328,0.13654141491723157,0.17221356249883962,0.30875497741607116
80.06688963210702,0.44340626747910367,0.24698835251707701,0.13332193349682375,0.17628344650699554,0.30960538000381926
80.73578595317726,0.442062422246426,0.2473624628853068,0.13030680959257707,0.18026830527569015,0.3105751148682672
81.40468227424749,0.44087534790990573,0.24747544743997069,0.12748395305213794,0.18416525159798566,0.31164920465012363
82.07357859531773,0.43983948228814784,0.24734693829178186,0.12484165701114731,0.18797192240892302,0.3128135794200704
82.74247491638796,0.438948512197123,0.24699637681028833,0.12236865577704902,0.19168645521553954,0.3140551109925886
83.4113712374582,0.4381955477416441,0.24644282595207084,0.12005416448384168,0.19530746182244343,0.31536162630628506
84.08026755852842,0.4375732751516264,0.24570481693997112,0.11788790623950675,0.1988340016688956,0.3167219079084023
84.74916387959865,0.43707409648219836,0.2448002230641895,0.1158601302450675,0.2022655502085446,0.3181256804536121
85.41806020066889,0.43669026199167044,0.24374616154434503,0.11396160833641765,0.2056019681275669,0.31956357646398453
86.08695652173913,0.4364139480295772,0.2425589290558931,0.11218364672481618,0.20884347618971352,0.32102712291452973
86.75585284280936,0.4362373666477314,0.24125394495622782,0.11051807035879747,0.21199061803724328,0.32250868839604074
87.4247491638796,0.4361528659038423,0.23984570982608683,0.10895720578215845,0.21504421848791241,0.3240014242700709
88.09364548494983,0.4361529360321073,0.23834781392051593,0.10749387454160965,0.218005375505767,0.3254992500473767
88.76254180602007,0.4362303121123346,0.23677291417453186,0.106121365582,0.22087540813113346,0.32699677371313346
89.4314381270903,0.4363779862573871,0.23513275626104654,0.10483341839604593,0.2236558390855204,0.3284892574815663
90.10033444816054,0.43658924839517155,0.2334381900273637,0.10362419893023689,0.22634836264722785,0.32997256157746474
90.76923076923077,0.4368577059295686,0.23169919757915375,0.10248827724595992,0.22895481924531777,0.3314430964912777
91.43812709030101,0.4371772994719178,0.2299249259852156,0.10142060383897442,0.23147717070389226,0.3328977745428667
92.10702341137124,0.43754231216323,0.22812372366490227,0.10041648809650146,0.23391747607536634,0.33433396417186784
92.77591973244148,0.4379473765227338,0.22630317982626075,0.09947157374367187,0.23627786990733357,0.33574944365100545
93.44481605351172,0.43838746874882556,0.22447016816386434,0.09858181849738544,0.23856054458992473,0.33714236308731016
94.11371237458194,0.4388579053149029,0.2226308894983521,0.09774347286673302,0.24076773232001203,0.33851120518674505
94.78260869565217,0.4393543388367493,0.22079091384437569,0.09695305953333147,0.24290168778554347,0.3398547473188749
95.45150501672241,0.4398727454853328,0.21895522448896101,0.09620735469205387,0.24496467533365235,0.3411720300257062
96.12040133779264,0.4404094147266653,0.21712825955274773,0.095503369906053,0.24695895581453406,0.3424623257205871
96.78929765886288,0.4409609369366125,0.21531395268208017,0.09483833498572679,0.24888677539558057,0.3437251103813074
97.45819397993311,0.4415241885549029,0.21351577276488987,0.09420968216517757,0.25075035651502975,0.3449600386802073
98.12709030100334,0.4420963183671219,0.21173676125225754,0.09361503100624571,0.25255188937437484,0.3461669203806205
98.79598662207357,0.44267473254731426,0.20997956792513497,0.09305217444154741,0.2542935250860034,0.3473456995275508
99.4648829431438,0.4432570793521645,0.20824648478379293,0.0925190657783477,0.2559773700856949,0.34849643586404255
100.13377926421404,0.44384123442806866,0.20653947770572775,0.09201380654685112,0.2576054813193525,0.34961928786620367
100.80267558528428,0.4444252863431303,0.2048602159343365,0.0915346354266121,0.25917986229592105,0.35071449772253316
101.47157190635451,0.4450075223722323,0.20321009990017255,0.09107991753606359,0.2607024601915316,0.3517823777275952
102.14046822742475,0.44558641373860647,0.20159028716756613,0.09064813505147862,0.26217516404234875,0.35282329909382737
102.80936454849498,0.4461606025511833,0.20000171617067297,0.09023787818921311,0.2635998030889305,0.35383768127814363
103.47826086956522,0.4467288893202658,0.19844512806941952,0.0898478369334592,0.2649781456768555,0.3548259826103147
104.14715719063545,0.44729022057786294,0.196921087055651,0.08947679345752595,0.2663118989089601,0.355788692366486
104.81605351170569,0.4478436771340184,0.19542999906499833,0.08912361505497883,0.26760270874600445,0.3567263238009833
105.48494983277592,0.44838846282961886,0.1939721288903398,0.08878724774475527,0.26885216053528604,0.3576394082800413
106.15384615384616,0.44892389434135116,0.19254761577947904,0.08846671022243313,0.27006177965673667,0.3585284898791698
106.8227424749164,0.4494493913673441,0.19115648762811788,0.08816108843769412,0.2712330325668439,0.359394121004538
107.49163879598663,0.4499644681166823,0.18979867369654885,0.08786953047654258,0.2723673277102263,0.36023685818676887
108.16053511705685,0.45046872472555305,0.1884740166028914,0.08759124173167249,0.2734660169398832,0.3610572586715557
108.82943143812709,0.45096183860746586,0.1871822831226162,0.0873254808430617,0.2745303974268562,0.36185587826991794
109.49832775919732,0.45144355645531814,0.18592317411862,0.0870715557955312,0.27556171363053067,0.3626332694260619
110.16722408026756,0.4519136887224308,0.18469633295979265,0.08682881998952942,0.27656115832824724,0.36338997831777664
110.8361204013378,0.45237210359626306,0.18350135317156158,0.08659666895648309,0.27752987427569226,0.36412654323217536
111.50501672240803,0.4528187204224851,0.1823377858917988,0.08637453731094191,0.2784689563747742,0.3648434936857161
112.17391304347825,0.45325350403555925,0.18120514635692192,0.08616189594346464,0.2793794536640542,0.36554134960751883
112.84280936454849,0.45367645991275063,0.18010291954271573,0.0859582494242781,0.2802623711202555,0.3662206205445336
113.51170568561872,0.4540876299663355,0.17903056542140652,0.08576313338499592,0.281118671227262,0.3668818046122579
114.18060200668896,0.45448708854880326,0.17798752340210028,0.08557611233877328,0.2819492757103233,0.3675253880490966
114.84949832775919,0.45487493772129867,0.17697321694705898,0.08539677763340114,0.2827550676982412,0.36815184533164236
115.51839464882943,0.4552513050160071,0.1759870557895783,0.08522474599588815,0.28353689319852643,0.36876163919441457
116.18729096989966,0.455616338706008,0.17502844142772933,0.08505965694446375,0.284295562921799,0.3693552198662628
116.8561872909699,0.455970206717591,0.17409676825277406,0.08490117163149574,0.28503185339813925,0.369933025029635
117.52508361204013,0.4563130938036907,0.17319142624557984,0.08474897130980555,0.28574650864092377,0.37049547995072935
118.19397993311037,0.4566451968842241,0.17231180465878884,0.0846027559068489,0.286440242550138,0.3710429984569869
118.8628762541806,0.45696672400563354,0.17145729285917063,0.08446224301598448,0.2871137401192114,0.3715759831351959
119.53177257525084,0.45727789207857367,0.17062728245569903,0.08432716658469405,0.28776765888103323,0.3720948254657273
120.20066889632108,0.4575789265247242,0.16982116884788442,0.08419727536883612,0.2884026292585553,0.37259990462739145
120.86956521739131,0.45787006053596174,0.16903835104377585,0.08407233244801812,0.2890192559722442,0.3730915884202623
121.53846153846155,0.4581515325109842,0.16827823479174261,0.08395211359720665,0.2896181191000664,0.3735702326972731
122.20735785953178,0.45842358319224646,0.16754023293573725,0.0838364072608821,0.2901997766111341,0.3740361838720162
122.876254180602,0.45868645412205933,0.16682376650309452,0.08372501372353332,0.29076476565131276,0.37448977937484607
123.54515050167224,0.4589403857257778,0.16612826631171662,0.08361774419849914,0.2913136037640066,0.3749313479625057
124.21404682274247,0.45918561962074855,0.16545317180793387,0.08351441996054396,0.2918467886107737,0.3753612085713176
124.88294314381271,0.45942240430093134,0.16479792959324802,0.08341487103471465,0.29236479507110597,0.3757796661058206
125.55183946488295,0.459650978958161,0.16416199972542012,0.08331893675943684,0.292868084556982,0.3761870213164188
126.22073578595318,0.4598715840294128,0.16354485146765277,0.08322646471149947,0.2933570997914349,0.3765835645029344
126.88963210702342,0.4600844573984497,0.16294596482574017,0.0831373102520393,0.29383226752377084,0.37696957777581014
127.55852842809365,0.46028983342521484,0.16236483097162668,0.08305133612344384,0.29429399947971474,0.3773453356031586
128.22742474916387,0.46048794317008335,0.16180095215338636,0.08296841196469767,0.29474269271183257,0.3777111046765302
128.8963210702341,0.46067901412269313,0.16125384186717337,0.08288841376044252,0.295178730249691,0.3780671440101335
129.56521739130434,0.4608632698741822,0.16072302462082652,0.08281122358106573,0.2956024819239256,0.3784137055049913
130.23411371237458,0.46104092888704895,0.16020803652045185,0.08273672942553176,0.29601430516696736,0.37875103459249915
130.90301003344482,0.461212205715375,0.1597084242650691,0.08266482485498575,0.2964145451645701,0.3790793700195559
131.57190635451505,0.4613773098844342,0.15922374647566503,0.0825954080293341,0.29680353561056666,0.3793989436399008
132.2408026755853,0.4615364471728419,0.15875357222830827,0.08252838195453083,0.29718159864431903,0.37970998059884986
132.90969899665552,0.4616898195785181,0.15829748128217352,0.08246365341651136,0.29754904572279695,0.3800126991393083
133.57859531772576,0.46183762242050497,0.15785506462345497,0.08240113588972087,0.2979061770663191,0.38030731295604
134.247491638796,0.46198004626497313,0.15742592390700688,0.08234074362806537,0.29825328619995456,0.38059402982801993
134.91638795986623,0.4621172720110863,0.15700967259692794,0.08228239749743887,0.2985906578945468,0.3808730553919857
135.58528428093643,0.4622494814986371,0.15660593287342497,0.08222602042832114,0.2989185651996167,0.38114458562793785
136.25418060200667,0.4623768517390197,0.15621433697665332,0.08217153874894863,0.29923727253537824,0.38140881128432685
136.9230769230769,0.46249955139947346,0.1558345280203481,0.08211888248789598,0.29954703809228256,0.3816659205801785
137.59197324414714,0.46261774555020646,0.1554661586043261,0.08206798456918692,0.29984811127628047,0.38191609584546743
138.26086956521738,0.46273159438572886,0.15510889089739088,0.08201878075778551,0.3001407339590948,0.38215951471688026
138.9297658862876,0.46284125303906587,0.15476239647155926,0.08197120954608217,0.30042514094329276,0.3823963504893749
139.59866220735785,0.46294687177729155,0.15442635613401867,0.08192521204325585,0.30070156004543386,0.38262677208868967
140.26755852842808,0.46304859614675414,0.1541004597179544,0.0818807318085401,0.30097021232675114,0.38285094413529125
140.93645484949832,0.4631465672827041,0.15378440582308242,0.08183771466842268,0.30123131222579086,0.38306902689421357
141.60535117056855,0.46324092215282014,0.15347790109003173,0.08179610860732917,0.3014850681498189,0.38328117675714807
142.2742474916388,0.463331790151254,0.1531806616745476,0.08175586431668017,0.3017316838575183,0.38348754817419844
142.94314381270902,0.4634192998930836,0.15289241110304186,0.08171693378512736,0.30197135521874713,0.38368828900387447
143.61204013377926,0.4635035753512036,0.15261288076634277,0.08167927102067271,0.302204272861781,0.3838835438824537
144.2809364548495,0.46358473497334685,0.15234181022043358,0.08164283205966498,0.3024306227465545,0.3840734548062195
144.94983277591973,0.4636628939190515,0.15207894633464633,0.0816075745385686,0.3026505852077335,0.3842581597463021
145.61872909698997,0.46373816270834856,0.15182404350683704,0.0815734578446929,0.3028643359401214,0.3844377937848143
146.2876254180602,0.4638106485547387,0.1515768631804372,0.081540442858324,0.30307204540650023,0.38461248826482425
146.95652173913044,0.46388045474458783,0.15133717376976458,0.08150849197618076,0.303273879509467,0.38478237148564776
147.62541806020067,0.46394768081717946,0.1511047505719155,0.08147756905623603,0.30346999955466897,0.384947568610905
148.2943143812709,0.4640124229556307,0.15087937531508225,0.08144763927080587,0.303660562458481,0.38510820172928684
148.96321070234114,0.46407477385139945,0.1506608365268627,0.081418669149289,0.3038457204724488,0.38526438962173776
149.63210702341138,0.46413482342222995,0.15044892821315126,0.08139062629836176,0.30402562206625694,0.38541624836461874
150.30100334448161,0.4641926579764619,0.1502434507561637,0.08136347967180424,0.3042004115955702,0.38556389126737445
150.96989966555185,0.4642483563420493,0.15004421190029593,0.08133720002456675,0.304370231733088,0.38570743175765476
151.63879598662209,0.464302002330269,0.1498510228340322,0.08131175791517567,0.30453521692052316,0.3858469748356988
152.30769230769232,0.46435367281965223,0.14966370134682674,0.08128712559412465,0.30469550023939623,0.3859826258335209
152.97658862876256,0.46440344101047665,0.14948207089223017,0.08126327644577064,0.30485121165152246,0.38611448809729315
153.6454849498328,0.4644513791166473,0.14930595968591692,0.0812401845378326,0.30500247665960306,0.38624266119743567
154.31438127090303,0.46449755527643777,0.14913520142560832,0.08121782507995307,0.3051494182180008,0.38636724329795386
154.98327759197326,0.46454203584477627,0.14896963459302817,0.08119617404739547,0.30529215551480016,0.38648832956219564
155.6521739130435,0.46458488450728863,0.148809102495955,0.0811752082877429,0.3054308047090134,0.38660601299675634
156.3210702341137,0.464626162573852,0.1486534531386473,0.08115490546231202,0.30556547882518853,0.38672038428750055
156.98996655518394,0.4646659291053978,0.14850253908877536,0.08113524400676349,0.3056962877990633,0.38683153180582686
157.65886287625418,0.46470424106068636,0.14835621730381135,0.08111620308488017,0.3058233385506221,0.38693954163550226
158.3277591973244,0.46474115344039296,0.14821434865895547,0.08109776252821597,0.3059467353724355,0.3870444979006515
158.99665551839465,0.46477671891535316,0.14807679848702252,0.0810799029279389,0.30606657966968537,0.3871464825976243
159.66555183946488,0.46481098798020676,0.1479434360832719,0.08106260553394316,0.3061829704025782,0.3872455759365213
160.33444816053512,0.46484400871996834,0.14781413541533334,0.08104585240700675,0.3062960034576915,0.3873418558646982
161.00334448160535,0.4648758273832706,0.14768877400772837,0.08102962618821466,0.3064057724207864,0.3874353986090011
161.6722408026756,0.4649064887244703,0.1475672323252297,0.08101390997256584,0.30651236897773415,0.3875262789503
162.34113712374582,0.4649360352424132,0.14744939507087057,0.08099868758703042,0.30661588209968577,0.3876145696867162
163.01003344481606,0.4649645111995862,0.1473351494715936,0.08098394286438478,0.3067163964644353,0.38770033932882014
163.67892976588627,0.4649919577752578,0.14722438639437446,0.08096966037593784,0.30681399545442983,0.38778365583036767
164.3478260869565,0.4650184113653886,0.14711700091798519,0.08095582572448097,0.3069087619921452,0.38786458771662613
165.01672240802674,0.46504391019171054,0.1470128904499822,0.08094242448997802,0.3070007748683292,0.38794319935830723
165.68561872909697,0.46506848907032716,0.14691195595970624,0.080929443029803,0.30709011194016367,0.3880195549699667
166.3545150501672,0.4650921827302251,0.14681410105739048,0.0809168679569718,0.3071768482554126,0.38809371621238437
167.02341137123744,0.4651150240877868,0.1467192324026103,0.0809046864026548,0.3072610571069482,0.388165743509603
167.69230769230768,0.46513704484683865,0.1466272594374377,0.08089288591178355,0.30734280980394,0.38823569571572353
168.36120401337791,0.46515827557294864,0.1465380943433713,0.08088145442830715,0.3074221756553729,0.38830363008368
169.03010033444815,0.46517874562226924,0.14645165197915133,0.08087038029778959,0.30749922210078984,0.3883696023985794
169.69899665551839,0.4651984833138037,0.14636784964560184,0.08085965222306007,0.3075740148175344,0.38843366704059445
170.36789297658862,0.46521751587181603,0.14628660713331032,0.08084925927608531,0.30764661771878826,0.38849587699487353
171.03678929765886,0.4652358694331865,0.14620784664282546,0.08083919088693405,0.30771709303705397,0.388556283923988
171.7056856187291,0.4652535689277837,0.1461314930918862,0.0808294368891842,0.3077855010911459,0.38861493798033014
172.37458193979933,0.46527063841548905,0.14605747348154732,0.08081998741714745,0.30785190068581614,0.3886718881029636
173.04347826086956,0.4652871011444523,0.145985716769838,0.0808108328863962,0.30791634919931354,0.3887271820857097
173.7123745819398,0.4653029793696319,0.14591615428814275,0.08080196405577939,0.3079789022864459,0.38878086634222525
174.38127090301003,0.46531829481348486,0.14584871924154255,0.08079337192016132,0.3080396140248113,0.3888329859449726
175.05016722408027,0.46533306894593046,0.1457833453302593,0.08078504755376913,0.3080985381700412,0.3888835857238103
175.7190635451505,0.46534732012655994,0.1457199745437772,0.08077698317195632,0.30815572215770654,0.38893270532966284
176.38795986622074,0.46536106958644,0.14565854145147114,0.08076916995974241,0.30821121900234655,0.388980388962089
177.05685618729098,0.46537433528362987,0.14559898839970836,0.08076160022002349,0.3082650760966383,0.38902667631666177
177.7257525083612,0.4653871340211241,0.14554125848249685,0.08075426647554657,0.30831734102083247,0.38907160749637903
178.39464882943145,0.4653994823702438,0.1454852963374368,0.08074716141662028,0.308368059875699,0.3891152212923193
179.06354515050168,0.46541139713229657,0.14543104806374232,0.08074027783304606,0.3084172769709151,0.38915755480396114
179.73244147157192,0.46542289454482555,0.1453784613791004,0.08073360873286071,0.3084650353432133,0.389198644076074
180.40133779264215,0.4654339897544938,0.1453274856141637,0.08072714741148106,0.30851137721986144,0.3892385246313425
181.0702341137124,0.4654446970780278,0.14527807188206826,0.08072088743231019,0.3085563436075937,0.3892772310399039
181.73913043478262,0.46545503074684724,0.14523017254956128,0.08071482248183653,0.3085999742217549,0.3893147967035914
182.40802675585286,0.4654650042345173,0.1451837416007935,0.08070894649064654,0.3086423076740427,0.38935125416468924
183.0769230769231,0.46547463060664007,0.14513873414998496,0.08070325354420513,0.3086833816991699,0.3893866352433751
183.74581939799333,0.46548392239485553,0.14509510684893578,0.08069773793560099,0.3087232328206077,0.3894209707562087
184.41471571906357,0.4654928916028204,0.14505281779374582,0.08069239415676414,0.3087618964466696,0.3894542906034338
185.08361204013377,0.4655015500125946,0.14501182570672433,0.08068721678529152,0.3087994074953895,0.389486624280681
185.752508361204,0.4655099086438399,0.14497209143915363,0.08068220068986087,0.30883579922714566,0.38951799991700653
186.42140468227424,0.4655179783293439,0.1449335765134928,0.08067734082479257,0.3088711043323707,0.38954844515716325
187.09030100334448,0.4655257694903084,0.1448962435770959,0.08067263229944943,0.3089053546331462,0.38957798693259565
187.7591973244147,0.4655332920401578,0.1448600567020821,0.08066807041783605,0.30893858083992404,0.38960665125776006
188.42809364548495,0.46554055563329916,0.14482498069505984,0.08066365058557366,0.3089708130860674,0.389634463671641
189.09698996655518,0.4655475694689927,0.1447909816426983,0.08065936838337626,0.30900208050493266,0.38966144888830895
189.76588628762542,0.46555434222920195,0.1447580270836816,0.08065521959022559,0.3090324110968908,0.38968763068711637
190.43478260869566,0.4655608823230365,0.14472608535084844,0.08065120009412619,0.30906183223198874,0.3897130323261149
191.1036789297659,0.46556719806355157,0.14469512510105223,0.0806473058281611,0.3090903710072352,0.38973767683539623
191.77257525083613,0.46557329724842683,0.14466511642644125,0.08064353292171426,0.30911805340341764,0.3897615863251319
192.44147157190636,0.4655791875243645,0.14463603036140038,0.0806398776097432,0.30914490450449195,0.3897847821142351
193.1103678929766,0.46558487876730253,0.14460783798418206,0.08063633584049514,0.3091709474080203,0.38980728324851543
193.77926421404683,0.4655903757090715,0.14458051255052354,0.08063290443404977,0.3091962073063552,0.38982911174040497
194.44816053511707,0.46559568456668793,0.1445540277080224,0.08062958005284596,0.3092207076724437,0.3898502877252897
195.1170568561873,0.4656008134341475,0.14452835740336076,0.08062635914094121,0.3092444700215506,0.38987082916249177
195.7859531772575,0.4656057676774196,0.14450347694053126,0.08062323862502302,0.309267516757026,0.38989075538204904
196.45484949832775,0.4656105537015847,0.1444793620855852,0.08062021533838691,0.30928986887444315,0.38991008421283
197.12374581939798,0.46561517760841176,0.14445598925526396,0.08061728621391423,0.3093115469224101,0.38992883313632426
197.79264214046822,0.46561964508111864,0.14443333508252973,0.08061444825709366,0.309332571579258,0.38994701983635166
198.46153846153845,0.46562396135007816,0.14441137872060453,0.08061169877335882,0.30935296115595834,0.38996465992931717
199.1304347826087,0.46562813120704,0.14439010071588235,0.08060903525730964,0.30937273281976796,0.3899817680770776
199.79933110367892,0.465632160395353,0.1443694777133053,0.08060645470221214,0.30939190718912957,0.3899983618913417
200.46822742474916,0.46563605407032344,0.14434948869082903,0.0806039544006937,0.3094105028381538,0.3900144572388475
201.1371237458194,0.4656398166459458,0.14433011555345668,0.0806015320220721,0.30942853577852547,0.39003006780059757
201.80602006688963,0.4656434527565555,0.14431133917052774,0.08059918510660682,0.30944602296631,0.3900452080729168
202.47491638795987,0.46564696665763883,0.14429314158963383,0.08059691135421712,0.30946298039851033,0.39005989175272743
203.1438127090301,0.4656503626203836,0.14427550482515245,0.08059470846011245,0.30947942409435136,0.3900741325544638
203.81270903010034,0.46565364464601355,0.1442584117494101,0.0805925742356529,0.3094953693689234,0.39008794360457627
204.48160535117057,0.4656568166272939,0.14424184560330272,0.08059050654118326,0.30951083122822026,0.3901013377694035
205.1505016722408,0.4656598823064926,0.14422579024613424,0.08058850331524785,0.30952582413212537,0.39011432744737323
205.81939799331104,0.46566284528173985,0.14421022998165006,0.08058656255711397,0.3095403621794961,0.39012692473661004
206.48829431438128,0.46566570895315484,0.14419514975661754,0.08058468235255592,0.30955445893767164,0.3901391412902276
207.1571906354515,0.46566847687339336,0.14418053505115525,0.08058286081783915,0.30956812725761224,0.3901509880754514
207.82608695652175,0.4656711542693069,0.14416637087308237,0.08058109580688841,0.30958137905072236,0.3901624748576108
208.49498327759198,0.4656737421718765,0.14415264390412308,0.08057938588031767,0.3095942280436827,0.3901736139240004
209.16387959866222,0.4656762428495593,0.144139340927671,0.08057772944652243,0.3096066867762474,0.3901844162227699
209.83277591973246,0.4656786611090359,0.1441264484473267,0.08057612455691748,0.30961876588672,0.3901948904436375
210.50167224080266,0.4656809990427427,0.14411395403997515,0.08057456971881823,0.309630477198464,0.3902050469172822
211.1705685618729,0.46568325892551354,0.1441018455911703,0.08057306344541577,0.3096418320379003,0.39021489548331606
211.83946488294313,0.4656854440393318,0.14409011106363692,0.08057160412632894,0.30965284077070215,0.3902244448970311
212.50836120401337,0.4656875567981411,0.14407873868948481,0.0805701902891838,0.3096635142231903,0.39023370451237405
213.1772575250836,0.46568959960572637,0.14406771759667847,0.08056882055046005,0.3096738622471351,0.39024268279759516
213.84615384615384,0.46569157471033273,0.14405703764473235,0.08056749361823753,0.3096838940266974,0.3902513876449349
214.51505016722408,0.46569348425194196,0.14404668898749462,0.08056620824288199,0.30969361851768157,0.39025982676056353
215.1839464882943,0.4656953308611496,0.14403665956243789,0.08056496289275908,0.3097030466836535,0.39026800957641256
215.85284280936455,0.4656971166667068,0.14402693955423326,0.08056375632163315,0.3097121874574269,0.39027594377906005
216.52173913043478,0.465698843568013,0.14401752017256497,0.08056258741346753,0.3097210488459544,0.3902836362594219
217.19063545150502,0.46570051363471604,0.14400839185116981,0.08056145495395334,0.30972963956016086,0.39029109451411426
217.85953177257525,0.4657021287013221,0.1439995459696809,0.08056035785091743,0.3097379674780796,0.390298325328997
218.5284280936455,0.46570369066481937,0.14399097365749447,0.0805592949798555,0.3097460406978308,0.39030533567768627
219.19732441471572,0.4657052013001379,0.14398266651402317,0.08055826527794831,0.30975386690789064,0.39031213218583893
219.86622073578596,0.46570666232132335,0.14397461637530018,0.08055726771333506,0.30976145359004137,0.39031872130337647
220.5351170568562,0.46570807540485115,0.14396681523062915,0.08055630127397809,0.3097688080905415,0.3903251093645196
221.20401337792643,0.46570944216264776,0.14395925540482432,0.08055536498902369,0.30977593744350435,0.390331302432528
221.87290969899666,0.4657107641455896,0.14395192945499768,0.08055445791816876,0.30978284848124404,0.39033730639941283
222.5418060200669,0.4657120428375948,0.14394483019729806,0.08055357915503718,0.3097895478100698,0.390343126965107
223.21070234113714,0.46571327963335646,0.14393795080769792,0.08055272783990672,0.30979604171903896,0.39034876955894565
223.87959866220737,0.46571447592014975,0.14393128447884818,0.08055190311589243,0.3098023364851096,0.390354239601002
224.54849498327758,0.4657156330723067,0.14392482444323934,0.08055110413190457,0.30980843835254956,0.3903595424844541
225.2173913043478,0.46571675234140225,0.14391856443375006,0.08055033010145686,0.3098143531233909,0.39036468322484774
225.88628762541805,0.4657178349110503,0.14391249845380094,0.08054958027331757,0.30982008636183134,0.39036966663514894
226.55518394648828,0.46571888196504035,0.14390662070028595,0.08054885391531098,0.3098256434193626,0.39037449733467355
227.22408026755852,0.46571989516876655,0.14390092499240215,0.08054815019728286,0.3098310296415484,0.39037917983883125
227.89297658862876,0.46572087555775393,0.14389540569154655,0.08054746842259776,0.3098362503281017,0.39038371875069944
228.561872909699,0.465721823811594,0.14389005750233028,0.08054680797435008,0.30984131071172566,0.3903881186860757
229.23076923076923,0.4657227411008661,0.14388487509815223,0.08054616816952262,0.3098462156314589,0.39039238380098157
229.89966555183946,0.465723628747287,0.14387985329691477,0.08054554831966931,0.30985096963612896,0.3903965179557983
230.5685618729097,0.46572448751748113,0.14387498718345443,0.08054494783451593,0.3098555774645485,0.39040052529906444
231.23745819397993,0.46572531829077357,0.1438702719710095,0.080544366121921,0.30986004361629604,0.390404409738217
231.90635451505017,0.46572612212222114,0.14386570295476794,0.08054380257512689,0.30986437234788416,0.39040817492301105
232.5752508361204,0.46572689988596255,0.14386127544648789,0.08054325661221866,0.3098685680553308,0.3904118246675495
233.24414715719064,0.4657276524093572,0.14385698528025256,0.08054272770946355,0.3098726346009266,0.39041536231039015
233.91304347826087,0.46572838042413334,0.14385282873067481,0.08054221539941302,0.3098765754457789,0.39041879084519193
234.5819397993311,0.46572908475307356,0.1438488015813402,0.08054171915362197,0.3098803945119643,0.39042211366558627
235.25083612040135,0.46572976630078267,0.14384489920790894,0.0805412383923155,0.30988409609899303,0.39042533449130856
235.91973244147158,0.4657304258891948,0.1438411173970162,0.08054077258739283,0.30988768412639617,0.390428456713789
236.58862876254182,0.4657310641160117,0.1438374530497619,0.08054032135088578,0.3098911614833407,0.3904314828342265
237.25752508361205,0.46573168170431306,0.14383390244419628,0.08053988421648227,0.30989453163500835,0.39043441585149063
237.9264214046823,0.4657322793707254,0.1438304618871962,0.08053946072155198,0.30989779802052636,0.39043725874207835
238.5953177257525,0.4657328577187521,0.14382712822514235,0.08053905047170105,0.30990096358440455,0.39044001405610557
239.26421404682273,0.4657334173912668,0.14382389811675397,0.08053865304879827,0.309904031443181,0.3904426844919793
239.93311036789297,0.46573395897414577,0.14382076849352748,0.08053826806929204,0.3099070044630347,0.39044527253232675
240.6020066889632,0.4657344832142834,0.14381773551714885,0.08053789505208145,0.30990988621648635,0.3904477812685678
241.27090301003344,0.4657349905132851,0.1438147970003049,0.08053753372527372,0.3099126787611364,0.3904502124864101
241.93979933110367,0.4657354814908462,0.143811949713053,0.0805371836848544,0.3099153851112463,0.3904525687961007
242.6086956521739,0.46573595671622386,0.14380919072838785,0.08053684456354393,0.3099180079918444,0.3904548525553883
243.27759197324414,0.4657364167163989,0.14380651736613723,0.08053651602414515,0.30992054989331874,0.39045706591746393
243.94648829431438,0.4657368620058022,0.14380392698863792,0.08053619773531595,0.309923013270244,0.39045921100555997
244.6153846153846,0.4657372930705338,0.1438014171092181,0.08053588938443206,0.3099254004358161,0.39046128982024814
245.28428093645485,0.46573770996540403,0.14379898541887648,0.08053559073226473,0.30992771388345475,0.3904633046157195
245.95317725752508,0.4657381119082777,0.14379662968328172,0.08053530165510929,0.30992995675333135,0.3904652584084406
246.62207357859532,0.46573850149835955,0.14379434701929986,0.08053502152821886,0.3099321299541218,0.3904671514823406
247.29096989966555,0.4657388797594923,0.1437921350044026,0.08053474997606024,0.3099342352600448,0.39046898523610507
247.9598662207358,0.46573924525112415,0.1437899919117914,0.08053448701060038,0.30993627582648403,0.39047076283708443
248.62876254180603,0.4657395986563212,0.1437879155364644,0.08053423232204733,0.3099382534851671,0.39047248580721444
249.29765886287626,0.4657399413564776,0.14378590355626983,0.08053398549881885,0.30994016958843373,0.3904741550872526
