Generation,xOC,xOB,xMMd,xMMr,total xMM
0.0,0.25,0.4444444444444444,0.2777777777777778,0.027777777777777776,0.3055555555555556
1.0344827586206897,0.39361770891078923,0.31363559039714295,0.2691771254522723,0.0235695752397955,0.29274670069206776
2.0689655172413794,0.44063760489162695,0.23997177483886672,0.2973908100828151,0.021999810186691122,0.3193906202695062
3.1034482758620694,0.4593656964539177,0.18684610688014003,0.3330982103149861,0.020689986350956147,0.35378819666594225
4.137931034482759,0.4650726727912969,0.14628900559421149,0.36933745591106565,0.019300865703425894,0.3886383216144915
5.172413793103448,0.4629682402005694,0.11507506759629275,0.40410334492785854,0.017853347275279315,0.42195669220313786
6.206896551724139,0.45565914006525937,0.09106548636771065,0.4368583017380857,0.016417071828944287,0.45327537356703
7.241379310344828,0.4448310833614732,0.07259342104906115,0.4675292954122966,0.015046200177169036,0.4825754955894656
8.275862068965518,0.43169321679310413,0.05834606138281918,0.49618831244618616,0.013772409377890475,0.5099607218240767
9.310344827586208,0.4171348259952466,0.04730784948553788,0.5229473394825027,0.0126099850367127,0.5355573245192154
10.344827586206897,0.4018085246249345,0.038705606883644265,0.5479240127496272,0.011561855741794108,0.5594858684914213
11.379310344827587,0.38618823818042836,0.03195634871293094,0.5712311835717396,0.010624229534901001,0.5818554131066407
12.413793103448278,0.3706133087920832,0.02662239238956962,0.5929745745971269,0.009789724221220226,0.6027642988183471
13.448275862068966,0.3553223588736896,0.02237529597596075,0.6132529999415174,0.009049345208832086,0.6223023451503494
14.482758620689657,0.3404790798313147,0.018968060380063656,0.6321591838576811,0.008393675930940604,0.6405528597886218
15.517241379310345,0.3261917175370161,0.016214205257572945,0.649780521139374,0.0078135560660371,0.6575940772054111
16.551724137931036,0.3125276968698745,0.013972226501015338,0.6661996378337586,0.007300438795351474,0.67350007662911
17.586206896551726,0.29952458019135303,0.012134125740822633,0.6814947415460517,0.006846552521772527,0.6883412940678243
18.620689655172416,0.28719826600704884,0.010616962970019614,0.6957398237950092,0.006444947227922289,0.7021847710229315
19.655172413793103,0.27554911981547486,0.009356630912729876,0.7090047735515352,0.006089475720260067,0.7150942492717953
20.689655172413794,0.26456655501974713,0.008303254602993687,0.7213554497327961,0.005774740644463155,0.7271301903772592
21.724137931034484,0.2542324539900231,0.0074177786487237985,0.7328537413934897,0.0054960259677633095,0.7383497673612529
22.758620689655174,0.24452371325551459,0.006669423488230158,0.7435576394212172,0.005249223835038178,0.7488068632562553
23.793103448275865,0.2354141327385729,0.006033779294104247,0.7535213250475804,0.005030762919742298,0.7585520879673227
24.827586206896555,0.22687580607604801,0.005491369655151538,0.7627952827481559,0.004837541520644497,0.7676328242688003
25.862068965517242,0.21888013866761769,0.005026562966441728,0.7714264314877065,0.004666866878234195,0.7760932983659407
26.896551724137932,0.21139858146311138,0.004626742510175588,0.77945827484774,0.004516401178972999,0.783974676026713
27.931034482758623,0.20440314981326824,0.004281670003118423,0.7869310661181501,0.004384114065463266,0.7913151801836134
28.965517241379313,0.1978667835421403,0.003982994673506367,0.7938819805192274,0.004268241265125983,0.7981502217843534
30.0,0.1917635842403312,0.0037238724214094694,0.8003452946032349,0.004167248735024452,0.8045125433382594
30.0,0.4658175585050155,0.008738628612982987,0.5152385015184552,0.010205311363546401,0.5254438128820016
31.0,0.49616976743429286,0.016568522957994734,0.46577164890395173,0.021490060703760704,0.4872617096077124
32.0,0.5526274611197883,0.027230541702718703,0.38077847357550304,0.03936352360198966,0.4201419971774927
33.0,0.5812424630668148,0.04011340137723375,0.3130627639030756,0.06558137165287589,0.3786441355559515
34.0,0.5914812568468043,0.05347121002367238,0.25508918458817226,0.09995834854135098,0.35504753312952325
35.0,0.5852562178815282,0.06551196476342602,0.2078324832787528,0.14139933407629304,0.3492318173550458
36.0,0.567548361470584,0.0747416210825432,0.16998340871819198,0.1877266087286808,0.3577100174468728
37.0,0.542957855389551,0.08039789568669678,0.14021791414885237,0.2364263347749,0.37664424892375237
38.0,0.5153808606878563,0.08244071392215178,0.1170853985652083,0.2850930268247835,0.40217842538999177
39.0,0.48761694208860795,0.08135810389758774,0.09924691466629532,0.3317780393475091,0.4310249540138044
40.0,0.46144861085884,0.07789898978685891,0.08555046975905294,0.37510192959524813,0.4606523993543011
41.0,0.43785229327011294,0.07285512494614213,0.0750589273738313,0.4142336544099136,0.4892925817837449
42.0,0.41724309806735493,0.06692622209310983,0.06703609839100798,0.4487945814485273,0.5158306798395352
43.0,0.39967953504621434,0.06066130547767667,0.0609162977126052,0.47874286176350395,0.5396591594761092
44.0,0.38501327732307605,0.05445136500903089,0.05626998151462114,0.5042653761532719,0.5605353576678931
45.0,0.3729888192623024,0.04854928139709385,0.05277240288349062,0.5256894964571133,0.5784618993406039
46.0,0.36330557058959534,0.043099827827278905,0.05017768871155972,0.5434169128715661,0.5935946015831259
47.0,0.35565433140841685,0.038169788023866696,0.048298563263580924,0.5578773173041355,0.6061758805677164
48.0,0.3497374242508112,0.03377356911781471,0.046990999474482965,0.5694980071568911,0.6164890066313741
49.0,0.3452788894980698,0.029892950002439734,0.04614283181161888,0.5786853286878717,0.6248281604994905
50.0,0.34202889007593623,0.026491279894749708,0.045665414217189525,0.5858144158121246,0.6314798300293141
51.0,0.33976487874269884,0.023523114327436846,0.04548756005403783,0.5912244468758265,0.6367120069298643
52.0,0.3382910388617597,0.020940403309285257,0.04555116681404661,0.5952173910149083,0.6407685578289549
53.0,0.33743685884770663,0.01869622451634473,0.04580807294263093,0.5980588436933177,0.6438669166359487
54.0,0.3370553110306298,0.01674684985847267,0.04621780920578352,0.599980029905114,0.6461978391108976
55.0,0.3370208820637961,0.015052728605784523,0.04674599473063704,0.6011803945997823,0.6479263893304195
56.0,0.33722757960022,0.013578797393543342,0.047363193406957625,0.601830429599279,0.6491936230062366
57.0,0.33758697677419364,0.012294394573705614,0.04804409506810452,0.6020745335839962,0.6501186286521008
58.0,0.3380263257071112,0.011172960091835039,0.04876692217227706,0.6020337920287766,0.6508007142010537
59.0,0.3384867579053719,0.010191635142524486,0.049512989889638225,0.6018086170624655,0.6513216069521036
60.0,0.3389215838889617,0.009330830850826446,0.05026636794873976,0.601481217311472,0.6517475852602118
61.0,0.339294701793917,0.008573805816556913,0.05101360798848988,0.6011178844010362,0.6521314923895261
62.0,0.3395791227094203,0.00790627366276052,0.051743511694729585,0.6007710919330895,0.6525146036278191
63.0,0.3397556182761583,0.007316050196630885,0.0524469235435812,0.6004814079836296,0.6529283315272109
64.0,0.3398114934689104,0.006792742934391711,0.05311653818411212,0.6002792254125857,0.6533957635966979
65.0,0.33973948471150706,0.006327481870433975,0.053746716885156025,0.600186316532903,0.6539330334180591
66.0,0.33953678079967664,0.005912688361809349,0.05433331045984994,0.600217220378664,0.654550530838514
67.0,0.3392041617670983,0.005541878119745678,0.05487348800517123,0.6003804721079848,0.6552539601131561
68.0,0.3387452489663405,0.005209494081552667,0.05536557192913177,0.600679685022975,0.6560452569521068
69.0,0.33816585830582946,0.00491076508476498,0.05580888030892621,0.6011144963004793,0.6569233766094055
70.0,0.33747344777330773,0.004641586599604358,0.056203577806584214,0.6016813878205036,0.6578849656270879
71.0,0.3366766500259415,0.004398420187432972,0.05655053630174504,0.6023743934848806,0.6589249297866256
72.0,0.3357848808535047,0.004178208779256056,0.05685120618704319,0.6031857041801961,0.6600369103672393
73.0,0.3348080146330425,0.003978305275406782,0.05710749898484424,0.6041061811067064,0.6612136800915507
74.0,0.3337561184047442,0.0037964123385149937,0.057321681636385347,0.6051257876203556,0.6624474692567409
75.0,0.332639236834456,0.003630531580180908,0.05749628251954423,0.606233949065819,0.6637302315853632
76.0,0.3314672210275854,0.0034789206267434353,0.05763400898976374,0.6074198493559074,0.6650538583456712
77.0,0.3302495948759388,0.003340056793574829,0.05773767602052579,0.6086726723099606,0.6664103483304864
78.0,0.328995453320438,0.003212606304363196,0.057810145348756926,0.6099817950264419,0.6677919403751988
79.0,0.3277133875770305,0.003095398166305038,0.05785427440565276,0.6113369398510116,0.6691912142566644
80.0,0.326411432987682,0.0029874019584537614,0.05787287423082408,0.6127282908230401,0.6706011650538642
81.0,0.3250970357170037,0.002887708912794943,0.05786867552205258,0.6141465798481488,0.6720152553702015
82.0,0.3237770350163987,0.002795515769658934,0.0578443019583291,0.6155831472556132,0.6734274492139423
83.0,0.3224576582232783,0.002710110974085704,0.05780224994422587,0.6170299808584101,0.6748322308026361
84.0,0.32114452605644267,0.0026308628505201884,0.05774487395337406,0.6184797371396631,0.6762246110930372
85.0,0.31984266611465023,0.0025572094521129703,0.057674376692783746,0.6199257477404531,0.6776001244332368
86.0,0.3185565327885459,0.0024886498299306046,0.05759280336354351,0.62136201401798,0.6789548173815234
87.0,0.3172900320612947,0.0024247365082160294,0.057502039353344726,0.6227831920771447,0.6802852314304894
88.0,0.3160465499049268,0.002365068985877114,0.057403810759256074,0.62418457034994,0.6815883811091961
89.0,0.31482898318164937,0.0023092881127790258,0.05729968720280569,0.6255620415027658,0.6828617287055715
90.0,0.31363977213578553,0.0022570712131342084,0.05719108646185665,0.6269120701892236,0.6841031566510801
91.0,0.3124809337157494,0.0022081278481173366,0.057079280503611156,0.628231657932522,0.6853109384361332
92.0,0.3113540950992701,0.0021621961264392973,0.056965402559381484,0.6295183062149091,0.6864837087742905
93.0,0.31026052691130357,0.002119039485537946,0.05685045493389799,0.6307699786692604,0.6876204336031585
94.0,0.30920117572479217,0.0020784438777339057,0.05673531728952441,0.6319850631079496,0.688720380397474
95.0,0.30817669552139754,0.0020402153055293637,0.05662075518868437,0.6331623339843887,0.689783089173073
96.0,0.3071874778641402,0.002004177658504886,0.056507428716089554,0.6343009157612653,0.6908083444773548
97.0,0.3062336805978878,0.001970170811249289,0.05639590103614741,0.6354002475547156,0.6917961485908629
98.0,0.3053152549480803,0.0019380489476526293,0.05628664677044845,0.6364600493338186,0.6927466961042671
99.0,0.30443197093405855,0.001907679081878483,0.05618006010577849,0.6374802898782844,0.693660349984063
100.0,0.30358344105186363,0.0018789397505554395,0.0560764625649948,0.6384611566325861,0.694537619197581
101.0,0.3027691422132902,0.001851719854311155,0.05597611039168713,0.6394030275407114,0.6953791379323986
102.0,0.30198843595410474,0.001825917629817125,0.055879201515158614,0.6403064449009195,0.6961856464160782
103.0,0.30124058694543054,0.001801439736103555,0.055785882075237686,0.6411720912432283,0.696957973318466
104.0,0.3005247798589861,0.00177820044111239,0.0556962524970945,0.642000767202807,0.6976970196999015
105.0,0.2998401346497659,0.0017561208963421645,0.055610373114875176,0.6427933713390167,0.698403744453892
106.0,0.2991857203293869,0.0017351284890507847,0.055528269349864066,0.6435508818316984,0.6990791511815624
107.0,0.2985605673101812,0.0017151562628634814,0.055449936454284525,0.6442743399726708,0.6997242764269552
108.0,0.2979636784046223,0.0016961423988181709,0.05537534383597689,0.6449648353605825,0.7003401791965593
109.0,0.2973940385671996,0.001678029749898949,0.05530443898224916,0.6456234927006522,0.7009279316829015
110.0,0.29685062346675617,0.0016607654229853417,0.05523715100335551,0.646251460106903,0.7014886111102585
111.0,0.29633240697685953,0.0016443004029012896,0.05517339381747503,0.6468498988027641,0.7020232926202391
112.0,0.29583836767024047,0.0016285892139014206,0.0551130689998718,0.6474199741159863,0.7025330431158581
113.0,0.2953674944009557,0.0016135896144979323,0.055056068319230246,0.6479628476653161,0.7030189159845464
114.0,0.2949187910548669,0.0015992623220221498,0.05500227598407978,0.6484796706390312,0.703481946623111
115.0,0.2944912805454811,0.001585570763741206,0.05495157062182759,0.64897157806895,0.7039231486907777
116.0,0.2940840081282816,0.0015724808517215286,0.0549038270122846,0.6494396840077122,0.7043435110199968
117.0,0.2936960441025208,0.0015599607789546055,0.054858917596752585,0.649885077521772,0.7047439951185246
118.0,0.2933264859651639,0.0015479808345434558,0.054816713782790495,0.6503088194175021,0.7051255332002926
119.0,0.2929744600773099,0.0015365132359959836,0.054777087063738426,0.6507119396229557,0.7054890266866941
120.0,0.29263912289908683,0.0015255319768886545,0.05473990997097675,0.6510954351530478,0.7058353451240246
121.0,0.2923196618447383,0.0015150126883549258,0.0547050568757696,0.6514602685911371,0.7061653254669067
122.0,0.2920152958054582,0.0015049325130209088,0.054672404656402565,0.6518073670251183,0.7064797716815209
123.0,0.291725275383506,0.0014952699901589978,0.054641833245194255,0.6521376213811406,0.7067794546263348
124.0,0.29144888287728554,0.0014860049509611158,0.05461322606885447,0.6524518861028988,0.7070651121717533
125.0,0.2911854320534049,0.0014771184229490702,0.05458647039458668,0.6527509791290593,0.7073374495236461
126.0,0.2909342677382694,0.0014685925426421713,0.05456145759329919,0.6530356821257892,0.7075971397190884
127.0,0.2906947652585047,0.0014604104756933613,0.054538083330302516,0.6533067409354995,0.7078448242658019
128.0,0.29046632975646125,0.001452556343786067,0.05451624769293374,0.653564866206819,0.7080811138997526
129.0,0.2902483954042177,0.0014450151576560514,0.05449585526366618,0.65381073417446,0.7083065894381263
130.0,0.290040424536876,0.0014377727556667478,0.05447681514643307,0.6540449875610242,0.7085218027074572
131.0,0.28984190672352106,0.0014308157474238498,0.05445904095312056,0.6542682365759345,0.708727277529055
132.0,0.28965235779199394,0.0014241314619661048,0.05444245075646487,0.654481059989575,0.7089235107460399
133.0,0.28947131882159527,0.001417707900115017,0.05442696701492191,0.6546840062633678,0.7091109732782896
134.0,0.289298355115982,0.0014115336906071307,0.05441251647446238,0.6548775947189486,0.7092901111934109
135.0,0.2891330551668414,0.0014055980496692584,0.05439903005168004,0.6550623167318094,0.7094613467834895
136.0,0.28897502961740495,0.00139989074372994,0.05438644270208263,0.6552386369367825,0.7096250796388651
137.0,0.28882391023349857,0.0013944020549899482,0.05437469327696209,0.6554069944345494,0.7097816877115115
138.0,0.2886793488885965,0.0013891227496011995,0.05436372437181114,0.6555678039899913,0.7099315283618023
139.0,0.28854101656825354,0.0013840440482272766,0.05435348216886249,0.6557214572146566,0.7100749393835192
140.0,0.28840860239831323,0.0013791575987802274,0.054343916275975644,0.6558683237269309,0.7102122400029066
141.0,0.2882818127004269,0.001374455451147614,0.05433497956377807,0.6560087522846474,0.7103437318484255
142.0,0.2881603700776607,0.0013699300337411892,0.05432662800268394,0.6561430718859143,0.7104696998885982
143.0,0.28804401253229645,0.0013655741317142396,0.05431882050115801,0.6562715928348314,0.7105904133359895
144.0,0.28793249261735476,0.0013613808667087876,0.05431151874636669,0.6563946077695697,0.7107061265159363
145.0,0.2878255766228602,0.0013573436780065808,0.05430468704815642,0.6565123926509768,0.7108170796991332
146.0,0.28772304379743663,0.0013534563049693174,0.05429829218712191,0.6566252077104722,0.7109234998975941
147.0,0.28762468560544785,0.0013497127706639514,0.05429230326737082,0.6567332983565175,0.7110256016238883
148.0,0.28753030501958027,0.0013461073665783105,0.05428669157445415,0.6568368960393872,0.7111235876138414
149.0,0.28743971584850536,0.001342634638340749,0.054281430438812055,0.6569362190743419,0.7112176495131539
150.0,0.28735274209903094,0.001339289372365239,0.05427649510498189,0.6570314734236219,0.7113079685286038
151.0,0.2872692173719767,0.0013360665833502484,0.054271862606725924,0.6571228534379472,0.7113947160446731
152.0,0.2871889842908583,0.0013329615025660414,0.054267511648159794,0.6572105425584158,0.7114780542065756
153.0,0.2871118939623542,0.0013299695668707286,0.05426342249089828,0.6572947139798767,0.711558136470775
154.0,0.28703780546743507,0.001327086408400561,0.054259576847180614,0.6573755312769838,0.7116351081241644
155.0,0.2869665853819779,0.0013243078448846254,0.05425595777889162,0.6574531489942458,0.7117091067731374
156.0,0.2868981073256376,0.0013216298705383486,0.05425254960235859,0.6575277132014654,0.711780262803824
157.0,0.28683225153772207,0.001319048647494065,0.054249337798773056,0.6575993620160109,0.7118486998147839
158.0,0.28676890447880976,0.001316560497730382,0.05424630893006245,0.6576682260933975,0.71191453502346
159.0,0.28670795845684016,0.0013141618954652676,0.0542434505600192,0.6577344290876754,0.7119778796476947
160.0,0.2866493112764287,0.0013118494599806498,0.05424075118047982,0.6577980880831109,0.7120388392635907
161.0,0.2865928659101682,0.001309619948848946,0.054238200142337656,0.6578593139986452,0.7120975141409828
162.0,0.286538530190713,0.0013074702515343199,0.05423578759116678,0.657918211966586,0.7121539995577527
163.0,0.2864862165224691,0.0013053973833436375,0.05423350440723079,0.6579748816869564,0.7122083860941871
164.0,0.28643584161175495,0.0013033984797040641,0.05423134214965053,0.6580294177588905,0.712260759908541
165.0,0.2863873262143356,0.001301470790746044,0.05422929300450508,0.6580819099904134,0.7123112029949185
166.0,0.2863405948992761,0.0012996116761720532,0.05422734973664513,0.6581324436879066,0.7123597934245517
167.0,0.28629557582810794,0.001297818600393007,0.054225505645000824,0.6581810999264982,0.712406605571499
168.0,0.2862522005483427,0.0012960891279155723,0.05422375452117347,0.6582279558025681,0.7124517103237415
169.0,0.2862104038004206,0.0012944209189648924,0.054222090611106485,0.658273084669508,0.7124951752806145
170.0,0.2861701233372217,0.0012928117253283612,0.05422050857963844,0.6583165563578114,0.7125370649374498
171.0,0.2861312997553174,0.0012912593864071484,0.0542190034777495,0.658358437380526,0.7125774408582755
172.0,0.2860938763371844,0.0012897618254631125,0.05421757071232044,0.658398791125032,0.7126163618373524
173.0,0.28605779890364635,0.0012883170460496456,0.05421620601823219,0.6584376780320718,0.7126538840503039
174.0,0.2860230156758536,0.0012869231286157664,0.05421490543264223,0.6584751557628884,0.7126900611955306
175.0,0.2859894771461508,0.0012855782272735488,0.05421366527128359,0.6585112793552921,0.7127249446265755
176.0,0.28595713595722433,0.0012842805667196318,0.0542124821066396,0.6585461013694164,0.7127585834760559
177.0,0.2859259467889581,0.0012830284393021928,0.05421135274785733,0.6585796720238823,0.7127910247717396
178.0,0.28589586625246527,0.0012818202022253369,0.05421027422226978,0.6586120393230396,0.7128223135453093
179.0,0.28586685279079554,0.001280654274883389,0.05420924375840552,0.6586432491759157,0.7128524929343212
180.0,0.28583886658585356,0.0012795291363180612,0.05420825877037228,0.6586733455074559,0.7128816042778283
181.0,0.285811869471096,0.0012784433227919236,0.05420731684350803,0.6587023703626039,0.712909687206112
182.0,0.2857858248495985,0.00127739542547202,0.05420641572120059,0.6587303640037289,0.7129367797249294
183.0,0.285760697617123,0.0012763840882178557,0.05420555329278345,0.6587573650018756,0.7129629182946591
184.0,0.28573645408983045,0.0012754080054683521,0.05420472758242207,0.6587834103222792,0.7129881379047013
185.0,0.2857130619363167,0.0012744659202226741,0.05420393673891098,0.6588085354045496,0.7130124721434606
186.0,0.2856904901136706,0.0012735566221101665,0.05420317902630792,0.6588327742379113,0.7130359532642191
187.0,0.28566870880727296,0.0012726789455449032,0.05420245281533648,0.6588561594318457,0.7130586122471821
188.0,0.28564768937407786,0.0012718317679606239,0.05420175657549415,0.6588787222824675,0.7130804788579617
189.0,0.2856274042891369,0.001271014008122084,0.054201088867807515,0.6589004928349336,0.7131015817027411
190.0,0.2856078270951423,0.0012702246245090655,0.05420044833818048,0.6589214999421682,0.7131219482803486
191.0,0.28558893235478405,0.001269462613769517,0.05419983371128603,0.6589417713201604,0.7131416050314465
192.0,0.2855706956057288,0.0012687270092384818,0.05419924378495585,0.6589613336000768,0.7131605773850327
193.0,0.285553093318046,0.0012680168795196722,0.054198677425025675,0.6589802123774087,0.7131788898024344
194.0,0.28553610285391556,0.0012673313271267083,0.0541981335605979,0.6589984322583599,0.7131965658189579
195.0,0.28551970242946756,0.0012666694871812114,0.054197611179685856,0.6590160169036654,0.7132136280833512
196.0,0.2855038710786136,0.001266030526165095,0.05419710932520724,0.6590329890700142,0.7132300983952213
197.0,0.28548858861873944,0.0012654136407245263,0.054196627091297106,0.6590493706492389,0.7132459977405359
198.0,0.2854738356181413,0.0012648180565231874,0.05419616361991269,0.6590651827054229,0.7132613463253357
199.0,0.28545959336509213,0.001264243027142563,0.05419571809770557,0.6590804455100597,0.7132761636077654
200.0,0.28544584383843846,0.0012636878330271285,0.05419528975313791,0.6590951785753963,0.7132904683285343
201.0,0.2854325696796295,0.0012631517804723997,0.05419487785382216,0.659109400686076,0.7133042785398982
202.0,0.2854197541660935,0.0012626342006539148,0.0541944817040648,0.6591231299291879,0.7133176116332526
203.0,0.2854073811858782,0.0012621344486953338,0.05419410064259722,0.6591363837228293,0.7133304843654265
204.0,0.28539543521347993,0.0012616519027739063,0.05419373404047713,0.6591491788432691,0.7133429128837462
205.0,0.2853839012867918,0.0012611859632616663,0.05419338129914668,0.6591615314507999,0.7133549127499466
206.0,0.2853727649851059,0.0012607360519007822,0.054193041848633446,0.6591734571143599,0.7133664989629934
207.0,0.2853620124081086,0.001260301611011576,0.05419271514588261,0.6591849708349972,0.7133776859808797
208.0,0.28535163015581433,0.0012598821027317933,0.054192400673209185,0.6591960870682447,0.7133884877414539
209.0,0.2853416053093826,0.0012594770082857728,0.054192097936860265,0.6592068197454714,0.7133989176823317
210.0,0.2853319254127746,0.0012590858272822371,0.054191806465678054,0.6592171822942652,0.7134089887599433
211.0,0.2853225784551988,0.0012587080770394788,0.054191525809855555,0.6592271876579062,0.7134187134677619
212.0,0.28531355285430854,0.0012583432919367813,0.05419125553977721,0.6592368483139776,0.7134281038537548
213.0,0.285304837440108,0.0012579910227909635,0.05419099524493751,0.6592461762921634,0.713437171537101
214.0,0.285296421439533,0.0012576508362569935,0.05419074453293159,0.6592551831912784,0.7134459277242099
215.0,0.28528829446167114,0.0012573223142516602,0.05419050302851145,0.6592638801955657,0.7134543832240772
216.0,0.285280446483589,0.0012570050533993508,0.05419027037270349,0.6592722780903081,0.7134625484630116
217.0,0.2852728678367376,0.0012566986644990065,0.05419004622198157,0.6592803872767817,0.7134704334987634
218.0,0.2852655491939063,0.001256402772011392,0.05418983024749215,0.6592882177865902,0.7134780480340823
219.0,0.28525848155670064,0.0012561170135658387,0.054189622134326966,0.6592957792954066,0.7134854014297337
220.0,0.2852516562435181,0.0012558410394856675,0.05418942158083981,0.6593030811361564,0.7134925027169963
221.0,0.28524506487799905,0.0012555745123315305,0.054189228298004294,0.6593101323116651,0.7134993606096696
222.0,0.28523869937793106,0.0012553171064619416,0.05418904200880916,0.6593169415067978,0.7135059835156069
223.0,0.2852325519445856,0.00125506850761031,0.054188862447688974,0.6593235171001152,0.7135123795478041
224.0,0.28522661505246805,0.0012548284124778012,0.05418868935998697,0.6593298671750673,0.7135185565350542
225.0,0.2852208814394628,0.0012545965283414031,0.05418852250144845,0.6593359995307474,0.7135245220321959
226.0,0.2852153440973553,0.0012543725726765849,0.05418836163774216,0.6593419216922259,0.7135302833299682
227.0,0.2852099962627165,0.001254156272793968,0.05418820654400786,0.6593476409204817,0.7135358474644896
228.0,0.28520483140813163,0.0012539473654894565,0.0541880570044283,0.6593531642219506,0.7135412212263789
229.0,0.2851998432337607,0.0012537455967072996,0.05418791281182413,0.6593584983577079,0.7135464111695319
230.0,0.2851950256592167,0.0012535507212155694,0.05418777376726983,0.6593636498522979,0.7135514236195678
231.0,0.28519037281574644,0.001253362502293578,0.054187639679729824,0.65936862500223,0.7135562646819599
232.0,0.28518587903870374,0.001253180711430762,0.054187510365713135,0.6593734298841524,0.7135609402498655
233.0,0.2851815388603019,0.0012530051280365889,0.05418738564894547,0.659378070362716,0.7135654560116614
234.0,0.28517734700263414,0.001252835539161063,0.054187265360057905,0.6593825520981469,0.7135698174582047
235.0,0.28517329837095173,0.0012526717392254171,0.05418714933629066,0.6593868805535322,0.7135740298898229
236.0,0.28516938804718855,0.001252513529762602,0.05418703742121176,0.659391061001837,0.7135780984230488
237.0,0.2851656112837238,0.0012523607191671944,0.054186929464449016,0.6593950985326601,0.7135820279971091
238.0,0.28516196349737166,0.0012522131224543644,0.05418682532143496,0.6593989980587389,0.7135858233801738
239.0,0.2851584402635912,0.0012520705610275624,0.05418672485316401,0.6594027643222172,0.7135894891753812
240.0,0.2851550373109052,0.0012519328624545857,0.054186627925960865,0.6594064019006793,0.7135930298266402
241.0,0.2851517505155225,0.0012517998602517156,0.05418653441125985,0.659409915212966,0.7135964496242259
242.0,0.28514857589615483,0.001251671393675613,0.05418644418539436,0.6594133085247752,0.7135997527101696
243.0,0.2851455096090199,0.001251547307522688,0.054186357129396144,0.6594165859540613,0.7136029430834574
244.0,0.28514254794302546,0.0012514274519356578,0.05418627312880343,0.6594197514762355,0.713606024605039
245.0,0.2851396873151256,0.0012513116822170242,0.05418619207347804,0.6594228089291794,0.7136090010026575
246.0,0.2851369242658446,0.0012511998586492161,0.054186113857430405,0.6594257620180758,0.7136118758755062
247.0,0.2851342554549598,0.0012510918463211449,0.054186038378652636,0.6594286143200664,0.713614652698719
248.0,0.2851316776573405,0.0012509875149609355,0.05418596553895878,0.6594313692887397,0.7136173348276985
249.0,0.285129187758934,0.001250886738774608,0.054185895243832244,0.6594340302584593,0.7136199255022915
250.0,0.2851267827528949,0.0012507893962904828,0.054185827402279736,0.659436600448535,0.7136224278508148
251.0,0.28512445973585315,0.0012506953702091075,0.05418576192669169,0.6594390829672462,0.7136248448939377
252.0,0.2851222159043132,0.0012506045472584942,0.05418569873270866,0.6594414808157196,0.7136271795484284
253.0,0.28512004855118245,0.0012505168180544776,0.05418563773909339,0.6594437968916697,0.713629434630763
254.0,0.2851179550624212,0.0012504320769660049,0.054185578867608504,0.6594460339930043,0.7136316128606128
255.0,0.2851159329138124,0.0012503502219851767,0.054185522042899184,0.6594481948213032,0.7136337168642024
256.0,0.2851139796678448,0.0012502711546018678,0.05418546719238099,0.6594502819851724,0.7136357491775533
257.0,0.28511209297070667,0.0012501947796827587,0.05418541424613231,0.6594522980034783,0.7136377122496106
258.0,0.2851102705493853,0.0012501210053546207,0.05418536313679137,0.6594542453084687,0.7136396084452601
259.0,0.2851085102088685,0.0012500497428916983,0.05418531379945744,0.6594561262487822,0.7136414400482397
260.0,0.28510680982944475,0.0012499809066070422,0.05418526617159625,0.659457943092352,0.7136432092639483
261.0,0.28510516736409824,0.001249914413747648,0.05418522019294928,0.6594596980292048,0.713644918222154
262.0,0.2851035808359958,0.0012498501843932698,0.05418517580544678,0.6594613931741642,0.713646568979611
263.0,0.2851020483360609,0.001249788141358766,0.05418513295312425,0.6594630305694561,0.7136481635225803
264.0,0.285100568020634,0.0012497282100998632,0.05418509158204263,0.6594646121872236,0.7136497037692662
265.0,0.28509913810921367,0.0012496703186222042,0.05418505164021131,0.6594661399319529,0.7136511915721642
266.0,0.2850977568822779,0.0012496143973935723,0.05418501307751465,0.6594676156428139,0.7136526287203285
267.0,0.2850964226791803,0.0012495603792591701,0.05418497584564129,0.6594690410959192,0.7136540169415605
268.0,0.2850951338961208,0.0012495081993598514,0.05418493989801618,0.6594704180065031,0.7136553579045192
269.0,0.2850938889841869,0.0012494577950531941,0.05418490518973562,0.6594717480310243,0.7136566532207599
270.0,0.2850926864474627,0.0012494091058373202,0.054184871677504694,0.6594730327691953,0.7136579044467
271.0,0.28509152484120487,0.0012493620732773598,0.05418483931957717,0.6594742737659406,0.7136591130855178
272.0,0.28509040277008085,0.0012493166409344677,0.05418480807569801,0.6594754725132868,0.7136602805889848
273.0,0.2850893188864695,0.0012492727542973022,0.05418477790704782,0.6594766304521853,0.7136614083592332
274.0,0.2850882718888203,0.0012492303607158797,0.05418474877618982,0.659477748974274,0.7136624977504639
275.0,0.28508726052006944,0.0012491894093377184,0.054184720647018576,0.6594788294235743,0.7136635500705928
276.0,0.2850862835661112,0.0012491498510461957,0.0541846934847111,0.6594798730981314,0.7136645665828425
277.0,0.2850853398543225,0.0012491116384010339,0.054184667255679456,0.659480881251597,0.7136655485072764
278.0,0.2850844282521381,0.0012490747255808484,0.05418464192752557,0.6594818550947555,0.713666497022281
279.0,0.28508354766567534,0.001249039068327676,0.05418461746899754,0.6594827957969994,0.713667413265997
280.0,0.2850826970384072,0.0012490046238934236,0.054184593849947775,0.6594837044877515,0.7136682983376993
281.0,0.28508187534988066,0.0012489713509881615,0.05418457104129262,0.6594845822578385,0.713669153299131
282.0,0.2850810816144787,0.0012489392097302034,0.0541845490149738,0.6594854301608172,0.713669979175791
283.0,0.2850803148802271,0.001248908161597905,0.05418452774392089,0.6594862492142541,0.713670776958175
284.0,0.28507957422764046,0.0012488781693831253,0.05418450720201566,0.6594870404009608,0.7136715476029765
285.0,0.2850788587686091,0.0012488491971462926,0.05418448736405757,0.6594878046701871,0.7136722920342446
286.0,0.2850781676453246,0.0012488212101730133,0.054184468205730536,0.6594885429387719,0.7136730111445024
287.0,0.2850775000292414,0.0012487941749321785,0.05418444970357105,0.6594892560922552,0.7136737057958262
288.0,0.2850768551200755,0.0012487680590355093,0.05418443183493757,0.6594899449859514,0.7136743768208889
289.0,0.28507623214483635,0.0012487428311984932,0.05418441457798078,0.6594906104459844,0.7136750250239652
290.0,0.2850756303568935,0.0012487184612026644,0.05418439791161527,0.6594912532702887,0.7136756511819039
291.0,0.28507504903507386,0.0012486949198591802,0.054184381815492205,0.6594918742295746,0.7136762560450668
292.0,0.285074487482792,0.0012486721789736468,0.05418436626997284,0.6594924740682614,0.7136768403382342
293.0,0.2850739450272081,0.0012486502113121546,0.054184351256103255,0.6594930535053763,0.7136774047614797
294.0,0.2850734210184166,0.0012486289905684783,0.0541843367555899,0.659493613235425,0.713677949991015
295.0,0.2850729148286621,0.001248608491332401,0.05418432275077601,0.6594941539292294,0.7136784766800054
296.0,0.28507242585158243,0.0012485886890591304,0.054184309224619066,0.6594946762347393,0.7136789854593585
297.0,0.2850719535014771,0.001248569560039755,0.05418429616066889,0.6594951807778141,0.7136794769384831
298.0,0.2850714972126023,0.001248551081372721,0.05418428354304669,0.6594956681629783,0.713679951706025
299.0,0.285071056438488,0.0012485332309362812,0.05418427135642479,0.6594961389741509,0.7136804103305757
300.0,0.2850706306512805,0.0012485159873618919,0.054184259586007116,0.6594965937753505,0.7136808533613576
301.0,0.2850702193411066,0.001248499330008517,0.054184248217510486,0.6594970331113744,0.713681281328885
302.0,0.2850698220154595,0.0012484832389378152,0.0541842372371464,0.6594974575084562,0.7136816947456026
303.0,0.28506943819860603,0.0012484676948901743,0.05418422663160374,0.6594978674749,0.7136820941065037
304.0,0.28506906743101423,0.001248452679261568,0.05418421638803182,0.6594982635016924,0.7136824798897242
305.0,0.2850687092688003,0.0012484381740812006,0.054184206494024306,0.659498646063094,0.7136828525571184
306.0,0.28506836328319485,0.001248424161989922,0.05418419693760357,0.6594990156172117,0.7136832125548153
307.0,0.28506802906002704,0.0012484106262193755,0.05418418770720558,0.6594993726065481,0.7136835603137537
308.0,0.2850677061992267,0.0012483975505718618,0.05418417879166551,0.659499717458536,0.7136838962502015
309.0,0.2850673943143434,0.0012483849194008907,0.054184170180203696,0.659500050586052,0.7136842207662557
310.0,0.285067093032082,0.001248372717592397,0.054184161862412185,0.6595003723879135,0.7136845342503256
311.0,0.28506680199185375,0.0012483609305465973,0.05418415382824173,0.659500683249358,0.7136848370775998
312.0,0.28506652084534356,0.0012483495441604703,0.05418414606798924,0.6595009835425067,0.713685129610496
313.0,0.28506624925609114,0.001248338544810831,0.05418413857228576,0.6595012736268122,0.7136854121990979
314.0,0.28506598689908724,0.0012483279193379862,0.05418413133208481,0.6595015538494899,0.7136856851815748
315.0,0.28506573346038305,0.0012483176550299455,0.054184124338651045,0.659501824545936,0.713685948884587
316.0,0.28506548863671327,0.0012483077396071745,0.054184117583549615,0.6595020860401299,0.7136862036236796
317.0,0.2850652521351324,0.001248298161207866,0.05418411105863555,0.6595023386450242,0.7136864497036597
318.0,0.2850650236726627,0.0012482889083737143,0.05418410475604379,0.6595025826629198,0.7136866874189637
319.0,0.28506480297595466,0.0012482799700361759,0.05418409866817941,0.6595028183858298,0.7136869170540092
320.0,0.28506458978095933,0.0012482713355031975,0.05418409278770826,0.6595030460958292,0.7136871388835375
321.0,0.28506438383261096,0.0012482629944463996,0.05418408710754795,0.6595032660653948,0.7136873531729427
322.0,0.2850641848845215,0.0012482549368886921,0.054184081620859054,0.6595034785577307,0.7136875601785898
323.0,0.28506399269868465,0.001248247153192319,0.05418407632103684,0.6595036838270862,0.7136877601481231
324.0,0.2850638070451907,0.0012482396340473044,0.05418407120170295,0.6595038821190591,0.7136879533207621
325.0,0.28506362770195065,0.0012482323704602971,0.054184066256697735,0.6595040736708915,0.7136881399275892
326.0,0.2850634544544299,0.001248225353743794,0.054184061480072605,0.6595042587117538,0.7136883201918265
327.0,0.28506328709539114,0.001248218575505729,0.054184056866082776,0.6595044374630203,0.7136884943291031
328.0,0.2850631254246459,0.0012482120276394201,0.05418405240918024,0.6595046101385343,0.7136886625477146
329.0,0.2850629692488144,0.0012482057023138573,0.05418404810400696,0.6595047769448648,0.7136888250488718
330.0,0.28506281838109393,0.00124819959196432,0.054184043945388255,0.6595049380815533,0.7136889820269416
331.0,0.2850626726410351,0.0012481936892833184,0.05418403992832664,0.659505093741355,0.7136891336696816
332.0,0.28506253185432495,0.001248187987211839,0.05418403604799555,0.6595052441104677,0.7136892801584632
333.0,0.2850623958525789,0.0012481824789308906,0.05418403229973352,0.6595053893687566,0.7136894216684901
334.0,0.2850622644731387,0.001248177157853339,0.05418402867903857,0.6595055296899694,0.713689558369008
335.0,0.28506213755887716,0.0012481720176160179,0.05418402518156256,0.6595056652419442,0.7136896904235067
336.0,0.2850620149580105,0.0012481670520721104,0.054184021803106094,0.6595057961868113,0.7136898179899174
337.0,0.28506189652391606,0.001248162255283787,0.054184018539613236,0.6595059226811869,0.7136899412208001
338.0,0.28506178211495703,0.001248157621515099,0.054184015387166634,0.6595060448763612,0.7136900602635278
339.0,0.28506167159431267,0.00124815314522511,0.05418401234198284,0.6595061629184794,0.7136901752604623
340.0,0.2850615648298142,0.0012481488210612614,0.05418400940040757,0.6595062769487169,0.7136902863491243
341.0,0.2850614616937871,0.0012481446438529678,0.05418400655891143,0.6595063871034486,0.7136903936623601
342.0,0.28506136206289745,0.0012481406086054237,0.05418400381408543,0.6595064935144117,0.7136904973284971
343.0,0.2850612658180051,0.0012481367104936292,0.05418400116263706,0.6595065963088642,0.7136905974715012
344.0,0.2850611728440203,0.0012481329448566115,0.054183998601386174,0.659506695609737,0.7136906942111232
345.0,0.2850610830297664,0.0012481293071918476,0.05418399612726114,0.6595067915357806,0.7136907876630417
346.0,0.28506099626784637,0.001248125793149876,0.05418399373729517,0.6595068842017086,0.7136908779390038
347.0,0.2850609124545144,0.0012481223985290908,0.0541839914286227,0.6595069737183338,0.7136909651469564
348.0,0.28506083148955186,0.0012481191192707135,0.05418398919847594,0.6595070601927016,0.7136910493911774
349.0,0.28506075327614716,0.0012481159514539362,0.05418398704418146,0.6595071437282174,0.7136911307723989
350.0,0.28506067772077975,0.0012481128912912316,0.05418398496315712,0.6595072244247719,0.7136912093879291
351.0,0.28506060473310846,0.001248109935123817,0.054183982952908716,0.6595073023788589,0.7136912853317676
352.0,0.2850605342258634,0.0012481070794172805,0.054183981011027144,0.659507377683692,0.7136913586947192
353.0,0.28506046611474106,0.0012481043207573498,0.054183979135185446,0.6595074504293161,0.7136914295645016
354.0,0.28506040031830393,0.0012481016558458073,0.05418397732313597,0.6595075207027142,0.7136914980258503
355.0,0.2850603367578828,0.0012480990814965453,0.054183975572707696,0.6595075885879129,0.7136915641606205
356.0,0.28506027535748263,0.0012480965946317544,0.05418397388180362,0.659507654166082,0.7136916280478857
357.0,0.2850602160436917,0.0012480941922782382,0.054183972248398125,0.659507717515632,0.7136916897640301
358.0,0.28506015874559365,0.0012480918715638601,0.05418397067053468,0.6595077787123078,0.7136917493828424
359.0,0.28506010339468274,0.001248089629714107,0.054183969146323424,0.6595078378292798,0.7136918069756032
360.0,0.28506004992478184,0.0012480874640487679,0.054183967673938856,0.6595078949372305,0.7136918626111695
361.0,0.28505999827196327,0.00124808537197873,0.05418396625161768,0.6595079501044403,0.713691916356058
362.0,0.28505994837447224,0.0012480833510028814,0.05418396487765665,0.6595080033968682,0.7136919682745249
363.0,0.28505990017265304,0.0012480813987051185,0.05418396355041055,0.6595080548782313,0.7136920184286418
364.0,0.28505985360887787,0.0012480795127514563,0.05418396226829016,0.6595081046100806,0.7136920668783707
365.0,0.2850598086274771,0.0012480776908872385,0.05418396102976047,0.6595081526518751,0.7136921136816357
366.0,0.28505976517467396,0.001248075930934438,0.05418395983333863,0.659508199061053,0.7136921588943916
367.0,0.2850597231985193,0.0012480742307890535,0.05418395867759236,0.6595082438930994,0.7136922025706918
368.0,0.28505968264882936,0.0012480725884185927,0.05418395756113813,0.6595082872016139,0.7136922447627521
369.0,0.2850596434771263,0.0012480710018596428,0.05418395648263949,0.6595083290383745,0.713692285521014
370.0,0.2850596056365801,0.0012480694692155192,0.05418395544080551,0.6595083694533989,0.7136923248942043
371.0,0.2850595690819521,0.0012480679886540007,0.0541839544343892,0.6595084084950048,0.713692362929394
372.0,0.28505953376954135,0.0012480665584051356,0.05418395346218599,0.6595084462098675,0.7136923996720536
373.0,0.28505949965713223,0.0012480651767591273,0.05418395252303239,0.6595084826430764,0.7136924351661087
374.0,0.2850594667039438,0.0012480638420642866,0.054183951615804395,0.6595085178381875,0.7136924694539919
375.0,0.28505943487058133,0.00124806255272506,0.05418395073941638,0.6595085518372773,0.7136925025766937
376.0,0.2850594041189887,0.001248061307200119,0.054183949892819536,0.6595085846809916,0.7136925345738111
377.0,0.28505937441240364,0.0012480601040005183,0.05418394907500086,0.6595086164085949,0.7136925654835958
