Generation,xOC,xOB,xMMd,xMMr,total xMM
0.0,0.26666666666666666,0.4,0.26666666666666666,0.06666666666666667,0.3333333333333333
1.0169491525423728,0.45010051052451966,0.28991042961909963,0.20850103216261964,0.05148802769376111,0.25998905985638077
2.0338983050847457,0.5032997441943569,0.24785800455007018,0.20115531038825035,0.047686940867322475,0.24884225125557283
3.0508474576271185,0.5269650413949807,0.22210731119114352,0.20465273160031433,0.04627491581356136,0.2509276474138757
4.067796610169491,0.5409274540591676,0.20258578055496085,0.21098658745853827,0.04550017792733329,0.25648676538587156
5.084745762711864,0.5507031882401603,0.18646324533238365,0.21792592046078424,0.044907645966671815,0.26283356642745603
6.101694915254237,0.5581146359226362,0.1727147673517035,0.22479560806851065,0.044374988657149575,0.26917059672566024
7.11864406779661,0.5638858192065644,0.16084382781428522,0.23139669615427488,0.043873656824875436,0.27527035297915037
8.135593220338983,0.568382701574062,0.15053542249325863,0.23768102180567233,0.043400854127007095,0.2810818759326794
9.152542372881356,0.5718392829587529,0.14155369775082072,0.24364743151324558,0.042959587777180716,0.2866070192904263
10.169491525423728,0.5744304196338657,0.1337083718287073,0.24930815223525157,0.042553056302175485,0.29186120853742703
11.1864406779661,0.5762972444415906,0.12684140263448795,0.2546780141656281,0.04218333875829339,0.29686135292392146
12.203389830508474,0.577557458230471,0.12082003634276493,0.25977118534998184,0.04185132007678212,0.301622505426764
13.220338983050848,0.5783105171263819,0.11553218582655092,0.26460037594562064,0.04155692110144649,0.3061572970470671
14.23728813559322,0.5786409291362148,0.11088289399638573,0.2691768202384033,0.0412993566289961,0.31047617686739937
15.254237288135592,0.578620658073089,0.10679148304251694,0.2735105023046907,0.04107735657970325,0.31458785888439394
16.271186440677965,0.5783111087085466,0.10318918572682331,0.2776103755068314,0.04088933005779881,0.3184997055646302
17.28813559322034,0.5777646809225272,0.10001720195855919,0.28148462347548314,0.04073349364343066,0.3222181171189138
18.305084745762713,0.5770261476207543,0.09722506839060836,0.2851408264380338,0.04060795755060366,0.32574878398863744
19.322033898305083,0.5761337305710758,0.09476932310968171,0.28858615250448805,0.040510793814754434,0.32909694631924247
20.338983050847457,0.5751200842030513,0.09261238135231378,0.29182745692225864,0.040440077522376335,0.33226753444463497
21.35593220338983,0.5740130714760573,0.09072161283419684,0.29487139643200544,0.040393919257740475,0.33526531568974594
22.3728813559322,0.5728364437252625,0.08906857077089761,0.297724500076775,0.04037048542706483,0.3380949855038398
23.389830508474574,0.5716104096352808,0.0876283503528294,0.30039322927010437,0.04036801074178558,0.3407612400118899
24.406779661016948,0.5703521353412102,0.08637905421983698,0.3028840036617128,0.04038480677724004,0.34326881043895285
25.423728813559322,0.569076131015883,0.08530134898271664,0.3052032535073527,0.040419266494047756,0.3456225200014004
26.440677966101696,0.5677946481545477,0.0843780861812192,0.30735740255400623,0.04046986311022695,0.34782726566423317
27.457627118644066,0.5665179522786243,0.08359399526540032,0.30935290001289434,0.04053515244308091,0.34988805245597526
28.47457627118644,0.5652546065533569,0.08293541786862028,0.31119620606525683,0.04061376951276598,0.3518099755780228
29.491525423728813,0.5640116952046911,0.08239008832743396,0.31289378981920374,0.040704426648671285,0.35359821646787504
30.508474576271183,0.5627950233590094,0.08194694780703315,0.3144521184211576,0.04080591041279981,0.3552580288339574
31.525423728813557,0.5616092900619782,0.08159598782739577,0.3158776437509002,0.04091707835972589,0.35679472211062613
32.54237288135593,0.5604582393095039,0.08132811814331999,0.3171767868377146,0.04103685570946152,0.35821364254717614
33.559322033898304,0.5593447912687439,0.08113505527323644,0.3183559214254166,0.04116423203260313,0.3595201534580197
34.57627118644068,0.5582711575647122,0.08100922804575054,0.3194213563879474,0.041298258001589844,0.36071961438953726
35.59322033898305,0.5572389409610082,0.08094369784471034,0.32037931885640364,0.04143804233787787,0.3618173611942815
36.610169491525426,0.5562492241448173,0.08093209069787713,0.32123593637962444,0.04158274877768117,0.3628186851573056
37.62711864406779,0.5553026451432745,0.08096853987696377,0.3219972215667153,0.041731593413046345,0.3637288149797616
38.644067796610166,0.5543994646610191,0.08104763699883225,0.3226690562929272,0.04188384204722152,0.3645528983401487
39.66101694915254,0.5535396250455946,0.0811643901752256,0.32325717704531004,0.04203880773386974,0.3652959847791798
40.67796610169491,0.5527227998364974,0.08131418825027747,0.32376716328015087,0.042195848633074344,0.3659630119132252
41.69491525423729,0.5519484382291824,0.08149277056121841,0.32420442530897925,0.04235436590061999,0.3665587912095993
42.71186440677966,0.5512158054059474,0.08169619964418369,0.3245741933893035,0.04251380156056556,0.36708799494986905
43.728813559322035,0.5505240124361538,0.08192083917175949,0.32488151139499993,0.04267363699708683,0.36755514839208675
44.7457627118644,0.5498720471951347,0.08216333288669987,0.3251312288977598,0.042833391020405634,0.3679646199181654
45.762711864406775,0.5492587989553265,0.08242058783264779,0.32532799484112546,0.04299261837090037,0.3683206132120258
46.77966101694915,0.5486830807821238,0.08268975751654355,0.3254762536491637,0.04315090805216885,0.36862716170133253
47.79661016949152,0.5481436445342417,0.08296822850858679,0.32558024473583824,0.04330788222133336,0.3688881269571716
48.813559322033896,0.5476391993725793,0.08325360668505995,0.32564399940270483,0.04346319453965587,0.3691071939423607
49.83050847457627,0.5471684257581081,0.08354370595403209,0.3256713393771545,0.043616528910705284,0.3692878682878598
50.847457627118644,0.5467299853572639,0.08383653649485352,0.3256658798968368,0.04376759825104575,0.3694334781478825
51.86440677966102,0.5463225303347015,0.08413029480590123,0.3256310314985119,0.04391614336088544,0.36954717485939736
52.88135593220339,0.5459447137567504,0.08442335305199301,0.3255700016992725,0.044061931491984035,0.36963193319125653
53.89830508474576,0.5455951958649612,0.08471425040122249,0.3254857983817859,0.04420475535203041,0.3696905537338163
54.91525423728813,0.5452726484572405,0.08500168344747866,0.325381236085227,0.04434443201005371,0.3697256680952807
55.932203389830505,0.5449757604534279,0.08528449558908667,0.32525894248219145,0.04448080147529409,0.3697397439574856
56.94915254237288,0.5447032447961965,0.08556167135573922,0.32512135803821646,0.044613725809847724,0.3697350838480642
57.96610169491525,0.5444538419743867,0.08583232566440437,0.32497074464801323,0.044743087713195615,0.36971383236120886
58.983050847457626,0.5442263162214571,0.08609569702188093,0.3248091966697665,0.044868790086895545,0.369677986756662
60.0,0.544019459223612,0.08635113946485279,0.3246386464511583,0.04499075486037693,0.36962940131153527
60.0,0.544019459223612,0.08635113946485279,0.3246386464511583,0.04499075486037693,0.36962940131153527
60.668896321070235,0.5595694152426427,0.10476326627304873,0.2811623212881779,0.0545049971961307,0.33566731848430864
61.33779264214047,0.5609990877159692,0.1261353366864757,0.24694072687191576,0.06592484872563939,0.3128655755975551
62.0066889632107,0.5527508654350575,0.14969851865015293,0.21850778967975815,0.07904282623503144,0.2975506159147896
62.675585284280935,0.5378690292692038,0.17447055611774356,0.1941065640551125,0.09355385055794015,0.28766041461305264
63.34448160535117,0.5187121026859307,0.19936133082779495,0.17284828186067183,0.10907828462560241,0.28192656648627423
64.0133779264214,0.4972060868052665,0.22331367958251172,0.15427419172303877,0.12520604188918302,0.2794802336122218
64.68227424749163,0.47491172207637267,0.24542965310769949,0.1381156801110998,0.14154294470482826,0.279658624815928
65.35117056856187,0.453035751762926,0.2650497641721665,0.12416871026302187,0.1577457738018857,0.2819144840649076
66.0200668896321,0.43244517045037595,0.2817767495771411,0.11223761559354979,0.17354046437893308,0.2857780799724829
66.68896321070234,0.41370227549105426,0.2954543857344678,0.10211840439657813,0.18872493437789972,0.2908433387744779
67.35785953177258,0.39711702028617063,0.30612014790153036,0.09360113625189577,0.20316169556040325,0.296762831812299
68.02675585284281,0.3828060627297216,0.31394944765817784,0.08647870310698105,0.21676578650511955,0.3032444896121006
68.69565217391305,0.37074886174421146,0.31920356770283886,0.08055543970419435,0.22949213084875517,0.3100475705529495
69.36454849498328,0.3608350763487579,0.3221873163482907,0.07565304265007207,0.2413245646528794,0.3169776073029515
70.03344481605352,0.3529012647283105,0.3232179347279574,0.07161348250154999,0.2522673180421821,0.3238808005437321
70.70234113712374,0.3467573851951065,0.32260422915405035,0.06829953206257591,0.26233885358826714,0.3306383856508431
71.37123745819397,0.3422048089535273,0.3206338696726619,0.06559373389265763,0.2715675874811532,0.33716132137381083
72.04013377926421,0.33904785277786703,0.31756666975411446,0.06339652377561769,0.27998895369240073,0.34338547746801845
72.70903010033445,0.3371006804880845,0.31363195339312727,0.061624020197602776,0.28764334592118534,0.3492673661187881
73.37792642140468,0.33619105423312523,0.309028545608465,0.06020579935949595,0.29457460079891373,0.3547804001584097
74.04682274247492,0.336162032655965,0.3039263314310321,0.05908283001943272,0.3008288058935701,0.3599116359130028
74.71571906354515,0.3368723866300705,0.29846866033594555,0.05820564665709076,0.30645330637689333,0.3646589530339841
75.38461538461539,0.3381962470082051,0.2927751244389289,0.057532780618298696,0.31149584793456725,0.36902862855286594
76.05351170568562,0.340022317977392,0.2869444146275845,0.05702943757284679,0.3160038298221767,0.37303326739502346
76.72240802675586,0.3422528653685624,0.28105707884430053,0.05666639486164183,0.32002366092549517,0.37669005578713705
77.3913043478261,0.3448026075225507,0.27517808570991975,0.05641908775889788,0.3236002190086316,0.3800193067675295
78.06020066889633,0.3475975835977269,0.2693591478155085,0.05626685344670676,0.3267764151400578,0.3830432685867646
78.72909698996656,0.3505740473837632,0.26364078765960347,0.056192306163586316,0.32959285879304695,0.3857851649566333
79.39799331103679,0.3536774097877514,0.2580541512571473,0.05618081839317362,0.3320876205619277,0.38826843895510127
80.06688963210702,0.35686124121525825,0.25262258385742464,0.05622009014969965,0.33429608477761746,0.39051617492731716
80.73578595317726,0.3600863480508871,0.24736298531983217,0.05629978847299016,0.3362508781562906,0.3925506666292808
81.40468227424749,0.3633199170651952,0.2422869698184077,0.05641124616036808,0.33798186695602905,0.3943931131163971
82.07357859531773,0.36653473583822715,0.2374018497952218,0.056547207477187236,0.33951620688936374,0.39606341436655096
82.74247491638796,0.36970848135253936,0.23271146753851504,0.05670161418936542,0.34087843691958025,0.3975800511089457
83.4113712374582,0.37282307996750663,0.2282168926752171,0.05686942382340438,0.3420906035338719,0.39896002735727626
84.08026755852842,0.3758641322700428,0.2239170043699761,0.05704645583099274,0.3431724075289883,0.400218863359981
84.74916387959865,0.3788203972204997,0.21980897705994765,0.05722926021277156,0.3441413655067811,0.4013706257195527
85.41806020066889,0.38168333616859956,0.21588867906863127,0.0574150066505742,0.34501297811219506,0.40242798476276925
86.08695652173913,0.38444671296443106,0.21215100163819767,0.05760138791012936,0.34580089748724185,0.4034022853973713
86.75585284280936,0.38710623108393133,0.20859012940269417,0.057786540484782906,0.3465170990285916,0.40430363951337456
87.4247491638796,0.3896592277034507,0.20519975779880784,0.057968974037803385,0.3471720404599381,0.40514101449774154
88.09364548494983,0.39210440308545375,0.20197326867411122,0.0581475124473768,0.34777481579305825,0.40592232824043506
88.76254180602007,0.39444158206602203,0.19890387198453013,0.05832124407096993,0.3483333018784779,0.4066545459494478
89.4314381270903,0.39667151659882394,0.1959847152437701,0.05848947823075698,0.34885428992664896,0.4073437681574059
90.10033444816054,0.3987957072759446,0.19320897492168715,0.05865170701840947,0.3493436107839588,0.4079953178023683
90.76923076923077,0.4008162483011552,0.19056992277700618,0.05880757732241927,0.3498062515994194,0.40861382892183873
91.43812709030101,0.4027357001159446,0.18806097721540055,0.058956864189689595,0.35024645847896524,0.40920332266865483
92.10702341137124,0.4045569995392249,0.18567573784769487,0.05909944379545927,0.3506678188176211,0.40976726261308033
92.77591973244148,0.4062833552995747,0.1834080157844667,0.059235277350052844,0.3510733515659057,0.41030862891595854
93.44481605351172,0.40791815871213466,0.181251856153075,0.05936439677499147,0.35146558835979874,0.4108299851347902
94.11371237458194,0.4094649325990491,0.17920154537330812,0.059486889646262864,0.3518466323813799,0.4113335220276428
94.78260869565217,0.41092727662855105,0.17725161935700606,0.05960288632399385,0.35221821769044903,0.4118211040144429
95.45150501672241,0.4123088186824356,0.17539686691979642,0.05971255082719178,0.3525817635705762,0.412294314397768
96.12040133779264,0.4136131857236136,0.17363232437623197,0.05981607409737761,0.3529384158027767,0.4127544899001543
96.78929765886288,0.4148439735039708,0.1719532728806944,0.05991366631425254,0.35328908730108227,0.4132027536153349
97.45819397993311,0.4160047073810021,0.1703552383763684,0.06000555191787443,0.35363450232475513,0.41364005424262956
98.12709030100334,0.4170988446526469,0.16883397730541047,0.060091963211555015,0.3539752148303876,0.4140671780419426
98.79598662207357,0.4181297513586474,0.16738547089842046,0.06017313767529356,0.35431164006763877,0.4144847777429323
99.4648829431438,0.41910068328199657,0.16600591811910223,0.06024931640456735,0.35464408219433385,0.4148933985989012
100.13377926421404,0.420014787381673,0.1646917243045276,0.06032073939409374,0.3549727489197056,0.4152934883137993
100.80267558528428,0.420875102613781,0.16343948990896087,0.060387642448673874,0.35529776502858423,0.41568540747725813
101.47157190635451,0.4216845435365807,0.16224600398658817,0.060450258019631414,0.3556191944571997,0.41606945247683114
102.14046822742475,0.422445893369891,0.16110823581713396,0.06050881491887509,0.3559370558941,0.4164458708129751
102.80936454849498,0.423161818981513,0.16002332176066011,0.06056353409374626,0.35625132516408065,0.41681485925782696
103.47826086956522,0.42383487709660345,0.15898855575919044,0.06061462774049522,0.35656193940371095,0.41717656714420615
104.14715719063545,0.4244674901894663,0.15800138482107726,0.060662301964016084,0.3568688230254403,0.4175311249894564
104.81605351170569,0.42506195941211594,0.15705939977383765,0.060706755982276935,0.3571718848317693,0.41787864081404624
105.48494983277592,0.4256204849839549,0.15616032205167632,0.06074817786118407,0.3574710151031847,0.41821919296436877
106.15384615384616,0.42614514686863525,0.155302001469263,0.060786748946608384,0.35776610271549336,0.41855285166210177
106.8227424749164,0.42663791684896285,0.15448240728663146,0.060822641946103956,0.3580570339183018,0.4188796758644057
107.49163879598663,0.42710066433859195,0.15369962008922322,0.06085602097039463,0.3583436946017902,0.41919971557218483
108.16053511705685,0.42753515625128646,0.15295182681831274,0.06088704208939412,0.3586259748410068,0.4195130169304009
108.82943143812709,0.4279430652908307,0.15223731271671953,0.06091585328784131,0.35890376870460833,0.4198196219924496
109.49832775919732,0.42832597288405133,0.15155445722834418,0.06094259388315289,0.35917697600445164,0.4201195698876045
110.16722408026756,0.4286853718490594,0.15090172730031468,0.06096739595003079,0.359445504900595,0.4204129008506258
110.8361204013378,0.4290226657778653,0.1502776736016892,0.06099038535340148,0.35970927526704405,0.4206996606204455
111.50501672240803,0.42933917561401175,0.1496809253076051,0.061011681351917015,0.35996821772646603,0.42097989907838307
112.17391304347825,0.42963616285693684,0.14911018117426392,0.06103139311537591,0.3602222628534233,0.4212536559687992
112.84280936454849,0.4299148042522,0.1485642116581967,0.06104962578104691,0.36047135830855637,0.42152098408960326
113.51170568561872,0.4301762103389749,0.14804185143859203,0.06106647790653379,0.36071546031589913,0.42178193822243293
114.18060200668896,0.4304214270455245,0.14754199614219277,0.06108204210360883,0.3609545347086738,0.42203657681228257
114.84949832775919,0.4306514387558596,0.14706359894866522,0.06109640535430274,0.3611885569411724,0.4222849622954752
115.51839464882943,0.43086717155019844,0.14660566734456135,0.06110964928270181,0.3614175118225383,0.4225271611052401
116.18729096989966,0.4310694977976374,0.14616725895618474,0.0611218505691201,0.3616413926770577,0.42276324324617776
116.8561872909699,0.43125923748084816,0.14574747990608583,0.061133081024890346,0.36186020158817567,0.42299328261306596
117.52508361204013,0.4314371593568847,0.14534548306409378,0.06114340772960837,0.3620739498494132,0.4232173575790215
118.19397993311037,0.43160398869798905,0.14496046214394978,0.06115289386649564,0.3622826552915655,0.4234355491580611
118.8628762541806,0.43176040610627886,0.14459165181272712,0.061161598536012565,0.36248634354498144,0.42364794208099404
119.53177257525084,0.4319070507972716,0.14423832494334224,0.06116957700796111,0.3626850472514252,0.42385462425938625
120.20066889632108,0.43204452449107555,0.14389978997135308,0.06117688085021313,0.36287880468735817,0.4240556855375713
120.86956521739131,0.43217339287018736,0.143575389158306,0.06118355820050342,0.36306765977100314,0.4242512179715065
121.53846153846155,0.4322941870978093,0.14326449704666386,0.06118965389959286,0.363251661955934,0.42444131585552686
122.20735785953178,0.4324074058271922,0.1429665183105378,0.06119521008131862,0.3634308657809512,0.4246260758622698
122.876254180602,0.43251351596399157,0.14268088677965327,0.06120026616308822,0.36360533109326687,0.42480559725635514
123.54515050167224,0.4326129551082588,0.14240706326998517,0.061204859348927894,0.36377512227282804,0.424979981621756
124.21404682274247,0.43270613148486875,0.1421445351425373,0.06120902455029592,0.36394030882229783,0.4251493333725938
124.88294314381271,0.43279343742593573,0.14189281172539972,0.061212792821277694,0.36410095802738685,0.4253137508486645
125.55183946488295,0.4328752381394058,0.14165142619567408,0.061216193607299844,0.3642571420576202,0.42547333566492007
126.22073578595318,0.43295187416621445,0.14141993402981692,0.06121925480435049,0.3644089369996181,0.42562819180396866
126.88963210702342,0.4330236650749017,0.1411979113952156,0.06122200240255246,0.36455642112733033,0.4257784235298828
127.55852842809365,0.4330909114847672,0.14098495377898249,0.06122446052291648,0.364699674213334,0.42592413473625046
128.22742474916387,0.43315389541689553,0.14078067535903535,0.06122665160623979,0.3648387776178294,0.42606542922406915
128.8963210702341,0.43321288177415135,0.14058470782941276,0.06122859653418952,0.3649738138622463,0.4262024103964358
129.56521739130434,0.43326811937247534,0.1403966994612113,0.06123031472655093,0.3651048664397623,0.4263351811663133
130.23411371237458,0.43331984165647597,0.14021631435061938,0.06123182427854114,0.3652320197143633,0.4264638439929045
130.90301003344482,0.43336826622036206,0.1400432328186466,0.061233141943404075,0.36535535901758726,0.42658850096099127
131.57190635451505,0.433413597950772,0.139877148924428,0.06123428337081424,0.3654749697539858,0.42670925312480007
132.2408026755853,0.4334560295934034,0.13971776990075355,0.06123526315576982,0.3655909373500732,0.426826200505843
132.90969899665552,0.433495742496856,0.13956481599437956,0.06123609471111233,0.3657033467976521,0.4269394415087644
133.57859531772576,0.4335329067310111,0.13941802003486753,0.06123679036347614,0.3658122828706452,0.4270490732341214
134.247491638796,0.43356768257016287,0.13927712623029231,0.061237361547540274,0.36591782965200453,0.42715519119954476
134.91638795986623,0.43360021928436315,0.13914189049726894,0.06123781891441579,0.36602007130395203,0.4272578902183678
135.58528428093643,0.4336306543667677,0.13901207963020507,0.0612381730446032,0.366119092958424,0.4273572660030272
136.25418060200667,0.4336591181076961,0.1388874704012761,0.061238433396952834,0.36621497809407505,0.4274534114910279
136.9230769230769,0.4336857367328184,0.13876784841832407,0.06123860793245057,0.366307806916407,0.42754641484885764
137.59197324414714,0.43371062859298903,0.13865300821980026,0.06123870413728555,0.3663976590499251,0.4276363631872106
138.26086956521738,0.43373389753794817,0.13854275592992601,0.06123872998627832,0.36648461654584746,0.4277233465321258
138.9297658862876,0.43375564403702677,0.13843690345816037,0.061238692812900536,0.36656875969191244,0.42780745250481295
139.59866220735785,0.43377596702152454,0.13833527096176906,0.06123859810840792,0.36665016390829835,0.4278887620167063
140.26755852842808,0.4337949555002183,0.1382376867765102,0.06123845177284518,0.36672890595042623,0.42796735772327144
140.93645484949832,0.4338126934397745,0.13814398634582598,0.06123825917842842,0.3668050610359711,0.4280433202143995
141.60535117056855,0.4338292595162263,0.13805401215600635,0.06123802528237825,0.3668787030453892,0.4281167283277674
142.2742474916388,0.43384472778844135,0.1379676131518857,0.061237754638123656,0.36694990442154934,0.42818765905967304
142.94314381270902,0.43385916781183,0.13788464456452865,0.06123745141661789,0.3670187362070234,0.42825618762364126
143.61204013377926,0.43387264460936564,0.1378049679047572,0.061237119469073495,0.36708526801680375,0.4283223874858772
144.2809364548495,0.4338852187531316,0.13772845085354352,0.061236762325045914,0.3671495680682789,0.4283863303933248
144.94983277591973,0.43389694736923484,0.1376549659223503,0.061236383357049264,0.36721170335136555,0.4284480867084148
145.61872909698997,0.43390788378968814,0.13758439123388708,0.06123598562881128,0.36727173934761337,0.42850772497642464
146.2876254180602,0.4339180788745434,0.13751660863234577,0.06123557203699695,0.3673297404561139,0.4285653124931108
146.95652173913044,0.4339275779212578,0.1374515098194301,0.06123514474671506,0.367385767512597,0.42862091225931204
147.62541806020067,0.4339364284786846,0.1373889833775557,0.06123470612168509,0.3674398820220747,0.4286745881437598
148.2943143812709,0.4339446736540897,0.13732892706982808,0.061234257711818056,0.3674921415642642,0.4287263992760822
148.96321070234114,0.43395234965815815,0.13727124258732432,0.061233802009431695,0.3675426057450859,0.4287764077545176
149.63210702341138,0.43395949096650915,0.1372158355705418,0.06123334118315776,0.3675913322797912,0.42882467346294895
150.30100334448161,0.43396613431292075,0.13716261456782183,0.06123287634121871,0.3676383747780387,0.4288712511192574
150.96989966555185,0.4339723116015808,0.1371114925224006,0.06123240896270837,0.36768378691331033,0.42891619587601876
151.63879598662209,0.43397805251066546,0.13706238591117184,0.061231940449305036,0.3677276211288576,0.4289595615781627
152.30769230769232,0.4339833854980954,0.13701521446301537,0.06123147194765087,0.3677699280912382,0.4290014000388891
152.97658862876256,0.43398833696856004,0.13696990122188982,0.06123100454719374,0.3678107572623564,0.42904176180955017
153.6454849498328,0.4339929316943768,0.13692637256371484,0.06123053919264114,0.36785015654926717,0.4290806957419083
154.31438127090303,0.4339971928190063,0.13688455799215465,0.06123007672963957,0.3678881724591996,0.4291182491888392
154.98327759197326,0.43400114277975294,0.13684438841331004,0.061229617966588615,0.3679248508403485,0.4291544688069371
155.6521739130435,0.43400480157887994,0.13680579937049653,0.061229163575358965,0.3679602354752645,0.4291893990506234
156.3210702341137,0.43400818861432594,0.13676872766283332,0.06122871420522458,0.36799436951761616,0.42922308372284074
156.98996655518394,0.4340113211158905,0.13673311438295796,0.06122827039560898,0.3680272941055427,0.42925556450115165
157.65886287625418,0.4340142169902349,0.13669889939504565,0.06122783271973822,0.3680590508949812,0.4292868836147194
158.3277591973244,0.43401689089419665,0.13666602947398904,0.0612274015532871,0.3680896780785271,0.4293170796318142
158.99665551839465,0.43401935815557263,0.13663445030642918,0.06122697730064922,0.368119214237349,0.42934619153799825
159.66555183946488,0.4340216324595693,0.1366041112098029,0.061226560261052755,0.3681476960695751,0.42937425633062787
160.33444816053512,0.4340237264403902,0.13657496389336998,0.06122615066662536,0.36817515899961445,0.4294013096662398
161.00334448160535,0.4340256527381778,0.1365469605858035,0.06122574874013783,0.3682016379358808,0.4294273866760186
161.6722408026756,0.434027422606822,0.1365200566198385,0.061225354614940115,0.3682271661583995,0.4294525207733396
162.34113712374582,0.4340290467976039,0.1364942088750847,0.061224968385045195,0.3682517759422662,0.4294767443273115
163.01003344481606,0.4340305359222816,0.1364693751435973,0.06122459012564176,0.3682754988084794,0.4295000889341211
163.67892976588627,0.43403189964391437,0.13644551550581177,0.06122421984814989,0.3682983650021239,0.4295225848502738
164.3478260869565,0.4340331471376989,0.1364225914190571,0.06122385753999754,0.3683204039032464,0.4295442614432439
165.01672240802674,0.43403428699479746,0.13640056595435232,0.06122350315058558,0.3683416439002647,0.42956514705085025
165.68561872909697,0.4340353252849252,0.13637940418694633,0.06122315698411352,0.368362113544015,0.4295852705281285
166.3545150501672,0.43403626451303784,0.13635907297250824,0.061222819990508444,0.36838184252394557,0.429604662514454
167.02341137123744,0.43403711751892643,0.136339538445218,0.06122249090714828,0.36840085312870724,0.42962334403585556
167.69230769230768,0.4340378880060553,0.13632076978789265,0.06122217020904992,0.36841917199700214,0.4296413422060521
168.36120401337791,0.43403858332677236,0.13630273660101835,0.06122185754069749,0.3684368225315119,0.4296586800722094
169.03010033444815,0.43403920823163233,0.13628540991272842,0.06122155298788349,0.36845382886775585,0.4296753818556393
169.69899665551839,0.4340397681310953,0.13626876182726866,0.06122125641357983,0.36847021362805615,0.429691470041636
170.36789297658862,0.43404026738637946,0.13625276758491253,0.06122096774386586,0.3684859972848421,0.429706965028708
171.03678929765886,0.43404071069367,0.13623740051674663,0.06122068687204385,0.3685012019175394,0.42972188878958323
171.7056856187291,0.43404110267325696,0.13622263400155527,0.06122041368180438,0.36851584964338346,0.42973626332518783
172.37458193979933,0.43404144693101687,0.13620844600885798,0.061220148052493165,0.368529959007632,0.4297501070601251
173.04347826086956,0.43404174723281935,0.13619481346333565,0.06121988986368598,0.3685435494401591,0.4297634393038451
173.7123745819398,0.4340420068156377,0.1361817150005419,0.06121963899134111,0.36855663919247933,0.42977627818382047
174.38127090301003,0.43404222890061134,0.13616912936113723,0.0612193953143029,0.36856924642394856,0.42978864173825143
175.05016722408027,0.4340424163277983,0.13615703660660272,0.06121915871366911,0.36858138835192983,0.42980054706559895
175.7190635451505,0.4340425718732227,0.13614541708832095,0.06121892906879687,0.36859308196965945,0.42981201103845634
176.38795986622074,0.434042698018688,0.1361342523561452,0.06121870625444103,0.36860434337072584,0.4298230496251668
177.05685618729098,0.4340427970148695,0.13612352475374867,0.06121849014696226,0.36861518808441956,0.4298336782313818
177.7257525083612,0.4340428714788105,0.13611321741575125,0.06121828050015158,0.3686256306052868,0.4298439111054384
178.39464882943145,0.4340429247170694,0.1361033133254605,0.06121807694454556,0.3686356850129245,0.4298537619574701
179.06354515050168,0.4340429564436678,0.13609379714340872,0.061217879785334633,0.3686453666275889,0.4298632464129235
179.73244147157192,0.43404296985623086,0.13608465339191136,0.06121768859688257,0.3686546881549753,0.42987237675185785
180.40133779264215,0.43404296606310794,0.13607586759574872,0.06121750334894972,0.36866366299219344,0.4298811663411432
181.0702341137124,0.4340429467003941,0.1360674256408746,0.061217323882939004,0.36867230377579235,0.42988962765873134
181.73913043478262,0.43404291334482026,0.13605931404567262,0.06121715002935469,0.36868062258015255,0.4298977726095073
182.40802675585286,0.4340428672978068,0.1360515197342608,0.06121698165576606,0.36868863131216634,0.4299056129679324
183.0769230769231,0.4340428096861653,0.13604403162698894,0.06121681862954969,0.36869634005729596,0.4299131586868456
183.74581939799333,0.43404274172593127,0.13603683716930148,0.06121666080563879,0.36870376029912827,0.4299204211047671
184.41471571906357,0.43404266468718017,0.1360299232680917,0.061216508032534034,0.36871090401219403,0.42992741204472806
185.08361204013377,0.43404257942740443,0.1360232799644042,0.06121636018199702,0.36871778042619435,0.4299341406081914
185.752508361204,0.43404248690043945,0.13601689656970803,0.06121621712040648,0.36872439940944607,0.42994061652985255
186.42140468227424,0.4340423879613208,0.13601076291506603,0.0612160787144246,0.36873077040918856,0.4299468491236132
187.09030100334448,0.4340422833576256,0.13600486947464124,0.06121594483280669,0.36873690233492645,0.4299528471677332
187.7591973244147,0.4340421738519253,0.13599920668059112,0.06121581534512036,0.36874280412236327,0.42995861946748365
188.42809364548495,0.4340420601628307,0.13599376526186088,0.06121569012257026,0.3687484844527382,0.4299641745753085
189.09698996655518,0.4340419428684793,0.13598853689261903,0.06121556904151519,0.3687539511973867,0.42996952023890184
189.76588628762542,0.43404182261323565,0.13598351291053593,0.061215451975133416,0.368759212501095,0.42997466447622845
190.43478260869566,0.4340416999431724,0.13597868538427746,0.06121533879970131,0.36876427587284877,0.42997961467255
191.1036789297659,0.4340415753634636,0.1359740466344452,0.06121522939318899,0.3687691486089022,0.42998437800209116
191.77257525083613,0.43404144930700134,0.13596958949530272,0.06121512363602716,0.3687738375616688,0.429988961197696
192.44147157190636,0.43404132181315064,0.13596530707092722,0.06121502148481984,0.3687783496311023,0.4299933711159221
193.1103678929766,0.43404119278837733,0.135961192352441,0.0612149229328657,0.3687826919263159,0.42999761485918153
193.77926421404683,0.43404106367938067,0.13595723860000475,0.0612148276547798,0.36878687006583477,0.4300016977206146
194.44816053511707,0.4340409350962556,0.1359534394484217,0.06121473548556901,0.36879088996975373,0.4300056254553227
195.1170568561873,0.434040806024825,0.1359497891022747,0.06121464658534332,0.36879475828755703,0.43000940487290035
195.7859531772575,0.4340406772849943,0.13594628163154665,0.06121456074232831,0.3687984803411306,0.43001304108345895
196.45484949832775,0.43404054936727715,0.13594291139322953,0.061214477808673944,0.36880206143081945,0.4300165392394934
197.12374581939798,0.43404042226866857,0.13593967291061762,0.061214397732192186,0.36880550708852167,0.43001990482071384
197.79264214046822,0.4340402961783313,0.13593656123972847,0.06121432042394539,0.368808822157995,0.43002314258194035
198.46153846153845,0.4340401712405386,0.1359335719738171,0.061214245804370175,0.3688120109812741,0.43002625678564427
199.1304347826087,0.43404004763571213,0.1359306999904943,0.06121417377852689,0.3688150785952666,0.43002925237379347
199.79933110367892,0.4340399255553449,0.13592793995904198,0.06121410424792526,0.3688180302376879,0.4300321344856131
200.46822742474916,0.43403980513445983,0.13592528772696694,0.061214037128632874,0.3688208700099403,0.43003490713857323
201.1371237458194,0.43403968649503705,0.13592273941424124,0.06121397234008647,0.3688236017506353,0.43003757409072174
201.80602006688963,0.43403956977993396,0.13592029067726188,0.0612139097962668,0.36882622974653734,0.4300401395428042
202.47491638795987,0.43403945448917314,0.13591793771138064,0.061213849537613135,0.36882875826183303,0.43004260779944614
203.1438127090301,0.4340393408723222,0.13591567692793305,0.061213791454648905,0.3688311907450958,0.43004498219974474
203.81270903010034,0.4340392296972955,0.1359135045507259,0.061213735335369286,0.3688335304166094,0.43004726575197866
204.48160535117057,0.43403912050826865,0.13591141710580518,0.061213681210963294,0.36883578117496296,0.43004946238592623
205.1505016722408,0.43403901341119006,0.13590941138644694,0.06121362900422265,0.36883794619814037,0.43005157520236303
205.81939799331104,0.4340389084855043,0.1359074845381148,0.0612135786470844,0.3688400283292965,0.4300536069763809
206.48829431438128,0.43403880577227427,0.13590563325152755,0.061213530070062014,0.36884203090613615,0.43005556097619824
207.1571906354515,0.4340387053152592,0.13590385410747388,0.06121348320112808,0.36884395737613884,0.4300574405772669
207.82608695652175,0.43403860713345943,0.13590214458014022,0.06121343798427286,0.36884581030212743,0.43005924828640024
208.49498327759198,0.4340385112514397,0.13590050194330058,0.06121339435989454,0.3688475924453651,0.43006098680525967
209.16387959866222,0.43403841768951956,0.13589892352987157,0.06121335226890351,0.36884930651170544,0.43006265878060895
209.83277591973246,0.43403832645651286,0.13589740693935978,0.06121331165612456,0.3688509549480029,0.4300642666041275
210.50167224080266,0.43403823745570325,0.13589594964886423,0.06121327248675693,0.36885254040867554,0.4300658128954325
211.1705685618729,0.43403814828145654,0.1358945498400328,0.06121323519240956,0.3688540666861012,0.4300673018785108
211.83946488294313,0.43403806218723223,0.1358932046535242,0.06121319906765252,0.3688555340915911,0.4300687331592436
212.50836120401337,0.4340379787600677,0.13589191201332715,0.06121316414488201,0.3688569450817231,0.4300701092266051
213.1772575250836,0.43403789746568766,0.13589066994318416,0.06121313048154691,0.3688583021095813,0.43007143259112823
213.84615384615384,0.434037818390464,0.1358894764532914,0.061213098011971785,0.3688596071442728,0.4300727051562446
214.51505016722408,0.4340377414067484,0.13588832978199303,0.061213066717289065,0.3688608620939696,0.43007392881125867
215.1839464882943,0.43403766646062486,0.13588722788108554,0.0612130365559327,0.36886206910235697,0.43007510565828966
215.85284280936455,0.4340375935316129,0.13588616960328972,0.06121300750115755,0.3688632293639397,0.4300762368650972
216.52173913043478,0.4340375225889872,0.1358851529846727,0.06121297950767819,0.3688643449186619,0.43007732442634006
217.19063545150502,0.43403745360362883,0.13588417610605444,0.06121295253134589,0.3688654177589709,0.43007837029031676
217.85953177257525,0.434037386547845,0.1358832371103326,0.06121292652898153,0.36886644981284084,0.4300793763418223
218.5284280936455,0.43403732141057294,0.13588233486486034,0.061212901468715566,0.36886744225585116,0.4300803437245667
219.19732441471572,0.4340372581757881,0.13588146802079884,0.061212877315303955,0.36886839648810904,0.43008127380341293
219.86622073578596,0.43403719682408987,0.13588063508217466,0.06121285403120626,0.3688693140625292,0.43008216809373545
220.5351170568562,0.43403713729627086,0.1358798345862395,0.061212831587229455,0.3688701965302603,0.4300830281174897
221.20401337792643,0.43403707905241373,0.13587906550371723,0.0612128100555474,0.3688710453883215,0.4300838554438689
221.87290969899666,0.43403702232962293,0.13587832659672533,0.06121278935310384,0.36887186172054787,0.43008465107365174
222.5418060200669,0.4340369676527739,0.135877616521929,0.061212769337696815,0.3688726464876004,0.43008541582529725
223.21070234113714,0.4340369147682157,0.13587693426649164,0.06121275002777847,0.3688734009375142,0.4300861509652927
223.87959866220737,0.434036863263964,0.13587627872969435,0.061212731469647355,0.36887412653669427,0.4300868580063417
224.54849498327758,0.4340368133493765,0.1358756488433843,0.06121271358904635,0.3688748242181929,0.43008753780723924
225.2173913043478,0.4340367649771015,0.13587504362491054,0.061212696364082116,0.3688754950339058,0.43008819139798793
225.88628762541805,0.4340367180832538,0.13587446212671933,0.06121267977683868,0.36887614001318814,0.43008881979002683
226.55518394648828,0.434036672627538,0.1358739036094981,0.061212663810731094,0.3688767599522327,0.4300894237629638
227.22408026755852,0.4340366285636546,0.13587336714450243,0.06121264844429055,0.36887735584755244,0.43009000429184296
227.89297658862876,0.43403658584655075,0.13587285174765917,0.06121263365424656,0.36887792875154357,0.43009056240579013
228.561872909699,0.43403654443117456,0.13587235643490927,0.06121261941732907,0.3688784797165872,0.4300910991339163
229.23076923076923,0.4340365042505641,0.13587188031382388,0.06121260571706981,0.36887900971854215,0.430091615435612
229.89966555183946,0.43403646513270094,0.13587142293127166,0.06121259256961269,0.3688795193664147,0.43009211193602737
230.5685618729097,0.43403642696502986,0.13587098358549318,0.061212579972643406,0.36888000947683347,0.43009258944947687
231.23745819397993,0.4340363896467385,0.13587056152564247,0.061212567920203124,0.36888048090741593,0.43009304882761906
231.90635451505017,0.4340363530770148,0.13587015600088231,0.06121255640633316,0.3688809345157697,0.4300934909221028
232.5752508361204,0.43403631838774526,0.1358697661193244,0.06121254517956941,0.368881370313361,0.4300939154929304
233.24414715719064,0.4340362879163892,0.13586939092487646,0.061212533750329846,0.3688817874084044,0.43009432115873425
233.91304347826087,0.43403625894335296,0.13586903032567102,0.06121252264371014,0.3688821880872659,0.43009471073097605
234.5819397993311,0.43403622824130905,0.13586868435267327,0.061212512486389085,0.36888257491962856,0.4300950874060176
235.25083612040135,0.43403619658983916,0.1358683523920185,0.061212503104777806,0.36888294791336446,0.4300954510181423
235.91973244147158,0.4340361681203258,0.13586803296369834,0.06121249364398243,0.36888330527199353,0.430095798915976
236.58862876254182,0.4340361405875276,0.13586772605046055,0.06121248453808965,0.3688836488239222,0.43009613336201186
237.25752508361205,0.43403611370194184,0.13586743121839653,0.061212475826857876,0.36888397925280375,0.43009645507966165
237.9264214046823,0.43403608768313096,0.13586714793654645,0.0612124674477168,0.36888429693260577,0.4300967643803225
238.5953177257525,0.43403606251313187,0.1358668757670556,0.06121245938746085,0.3688846023323516,0.43009706171981243
239.26421404682273,0.43403603818554903,0.13586661426673852,0.06121245163028422,0.3688848959174283,0.43009734754771245
239.93311036789297,0.43403601474356795,0.13586636313035527,0.0612124441557655,0.36888517797031134,0.4300976221260769
240.6020066889632,0.43403599220155437,0.1358661219083667,0.061212436943672566,0.36888544894640624,0.43009788589007875
241.27090301003344,0.4340359705669057,0.13586589015556286,0.06121242997533366,0.3688857093021976,0.43009813927753127
241.93979933110367,0.4340359498470194,0.13586566742673656,0.06121242323207712,0.36888595949416686,0.430098382726244
242.6086956521739,0.4340359300492928,0.1358654532766832,0.06121241669523135,0.36888619997879274,0.4300986166740241
243.27759197324414,0.4340359106524326,0.13586524783701867,0.061212410468688666,0.36888643104186,0.43009884151054867
243.94648829431438,0.43403589166823986,0.13586505065773813,0.06121240453275688,0.36888665314126506,0.43009905767402196
244.6153846153846,0.4340358731747771,0.13586486121654576,0.06121239885238272,0.3688868667562944,0.4300992656086771
245.28428093645485,0.43403585511339304,0.13586467914030673,0.06121239342420676,0.36888707232209345,0.4300994657463002
245.95317725752508,0.4340358374254368,0.135864504055888,0.06121238824486955,0.36888727027380563,0.4300996585186752
246.62207357859532,0.43403582039914296,0.13586433597830827,0.06121238325699582,0.3688874603655529,0.43009984362254877
247.29096989966555,0.43403580409567727,0.13586417466850692,0.06121237843856884,0.36888764279724695,0.4301000212358158
247.9598662207358,0.4340357883515339,0.13586401963602654,0.061212373802556966,0.36888781820988253,0.4301001920124395
248.62876254180603,0.43403577316171177,0.13586387056777097,0.06121236933724687,0.36888798693327046,0.43010035627051735
