Generation,xOC,xOB,xMMd,xMMr,total xMM
0.0,0.26666666666666666,0.4,0.26666666666666666,0.06666666666666667,0.3333333333333333
0.5042016806722689,0.41104098279346624,0.3139105910338823,0.22070693249006723,0.054341493682584174,0.2750484261726514
1.0084033613445378,0.47750029666342114,0.2682618710116937,0.20540517321044485,0.04883265911444028,0.2542378323248851
1.5126050420168067,0.5147319466643622,0.23813858698899573,0.20134625661523653,0.04578320973140547,0.24712946634664198
2.0168067226890756,0.5386016796948409,0.21544730756777056,0.20217364238034985,0.043777370357038735,0.2459510127373886
2.5210084033613445,0.5555491329351228,0.1969350445597845,0.2052647342432522,0.042251088261840486,0.2475158225050927
3.0252100840336134,0.5685215155289597,0.18111779729013439,0.20940309940062043,0.04095758778028566,0.2503606871809061
3.5294117647058822,0.5789759306225847,0.16724815308868973,0.21399092452586624,0.03978499176285928,0.25377591628872553
4.033613445378151,0.587679412104051,0.15491037165905028,0.21872750905868302,0.03868270717821572,0.25741021623689875
4.53781512605042,0.5950626563577492,0.14384681066747848,0.22346182222354635,0.037628710751225924,0.26109053297477225
5.042016806722689,0.6013861529669067,0.13387954383093936,0.22812005569141078,0.036614247510743186,0.26473430320215396
5.546218487394958,0.6068211365842604,0.1248737561593301,0.2326685954801876,0.035636511776221916,0.2683051072564095
6.050420168067227,0.6114900128726803,0.11672016404333463,0.23709468221123098,0.03469514087275398,0.27178982308398497
6.554621848739496,0.6154869546489996,0.10932628450537285,0.2413961948700394,0.03379056597558815,0.27518676084562754
7.0588235294117645,0.6188886204927785,0.10261187718777139,0.24557623003810253,0.032923272281347594,0.27849950231945014
7.563025210084033,0.6217598878478431,0.09650637870833396,0.2496402320988327,0.03209350134499024,0.28173373344382296
8.067226890756302,0.6241570466193695,0.09094730381269031,0.25359448640066945,0.03130116316727061,0.28489564956794006
8.571428571428571,0.6261296789086833,0.08587913155705361,0.25744534635771654,0.03054584317654656,0.2879911895342631
9.07563025210084,0.6277218516691475,0.08125244823716088,0.261198852745874,0.02982684734781752,0.2910257000936915
9.579831932773109,0.628972936147317,0.07702324027352639,0.26486056497610844,0.02914325860304818,0.29400382357915655
10.084033613445378,0.6299182197463242,0.07315228530793509,0.2684355029711388,0.028493991974602072,0.2969294949457409
10.588235294117647,0.6305893915793519,0.06960461708273852,0.2719281474540165,0.027877843883893198,0.2998059913379097
11.092436974789916,0.6310149489244556,0.0663490488985135,0.27534246929140793,0.027293532885623015,0.30263600217703096
11.596638655462185,0.6312205455525085,0.06335775015658524,0.27868197083314883,0.02673973345775742,0.30542170429090626
12.100840336134453,0.6312292969616444,0.060605868614226545,0.2819497318290756,0.026215102595053275,0.3081648344241289
12.605042016806722,0.6310620485957632,0.05807119417567872,0.2851484568882114,0.025718300340346636,0.310866757228558
13.109243697478991,0.630737616349158,0.05573386031693578,0.2882805178144802,0.025248005519425878,0.3135285233339061
13.61344537815126,0.6302729981286014,0.053576079489401844,0.2913479948855569,0.02480292749643988,0.31615092238199677
14.117647058823529,0.6296835643625622,0.051581908476838696,0.29435271269816515,0.024381814462434037,0.3187345271605992
14.621848739495798,0.6289832252880574,0.049737041281325695,0.2972962739915105,0.023983459439106316,0.3212797334306168
15.126050420168067,0.6281845812656582,0.0480286258033952,0.3001800888912464,0.023606704039700152,0.32378679293094653
15.630252100840336,0.627299056393131,0.04644510196502608,0.3030054009462111,0.023250440695631806,0.3262558416418429
16.134453781512605,0.6263370170419774,0.044976058783609954,0.3057733105121942,0.022913613662218477,0.3286869241744127
16.63865546218487,0.6253078773781546,0.04361210818441996,0.30848479534063455,0.022595219096790818,0.33108001443742535
17.142857142857142,0.6242201943840975,0.04234477339474878,0.31114072784905994,0.02229430437209384,0.3334350322211538
17.647058823529413,0.6230817511936194,0.04116639041246837,0.31374189146980314,0.022009966924109125,0.33575185839391225
18.15126050420168,0.621899629718845,0.04007002116234241,0.3162889962763156,0.021741352842496935,0.3380303491188125
18.655462184873947,0.6206802808119529,0.039049376077696894,0.3187826882252218,0.02148765488512837,0.34027034311035015
19.159663865546218,0.6194295818775608,0.0380987460487316,0.321223561460774,0.021248110612933694,0.3424716720737077
19.66386554621849,0.6181528896725924,0.03721294199060389,0.3236121679954507,0.021022000341352976,0.34463416833680366
20.168067226890756,0.616855088726208,0.03638724115031744,0.32594902513867147,0.02080864498480301,0.34675767012347447
20.672268907563023,0.6155406338855623,0.03561733944181653,0.3282346227727751,0.020607403899846156,0.34884202667262126
21.176470588235293,0.6142135869045185,0.03489930941817151,0.3304694307177615,0.020417672959548404,0.3508871036773099
21.680672268907564,0.6128776504616633,0.03422956265572984,0.33265390435394143,0.02023888252866527,0.35289278688260667
22.18487394957983,0.611536205594249,0.033604815520238904,0.33478848385934457,0.020070495026167492,0.35485897888551204
22.6890756302521,0.6101923319987456,0.033022060014175,0.33687360451324866,0.01991200347383095,0.35678560798707964
23.19327731092437,0.6088488321228359,0.032478537130378377,0.3389097010513638,0.01976292969542196,0.3586726307467858
23.69747899159664,0.6075082607810646,0.03197171252232716,0.3408972044410406,0.0196228222555677,0.3605200266966083
24.201680672268907,0.6061729412976838,0.031499255488837995,0.34283654820369686,0.019491255009781414,0.3623278032134783
24.705882352941174,0.6048449836375851,0.031059019876646794,0.34472817094438407,0.019367825541383957,0.364095996485768
25.210084033613445,0.6035263031252343,0.030649026874023565,0.34657251636170505,0.019252153639037047,0.3658246700007421
25.714285714285715,0.6022186349415324,0.030267449620860965,0.3483700355499782,0.019143879887628522,0.36751391543760675
26.218487394957982,0.6009235481780505,0.029912599451489198,0.35012118795868424,0.01904266441177605,0.3691638523704603
26.72268907563025,0.599642458599449,0.029582913421947212,0.3518264423614026,0.01894818561720129,0.3707746279786039
27.22689075630252,0.598376640563063,0.02927694316130176,0.3534862771858939,0.018860139089741386,0.37234641627563536
27.73109243697479,0.5971272367984009,0.028993344636812086,0.3551011821819336,0.018778236382853548,0.3738794185647871
28.235294117647058,0.5958952685708228,0.02873086896582077,0.3566716585151636,0.01870220394819283,0.3753738624633564
28.739495798319325,0.5946816467277299,0.028488354878791526,0.35819821555412185,0.01863178283935656,0.3768299983934784
29.243697478991596,0.593487177640965,0.028264720213192936,0.35968137526773214,0.01856672687810989,0.378248102145842
29.747899159663866,0.5923125712167274,0.028058955807320665,0.361121670586736,0.018506802389215978,0.37962847297595204
30.252100840336134,0.591158447246501,0.027870119291756198,0.3625196461160985,0.018451787345644483,0.380971433461743
30.7563025210084,0.5900253440022692,0.027697329470428956,0.36387585589611465,0.018401470631187238,0.3822773265273019
31.26050420168067,0.5889137207849287,0.02753976116459479,0.3651908669073089,0.018355651143167773,0.3835465180504767
31.764705882352942,0.5878239709113781,0.02739664088934412,0.3664652505714166,0.01831413762786131,0.38477938819927787
32.26890756302521,0.5867564179933517,0.02726724247971867,0.36769959185732237,0.01827674766960737,0.3859763395269298
32.773109243697476,0.5857113244817966,0.027150883426913186,0.36889448472036745,0.01824330737092276,0.3871377920912902
33.27731092436974,0.5846888969571452,0.02704692129569423,0.3700505310334314,0.018213650713729098,0.3882641817471605
33.78151260504202,0.5836892907423632,0.026954750577952217,0.3711683395750665,0.01818761910461805,0.38935595867968453
34.285714285714285,0.5827126120065663,0.02687379989704674,0.37224852711629686,0.01816506098008997,0.3904135880963868
34.78991596638655,0.5817589214199699,0.02680352936797714,0.3732917178382704,0.018145831373782412,0.3914375492120528
35.294117647058826,0.5808282396200594,0.02674342811386611,0.37429854076713265,0.018129791498941908,0.39242833226607454
35.79831932773109,0.5799205478372804,0.02669301216388163,0.3752696315851896,0.018116808413648287,0.39338643999883793
36.30252100840336,0.5790357922430007,0.026651822390583828,0.3762056307067012,0.018106754659714258,0.3943123853664155
36.80672268907563,0.578173886992708,0.026619422653825366,0.37710718242407715,0.01809950792938944,0.3952066903534666
37.310924369747895,0.5773347159762394,0.026595398160738658,0.37797493506949187,0.01809495079353001,0.3960698858630219
37.81512605042017,0.5765181358270116,0.026579353899032026,0.3788095398459828,0.01809297042797361,0.3969025102739564
38.319327731092436,0.575723977736338,0.026570913241303683,0.3796116506812924,0.018093458341065946,0.39770510902235834
38.8235294117647,0.5749520500959061,0.02656971662790836,0.38038192314607744,0.018096310130108092,0.39847823327618553
39.32773109243698,0.5742021401024866,0.026575420401255417,0.38112101423275024,0.018101425263507706,0.39922243949625796
39.831932773109244,0.5734740158685872,0.026587695705856337,0.3818295815608002,0.018108706864756328,0.3999382884255565
40.33613445378151,0.5727674280858727,0.02660622749598543,0.38250828289887406,0.01811806151926791,0.40062634441814193
40.84033613445378,0.5720821116866354,0.0266307136205338,0.38315777560294445,0.018129399089886214,0.40128717469283065
41.344537815126046,0.5714177872629888,0.026660863995667233,0.383778716194022,0.01814263254732198,0.40192134874134394
41.84873949579832,0.5707741627797194,0.026696399819837353,0.38437175959645187,0.018157677803991478,0.4025294374004433
42.35294117647059,0.5701509347974577,0.02673705287754182,0.3849375587559029,0.01817445356909745,0.4031120123250003
42.857142857142854,0.5695477896275418,0.026782564900956762,0.38547676425795574,0.01819288121354562,0.40366964547150136
43.36134453781513,0.5689644047377433,0.026832686960712625,0.385990023667988,0.018212884633555988,0.404202908301544
43.865546218487395,0.5684004494913557,0.026887178968481428,0.386477981401408,0.01823439013875501,0.40471237154016304
44.36974789915966,0.5678555867654205,0.026945809125948936,0.3869412777842163,0.018257326324414354,0.4051986041086306
44.87394957983193,0.5673294735766505,0.02700835350103211,0.3873805489459018,0.018281623976415494,0.40566217292231727
45.3781512605042,0.5668217618463793,0.027074595620170845,0.38779642655402297,0.018307215979426854,0.4061036425334498
45.88235294117647,0.566332099502161,0.027144326072495478,0.38818953720914384,0.018334037216199802,0.40652357442534365
46.38655462184874,0.5658601311412136,0.027217342174718086,0.3885605021960654,0.018362024488003025,0.4069225266840685
46.890756302521005,0.5654054988128784,0.027293447664397518,0.38890993708815075,0.01839111643457334,0.4073010535227241
47.39495798319328,0.5649678428743152,0.027372452393636316,0.3892384512760378,0.01842125345601069,0.4076597047320485
47.89915966386555,0.5645468025050389,0.027454172063896446,0.38954664778366993,0.018452377647394783,0.4079990254310647
48.403361344537814,0.5641420160321311,0.027538428001868377,0.3898351232208862,0.018484432745114417,0.4083195559660006
48.90756302521008,0.5637531217338196,0.02762504693711961,0.3901044672689216,0.018517364060139114,0.40862183132906077
49.41176470588235,0.5633797584596028,0.027713860769102205,0.39035526235743984,0.01855111841385535,0.40890638077129515
49.91596638655462,0.563021565621836,0.027804706523895564,0.3905880837243732,0.01858564412989528,0.4091737278542685
50.42016806722689,0.5626781845606691,0.02789742595218782,0.3908034985757309,0.018620890911412252,0.40942438948714316
50.924369747899156,0.5623492582098968,0.027991865593090685,0.39100206633276335,0.018656809864249353,0.4096588761970127
51.42857142857143,0.5620344317649489,0.028087876523559405,0.3911843382876047,0.01869335342388689,0.4098776917114916
51.9327731092437,0.561733352637694,0.028185314239522506,0.3913508577967626,0.018730475326020703,0.4100813331227833
52.436974789915965,0.561445670768476,0.028284038662222455,0.3915021599646078,0.018768130604693768,0.41027029056930153
52.94117647058823,0.5611710395082123,0.028383913861469094,0.3916387711304594,0.018806275499859075,0.4104450466303185
53.4453781512605,0.5609091156661284,0.028484807974188994,0.3917612089267105,0.018844867432972014,0.41060607635968255
53.94957983193277,0.5606595593817871,0.028586593438238356,0.39186998209747326,0.018883865082501367,0.4107538471799746
54.45378151260504,0.5604220350525835,0.028689146344734826,0.39196559042766266,0.018923228175019072,0.4108888186026818
54.95798319327731,0.560196210835949,0.028792346945603394,0.3920485245687887,0.018962917649658947,0.41101144221844765
55.46218487394958,0.5599817592005112,0.028896079091441634,0.3921192662310936,0.01900289547695362,0.4111221617080473
55.96638655462185,0.5597783567287095,0.029000230581505936,0.39217828791736425,0.019043124772420435,0.4112214126897847
56.470588235294116,0.5595856844037772,0.029104692852844786,0.3922260530467234,0.01908356969665451,0.4113096227433779
56.97478991596638,0.559403427942917,0.02920936090854988,0.3922630157245862,0.019124195423946853,0.41138721114853305
57.47899159663865,0.559231277888012,0.029314133561806306,0.39228962032574693,0.01916496822443499,0.41145458855018197
57.983193277310924,0.5590689296870525,0.0294189130220939,0.3923063019640511,0.019205855326802565,0.4115121572908537
58.48739495798319,0.5589160839007002,0.02952360496959207,0.3923134861872123,0.019246824942495605,0.41156031112970787
58.99159663865546,0.5587724458601264,0.0296281186499969,0.3923115891869742,0.01928784630290244,0.41159943548987665
59.49579831932773,0.558637725950634,0.029732366551229922,0.39230101794670663,0.01932888955142953,0.41162990749813616
60.0,0.5585116392848792,0.02983626469713201,0.3922821701715103,0.019369925846478484,0.41165209601798874
60.0,0.5585116392848792,0.02983626469713201,0.3922821701715103,0.019369925846478484,0.41165209601798874
61.07142857142857,0.5761163120549149,0.039942796281339066,0.35981236038411746,0.02412853127962856,0.383940891663746
62.142857142857146,0.5836119462397951,0.05345820170705679,0.332721611470401,0.030208240582747282,0.36292985205314837
63.214285714285715,0.5842018300162385,0.07072161254113707,0.3074319936499065,0.037644563792718064,0.34507655744262455
64.28571428571429,0.5790531329631109,0.09186500870605516,0.282631744063223,0.0464501142676108,0.3290818583308338
65.35714285714286,0.5687330359549553,0.11666276485658185,0.25802584158726355,0.05657835760119929,0.31460419918846283
66.42857142857143,0.5538360737120371,0.1444374915543112,0.23381875100860963,0.06790768372504209,0.30172643473365174
67.5,0.535236562257635,0.1740658127429544,0.21045151424095118,0.08024611075845936,0.29069762499941054
68.57142857142857,0.514109129747434,0.2041044717098928,0.18843187710283804,0.09335452143983529,0.28178639854267334
69.64285714285714,0.49180075707971954,0.2330086917606078,0.16821091840759259,0.10697963275208001,0.2751905511596726
70.71428571428571,0.46963916177272813,0.25937333330507667,0.1501032516608671,0.1208842532613281,0.2709875049221952
71.78571428571428,0.44875805957673154,0.28212174744569246,0.13425492480046303,0.1348652681771129,0.2691201929775759
72.85714285714286,0.4299908156514354,0.3005985099103104,0.12065354677810734,0.14875712766014687,0.2694106744382542
73.92857142857143,0.41384378116724446,0.3145658158196065,0.10916515480564387,0.16242524820750506,0.27159040301314896
75.0,0.4005304271269894,0.3241333572517238,0.09957997943868153,0.17575623618260536,0.2753362156212869
75.0,0.4005304271269894,0.3241333572517238,0.09957997943868153,0.17575623618260536,0.2753362156212869
76.25,0.4476059472538866,0.2639911332917356,0.12867613048859172,0.15972678896578618,0.2884029194543779
77.5,0.4987496707373205,0.21076431013899372,0.1515146979661483,0.13897132115753744,0.2904860191236857
78.75,0.5398205366084597,0.16920154836777904,0.17119802218849667,0.11977989283526448,0.29097791502376114
80.0,0.5705447944548703,0.13757594103648504,0.18853247749398805,0.10334678701465659,0.29187926450864465
80.0,0.5705447944548703,0.13757594103648504,0.18853247749398805,0.10334678701465659,0.29187926450864465
81.07142857142857,0.5722488333040632,0.15251214219725712,0.1625951582593885,0.11264386623929112,0.27523902449867965
82.14285714285714,0.5574673280108584,0.17135471016251966,0.14551669400566242,0.12566126782095957,0.27117796182662196
83.21428571428571,0.5371623187350114,0.1907283808157622,0.13201330938450045,0.14009599106472587,0.2721093004492263
84.28571428571429,0.5157442218955677,0.20885506338778398,0.1205182433167791,0.1548824713998693,0.27540071471664834
85.35714285714286,0.495250018577115,0.2247431965423231,0.11054054167274448,0.1694662432078174,0.28000678488056185
86.42857142857143,0.4766692380467659,0.23789331841386954,0.1018935497500439,0.18354389378932054,0.28543744353936445
87.5,0.46045401085891435,0.2481425690020443,0.09445756456850385,0.19694585557053756,0.2914034201390414
88.57142857142857,0.4467464315240663,0.2555596835836992,0.08811556840310834,0.20957831648912612,0.2976938848922345
89.64285714285714,0.4354988208921659,0.2603643329846925,0.08274384257933308,0.22139300354380864,0.30413684612314174
90.71428571428571,0.42654859133928946,0.26286338007322346,0.07821713762394455,0.23237089096354263,0.3105880285874872
91.78571428571428,0.41966932115608946,0.263402186260799,0.07441535245937772,0.24251314012373398,0.3169284925831117
92.85714285714286,0.41460619953258515,0.2623297445348261,0.071228242522893,0.25183581340969574,0.32306405593258875
93.92857142857143,0.41109991609022806,0.25997577672234057,0.06855782828643413,0.26036647890099723,0.3289243071874314
95.0,0.4089018915237255,0.25663739248275824,0.0663190510575805,0.26814166493593566,0.3344607159935162
95.0,0.4089018915237255,0.25663739248275824,0.0663190510575805,0.26814166493593566,0.3344607159935162
96.25,0.479456147328101,0.19718331947575815,0.0997699076388598,0.22359062555728101,0.32336053319614083
97.5,0.5478979102584477,0.14793595984490746,0.1263977177530031,0.17776841214364178,0.3041661298966449
98.75,0.5964420010896093,0.11275976691037277,0.14918127491017177,0.14161695708984604,0.2907982320000178
100.0,0.6283208023347908,0.0881295328919953,0.16907178983342666,0.11447787493978737,0.283549664773214
100.0,0.6283208023347908,0.0881295328919953,0.16907178983342666,0.11447787493978737,0.283549664773214
101.07142857142857,0.6343430895741122,0.09750076697236316,0.14541332393854692,0.12274281951497776,0.2681561434535247
102.14285714285714,0.6214234822432189,0.11088247177055022,0.13144817758105848,0.13624586840517242,0.26769404598623087
103.21428571428571,0.601590641984424,0.12568691884026134,0.12097499708153123,0.1517474420937834,0.2727224391753147
104.28571428571429,0.5795426943052845,0.14053999204636514,0.11213407174343669,0.1677832419049137,0.2799173136483504
105.35714285714286,0.5574985128694825,0.15458227325455348,0.10434368089212442,0.1835755329838397,0.28791921387596414
106.42857142857143,0.5366230762314678,0.1672658985722044,0.09742293416803473,0.1986880910282931,0.2961110251963278
107.5,0.5175478497897853,0.1782692886239026,0.09130382561096595,0.21287903597534616,0.30418286158631214
108.57142857142857,0.5005891773498743,0.18744623219290926,0.08593793002023699,0.22602666043697953,0.31196459045721653
109.64285714285714,0.4858569736395226,0.1947850458249415,0.08127094657729898,0.23808703395823685,0.3193579805355359
110.71428571428571,0.4733215596911787,0.20037147717810896,0.07723996089748568,0.2490670022332267,0.32630696313071234
111.78571428571428,0.4628617377862474,0.20435537880935734,0.07377710204696217,0.259005781357433,0.33278288340439516
112.85714285714286,0.45430128545550313,0.20692263074157471,0.07081393834934926,0.26796214545357294,0.33877608380292223
113.92857142857143,0.44743624213170785,0.20827325828646598,0.0682848963636323,0.27600560321819384,0.3442904995818261
115.0,0.44205440134415575,0.2086057156222422,0.06612943132142425,0.2832104517121776,0.34933988303360186
115.0,0.44205440134415575,0.2086057156222422,0.06612943132142425,0.2832104517121776,0.34933988303360186
116.25,0.5088707370085495,0.15956230345376327,0.10066002026391599,0.23090693927377112,0.3315669595376871
117.5,0.5740684215154731,0.1190094051492394,0.12722859147732632,0.1796935818579613,0.3069221733352876
118.75,0.6188225407231422,0.09053045982547454,0.14973232205366196,0.1409146773977212,0.29064699945138317
120.0,0.6470969968805526,0.07085362311889427,0.16938115793022504,0.1126682220703281,0.28204938000055313
120.0,0.6470969968805526,0.07085362311889427,0.16938115793022504,0.1126682220703281,0.28204938000055313
121.07142857142857,0.6542356953083093,0.07914510414665706,0.14563965536431206,0.12097954518072154,0.26661920054503363
122.14285714285714,0.6422571126305588,0.09113009150449036,0.1318706037017482,0.13474219216320257,0.2666127958649508
123.21428571428571,0.6229363103405566,0.10471726898396598,0.12165287914953574,0.15069354152594167,0.27234642067547743
124.28571428571429,0.6008990517680234,0.1187432016339878,0.11303572206887035,0.16732202452911846,0.2803577465979888
125.35714285714286,0.5783925849393212,0.13241855113434411,0.10540095259772962,0.183787911328605,0.28918886392633464
126.42857142857143,0.5566605373698917,0.1451842523483101,0.09856143543950031,0.19959377484229796,0.29815521028179826
127.5,0.5364332523274871,0.15666141169260492,0.09245828922613,0.21444704675377801,0.306905335979908
128.57142857142858,0.5181273697592925,0.16662451951360624,0.0870581528870409,0.22818995784006046,0.31524811072710135
129.64285714285714,0.501942918122049,0.17497736339748304,0.08232237168775249,0.24075734679271535,0.32307971848046785
130.71428571428572,0.4879241156928505,0.1817266894569095,0.07820166815208526,0.2521475266981547,0.33034919485024
131.78571428571428,0.4760056962114355,0.18695472705834812,0.07463888423942587,0.26240069249079057,0.33703957673021645
132.85714285714286,0.4660505143654012,0.19079330131815334,0.07157337031611762,0.2715828140003279,0.3431561843164455
133.92857142857142,0.45787944635112643,0.1934017525120458,0.06894481143453805,0.27977398970228967,0.34871880113682774
135.0,0.4512939796868637,0.19494970297516556,0.06669593690431518,0.2870603804336555,0.3537563173379707
135.0,0.4512939796868637,0.19494970297516556,0.06669593690431518,0.2870603804336555,0.3537563173379707
136.25,0.5162306848260917,0.14934669886885144,0.10145762064991085,0.23296499565514603,0.3344226163050569
137.5,0.579976174209027,0.11151713213439435,0.12794881200972075,0.18055788164685793,0.3085066936565787
138.75,0.623483786304564,0.08498468381651135,0.1503315961777418,0.14119993370118272,0.2915315298789245
140.0,0.6507610945721085,0.06666606008356946,0.16988042362580236,0.11269242171851956,0.2825728453443219
140.0,0.6507610945721085,0.06666606008356946,0.16988042362580236,0.11269242171851956,0.2825728453443219
141.07142857142858,0.6581248416365899,0.07472079465003502,0.14607915633824328,0.12107520737513172,0.267154363713375
142.14285714285714,0.646396556615628,0.0863586679683388,0.13229808499387155,0.13494669042216176,0.2672447754160333
143.21428571428572,0.6272467208693587,0.09962392885503095,0.12208494197261026,0.1510444083030001,0.27312935027561036
144.28571428571428,0.6052685179149556,0.1134128104609188,0.11347217735710723,0.1678464942670183,0.28131867162412555
145.35714285714286,0.5827081366546195,0.12695968104262503,0.10583366746613851,0.184498514836617,0.2903321823027555
146.42857142857142,0.5608238609546083,0.13970784422733729,0.09898009517368717,0.20048819964436715,0.2994682948180543
147.5,0.5403678835016761,0.15126786653277555,0.09285363729847315,0.2155106126670753,0.30836424996554845
148.57142857142858,0.5217805354839439,0.16139676066389153,0.08742340203335787,0.2293993018188068,0.31682270385216466
149.64285714285714,0.5052839600947253,0.16997827751542244,0.08265348505768383,0.2420842773321683,0.32473776238985214
150.71428571428572,0.4909409959182799,0.17699957387642407,0.07849705078781433,0.25356237941748183,0.33205943020529616
151.78571428571428,0.47870076803130945,0.18252553389357754,0.07489884031097736,0.2638748577641356,0.338773698075113
152.85714285714286,0.468436381030506,0.18667371157919804,0.07179953179435035,0.2730903755959457,0.34488990739029607
153.92857142857142,0.45997536987019777,0.189592405224495,0.06913963837218276,0.28129258653312444,0.3504322249053072
155.0,0.4531230211585813,0.19144317441656392,0.06686232566210845,0.28857147876274636,0.35543380442485484
155.0,0.4531230211585813,0.19144317441656392,0.06686232566210845,0.28857147876274636,0.35543380442485484
156.25,0.5176099646731647,0.1467803911616117,0.10166466727427247,0.23394497689095115,0.3356096441652236
157.5,0.5810175457079593,0.10968063098465863,0.12813719577145177,0.18116462753593038,0.3093018233073822
158.75,0.6242604117015466,0.08365254204804931,0.1504939996589802,0.141593046591424,0.29208704625040416
160.0,0.6513401236029456,0.06567651114161821,0.17002137058499864,0.1129619946704376,0.2829833652554362
160.0,0.6513401236029456,0.06567651114161821,0.17002137058499864,0.1129619946704376,0.2829833652554362
161.07142857142858,0.6587439822524022,0.07367987019572192,0.1462041415066035,0.12137200604527246,0.2675761475518759
162.14285714285714,0.6470686018021578,0.08523593338338727,0.13241298440963659,0.13528248040481822,0.26769546481445483
163.21428571428572,0.6279590711410147,0.09842217933771606,0.12219322227737225,0.1514255272438971,0.27361874952126936
164.28571428571428,0.6060005775075935,0.11214963010569168,0.11357496011361565,0.16827483227309906,0.2818497923867147
165.35714285714286,0.5834382355021392,0.1256589957657137,0.1059306965417936,0.1849720721903533,0.29090276873214693
166.42857142857142,0.5615326742350077,0.13839492221789904,0.09907057390090987,0.20100182964618332,0.3000724035470932
167.5,0.5410400530201777,0.14996622397574008,0.09293676394519207,0.21605695905889016,0.30899372300408223
168.57142857142858,0.5224051710568531,0.16012640389624963,0.08749863566653646,0.22996978938036072,0.3174684250468972
169.64285714285714,0.5058544242129559,0.16875493736695674,0.08272062698831399,0.24267001143177327,0.32539063842008725
170.71428571428572,0.4914542804272414,0.1758346411000161,0.07855622150877013,0.2541548569639724,0.33271107847274256
171.78571428571428,0.47915670419777034,0.1814264354645389,0.07495040972749455,0.2644664506101963,0.33941686033769086
172.85714285714286,0.46883685072040393,0.18564451408143215,0.07184403850732354,0.2736745966908404,0.3455186351981639
173.92857142857142,0.4603236135213148,0.18863449027855025,0.0691777166062766,0.28186417959385834,0.35104189620013493
175.0,0.4534230817226698,0.19055588806489432,0.06689464743719588,0.28912638277523994,0.3560210302124358
175.0,0.4534230817226698,0.19055588806489432,0.06689464743719588,0.28912638277523994,0.3560210302124358
176.25,0.5178251878719033,0.14613933917045707,0.10170310275082459,0.2343323702068148,0.3360354729576394
177.5,0.581170110791289,0.10922885472951019,0.12817253388717068,0.1814285005920301,0.3096010344792008
178.75,0.6243667724791122,0.08332896993804058,0.15052523772073853,0.14177901986210856,0.2923042575828471
180.0,0.6514138742410831,0.0654386195731783,0.17004923838322827,0.11309826780251016,0.2831475061857384
180.0,0.6514138742410831,0.0654386195731783,0.17004923838322827,0.11309826780251016,0.2831475061857384
181.07142857142858,0.6588245860908366,0.07343015686094065,0.14622881114110306,0.12151644590711964,0.2677452570482227
182.14285714285714,0.6471597511074737,0.08496630108458982,0.13243467947908263,0.13543926832885386,0.2678739478079365
183.21428571428572,0.6280591316200991,0.09813260792956403,0.12221259367900204,0.1515956667713348,0.27380826045033685
184.28571428571428,0.6061061945822405,0.11184374163880763,0.11359246529243143,0.16845759848652056,0.282050063778952
185.35714285714286,0.5835456767374828,0.1253420795929872,0.10594658148498738,0.1851656621845426,0.29111224366953
186.42857142857142,0.5616384941782068,0.13807277111058514,0.09908495007288458,0.2012037846383236,0.3002887347112082
187.5,0.5411414222218327,0.14964439885223277,0.09294968177554858,0.2162644971503859,0.30921417892593445
188.57142857142858,0.522499996428555,0.15980979372586746,0.08751013301899364,0.2301800768265838,0.31769020984557744
189.64285714285714,0.5059413352395525,0.1684475399005344,0.08273075378919992,0.24288037107071295,0.32561112485991284
190.71428571428572,0.4915325375432051,0.1755395042081786,0.07856504776025054,0.25436291048836573,0.33292795824861626
191.78571428571428,0.4792260728669663,0.18114570498996507,0.07495802408954977,0.2646701980535189,0.3396282221430686
192.85714285714286,0.46889747146811617,0.18537954247719324,0.07185054274599523,0.2738724433086955,0.3457229860546907
193.92857142857142,0.4603758854896917,0.1883859713844116,0.06918321913452531,0.2820549239913714,0.3512381431258967
195.0,0.4534675673799107,0.19032399474048006,0.06689925761274627,0.2893091802668631,0.3562084378796094
195.0,0.4534675673799107,0.19032399474048006,0.06689925761274627,0.2893091802668631,0.3562084378796094
196.25,0.5178553866016126,0.1459727626092108,0.10170857646108473,0.23446327432809194,0.33617185078917666
197.5,0.5811899365479681,0.10911228956550513,0.12817766496067984,0.181520108925847,0.30969777388652686
198.75,0.6243793174189006,0.08324593440825935,0.15052991822643585,0.1418448299464042,0.2923747481728401
200.0,0.6514215549429163,0.06537781509338762,0.17005356021880882,0.11314706974488735,0.28320062996369616
200.0,0.6514215549429163,0.06537781509338762,0.17005356021880882,0.11314706974488735,0.28320062996369616
201.07142857142858,0.6588335972086674,0.07336629467143299,0.1462325959416162,0.12156751217828332,0.2678001081198995
202.14285714285714,0.6471710283270472,0.08489718603936218,0.13243778129474473,0.1354940043388458,0.26793178563359055
203.21428571428572,0.628072505421558,0.09805810356758932,0.1222151369469748,0.15165425406387775,0.27386939101085256
204.28571428571428,0.6061211198531581,0.1117646559180936,0.11359458919096349,0.16851963503778475,0.28211422422874827
205.35714285714286,0.5835614935805323,0.12525967673687602,0.10594839153405265,0.18523043814853898,0.2911788296825916
206.42857142857142,0.5616545604580131,0.1379884833539987,0.09908651559987673,0.20127044058811142,0.3003569561879882
207.5,0.5411571837514619,0.14955964020431298,0.0929510451683549,0.21633213087587017,0.30928317604422506
208.57142857142858,0.5225150177746664,0.15972584315136293,0.08751131990585821,0.2302478191681124,0.31775913907397063
209.64285714285714,0.505955304584584,0.1683654771076393,0.08273178079742952,0.24294743751034714,0.32567921830777663
210.71428571428572,0.49154525581533814,0.17546018492957505,0.07856592743598391,0.25442863181910286,0.33299455925508675
211.78571428571428,0.479237435089498,0.18106976380275047,0.07495876757041617,0.2647340335373355,0.3396928011077517
212.85714285714286,0.46890744595890105,0.18530741267295522,0.07185116095654007,0.2739339804116037,0.34578514136814376
213.92857142857142,0.4603844943290246,0.1883179135507344,0.06918372313833074,0.2821138689819103,0.35129759212024103
215.0,0.453474869794986,0.19026012811626963,0.06689965855482573,0.28936534353391863,0.3562650020887444
215.0,0.453474869794986,0.19026012811626963,0.06689965855482573,0.28936534353391863,0.3562650020887444
216.25,0.517860209474991,0.14592689909570894,0.1017091308073498,0.23450376062195025,0.3362128914293
217.5,0.5811929871437161,0.10908020955675934,0.12817821467719406,0.18154858862233042,0.3097268032995245
218.75,0.6243811426640035,0.08322307378170524,0.1505304524650119,0.14186533108927943,0.29239578355429136
220.0,0.6514225826925572,0.06536105958735446,0.1700540878723234,0.11316226984776502,0.2832163577200884
220.0,0.6514225826925572,0.06536105958735446,0.1700540878723234,0.11316226984776502,0.2832163577200884
221.07142857142858,0.6588349647552777,0.07334866174256253,0.14623304061068088,0.12158333289147888,0.26781637350215975
222.14285714285714,0.6471729692319844,0.08487805913845428,0.13243808256300424,0.13551088906655703,0.26794897162956127
223.21428571428572,0.6280749997747751,0.09803742853735162,0.12221532276986828,0.15167224891800496,0.27388757168787325
224.28571428571428,0.6061240564324847,0.11174264034691217,0.1135946981147756,0.1685386051058277,0.2821333032206033
225.35714285714286,0.5835647278599759,0.12523665866995526,0.10594845475697348,0.18525015871309522,0.2911986134700687
226.42857142857142,0.5616579453346855,0.1379648532856187,0.09908655387805729,0.20129064750163853,0.3003772013796958
227.5,0.5411605869013231,0.14953578982995797,0.09295107042861307,0.21635255284010574,0.3093036232687188
228.57142857142858,0.5225183302776926,0.159702132303082,0.0875113379505885,0.23026819946863702,0.3177795374192255
229.64285714285714,0.5059584435747818,0.16834221465406632,0.08273179373554333,0.24296754803560838,0.32569934177115173
230.71428571428572,0.49154816331602563,0.17543762040040514,0.07856593545308149,0.25444828083048765,0.33301421628356914
231.78571428571428,0.4792400747699231,0.1810480867219162,0.0749587700586342,0.26475306844952656,0.3397118385081607
232.85714285714286,0.46890979908714364,0.18528675687141313,0.07185115715621719,0.27395228688522594,0.34580344404144314
233.92857142857142,0.4603865557369754,0.18829836421678636,0.06918371245390534,0.2821313675923328,0.3513150800462382
235.0,0.45347664428821866,0.1902417299306287,0.06689964067435569,0.2893819851067969,0.35628162578115263
235.0,0.45347664428821866,0.1902417299306287,0.06689964067435569,0.2893819851067969,0.35628162578115263
236.25,0.5178614407248411,0.14591365723962513,0.10170915703303851,0.23451574500249525,0.3362249020355338
237.5,0.5811938311093016,0.10907092191065378,0.12817825081464088,0.1815569961654037,0.30973524698004457
238.75,0.6243817053676993,0.08321643630777353,0.15053049576272906,0.14187136256179814,0.2924018583245272
240.0,0.651422953986698,0.06535618099770775,0.17005413930977067,0.11316672570582349,0.2832208650155942
240.0,0.651422953986698,0.06535618099770775,0.17005413930977067,0.11316672570582349,0.2832208650155942
241.07142857142858,0.6588354422418073,0.07334351806597442,0.1462330776580599,0.1215879620341583,0.2678210396922182
242.14285714285714,0.647173613780742,0.08487247181235116,0.13243808880396118,0.1355158256029457,0.26795391440690686
243.21428571428572,0.6280758047960334,0.09803138145121587,0.12221530593373382,0.1516775078190169,0.2738928137527507
244.28571428571428,0.6061249901425587,0.11173619359021883,0.11359466868641079,0.16854414758081157,0.28213881626722237
245.35714285714286,0.583565748913067,0.12522991069704714,0.10594842092832425,0.18525591946156164,0.2912043403898859
246.42857142857142,0.561659011353889,0.1379579183016608,0.0990865207182889,0.20129654962616134,0.3003830703444502
247.5,0.541161659433696,0.14952878282364263,0.09295104041333702,0.2163585173293244,0.30930955774266145
248.57142857142858,0.5225193773504248,0.1596951593013748,0.0875113118001699,0.2302741515480305,0.3177854633482004
249.64285714285714,0.5059594405671469,0.16833536701998666,0.08273177116070363,0.24297342125216279,0.3257051924128664
250.71428571428572,0.49154909272754416,0.1754309722630634,0.07856591569393395,0.2544540193154585,0.3330199350093925
251.78571428571428,0.4792409253663041,0.1810416946783177,0.07495875222455863,0.2647586277308196,0.3397173799553782
252.85714285714286,0.468910564787075,0.1852806611710603,0.07185114041375314,0.27395763362811165,0.3458087740418648
253.92857142857142,0.46038723447801116,0.18829259077412683,0.0691836961131911,0.282136478634671,0.3513201747478621
255.0,0.45347723700246695,0.1902362926781274,0.06689962421460163,0.289386846104804,0.3562864703194057
255.0,0.45347723700246695,0.1902362926781274,0.06689962421460163,0.289386846104804,0.3562864703194057
256.25,0.5178618755516519,0.1459097342286556,0.10170915646612488,0.2345192337535677,0.33622839021969253
257.5,0.5811941521891172,0.10906816212458167,0.12817825355421267,0.18155943213208858,0.3097376856863013
258.75,0.6243819386639011,0.08321445850287451,0.15053050046435726,0.14187310236886702,0.29240360283322425
260.0,0.6514231239420711,0.06535472364694507,0.17005414633893892,0.11316800607204495,0.28322215241098386
260.0,0.6514231239420711,0.06535472364694507,0.17005414633893892,0.11316800607204495,0.28322215241098386
261.07142857142856,0.6588356470462549,0.07334197979144785,0.14623308112871844,0.12158929203357886,0.2678223731622973
262.14285714285717,0.6471738702857147,0.08487079995926751,0.13243808485805722,0.13551724489696063,0.26795532975501785
263.2142857142857,0.628076109876646,0.09802957166773217,0.12221529697318723,0.15167902148243476,0.273894318455622
264.2857142857143,0.60612533315276,0.11173426423359034,0.1135946576137987,0.168545744999851,0.2821404026136497
265.35714285714283,0.5835661164478332,0.1252278915399134,0.1059484098486836,0.18525758216356977,0.2912059920122534
266.42857142857144,0.561659389870055,0.13795584375790057,0.09908651079453677,0.20129825557750763,0.3003847663720444
267.5,0.541162036768419,0.14952668746065817,0.09295103207451913,0.21636024369640372,0.3093112757709228
268.57142857142856,0.5225197434938901,0.15969307492270926,0.08751130501076279,0.23027587657263782,0.3177871815834006
269.64285714285717,0.5059597879088166,0.168333320966938,0.082731765644861,0.2429751254793844,0.3257068911242454
270.7142857142857,0.4915494159569346,0.17542898666040024,0.07856591108956232,0.2544556862931028,0.3330215973826651
271.7857142857143,0.47924122118044254,0.18103978636288148,0.07495874817474435,0.26476024428193157,0.33971899245667597
272.85714285714283,0.4689108315201259,0.18527884206374506,0.07185113661256542,0.27395918980356376,0.3458103264161292
273.92857142857144,0.46038747172874755,0.18829086849703014,0.06918369232235706,0.2821379674518652,0.35132165977422225
275.0,0.45347744530082934,0.19023467127004454,0.06689962026366797,0.2893882631654582,0.35628788342912615
275.0,0.45347744530082934,0.19023467127004454,0.06689962026366797,0.2893882631654582,0.35628788342912615
276.25,0.5178620319852155,0.14590856242125233,0.10170915812733956,0.2345202474661924,0.336229405593532
277.5,0.5811942708903313,0.10906733609658119,0.12817825594857202,0.18156013706451557,0.30973839301308753
278.75,0.6243820274251354,0.08321386547497212,0.15053050301693605,0.14187360408295654,0.29240410709989256
280.0,0.6514231905010304,0.06535428601144355,0.17005414923357895,0.11316837425394725,0.28322252348752625
280.0,0.6514231905010304,0.06535428601144355,0.17005414923357895,0.11316837425394725,0.28322252348752625
281.07142857142856,0.6588357247818414,0.07334151764029453,0.14623308286232528,0.1215896747155388,0.26782275757786406
282.14285714285717,0.6471739640865032,0.08487029765705353,0.13243808455033773,0.13551765370610555,0.26795573825644325
283.2142857142857,0.6280762184801763,0.09802902805796115,0.12221529538689038,0.15167945807497216,0.27389475346186254
284.2857142857143,0.6061254529943599,0.11173368496336328,0.11359465557511816,0.16854620646715862,0.2821408620422768
285.35714285714283,0.5835662431593971,0.12522728565841537,0.10594840791520958,0.18525806326697786,0.29120647118218745
286.42857142857144,0.5616595191024331,0.13795522167326205,0.09908650924078755,0.2012987499835172,0.30038525922430476
287.5,0.5411621646621783,0.14952605958875032,0.09295103096771923,0.21636074478135217,0.30931177574907137
288.57142857142856,0.5225198669126648,0.1596924508129857,0.0875113042957845,0.23027637797856493,0.31778768227434945
289.64285714285717,0.50595990450571,0.16833270879848056,0.08273176521080375,0.24297562148500568,0.3257073866958094
290.7142857142857,0.49154952413219566,0.1754283930237078,0.07856591081316046,0.2544561720309361,0.33302208284409657
291.7857142857143,0.4792413199793838,0.18103921624713507,0.07495874794441788,0.2647607158290634,0.3397194637734813
292.85714285714283,0.46891092050834354,0.18527829897629086,0.07185113633901795,0.2739596441763476,0.34581078051536557
