Generation,xOC,xOB,xMMd,xMMr,total xMM
0.0,0.26666666666666666,0.4,0.26666666666666666,0.06666666666666667,0.3333333333333333
0.5084745762711864,0.4118169259924372,0.3134124325604473,0.22049421948068987,0.05427642196642549,0.2747706414471154
1.0169491525423728,0.47830702688806925,0.2676566648142107,0.20526975394070723,0.048766554357012805,0.25403630829772006
1.5254237288135593,0.5154653325360968,0.2374893901854891,0.20132253864380772,0.045722738634606394,0.2470452772784141
2.0338983050847457,0.5392665620119531,0.21476288449476946,0.20225080648455243,0.043719747008724996,0.24597055349327743
2.542372881355932,0.5561656548617824,0.1962171326095122,0.20542454994852527,0.042192662580180174,0.24761721252870544
3.0508474576271185,0.5691053611864236,0.18037003126185244,0.20962895750678798,0.0408956500449359,0.25052460755172384
3.559322033898305,0.5795356880374382,0.16647658973203874,0.21426976977235843,0.039717952458164806,0.25398772223052324
4.067796610169491,0.5882180816506465,0.1541223557905821,0.21904969055241272,0.038609872006358605,0.2576595625587713
4.576271186440678,0.5955797186946794,0.14304988196237806,0.22382039602437206,0.03755000331857048,0.26137039934294254
5.084745762711864,0.6018792352980102,0.13308072471539534,0.22851006068726853,0.03652997929932579,0.2650400399865943
5.59322033898305,0.6072871360817943,0.12407918684981421,0.23308646119950924,0.03554721586888213,0.26863367706839136
6.101694915254237,0.6119257728375569,0.11593497563989506,0.23753779123212246,0.03460146029042564,0.2721392515225481
6.610169491525424,0.6158896294211886,0.10855461251450903,0.24186257579946555,0.03369318226483684,0.2755557580643024
7.11864406779661,0.619255843497958,0.10185694722032457,0.24606434760426132,0.032822861677456065,0.2788872092817174
7.627118644067796,0.6220898217280266,0.09577062253773098,0.25014884647726743,0.031990709256974934,0.2821395557342423
8.135593220338983,0.6244483706999814,0.09023248116652029,0.254122557896727,0.03119659023677131,0.28531914813349835
8.64406779661017,0.62638154366485,0.08518644574804146,0.257991971766746,0.030440038820362544,0.28843201058710854
9.152542372881356,0.6279338213936265,0.08058264949246687,0.2617632213323504,0.02972030778155615,0.29148352911390657
9.661016949152541,0.6291449289114672,0.07637671518431181,0.2654419282680761,0.029036427636144852,0.2944783559042209
10.169491525423728,0.6300504502911892,0.07252913271216571,0.26903315346941664,0.028387263527228403,0.29742041699664507
10.677966101694915,0.6306823201925831,0.0690047110140653,0.27254140358640666,0.02777156520694502,0.3003129687933516
11.1864406779661,0.6310692361165736,0.0657720906519374,0.2759706649209386,0.027188008310550498,0.30315867323148904
11.694915254237287,0.6312370143058808,0.06280331080913981,0.27932444656793126,0.026635228317048298,0.3059596748849796
12.203389830508474,0.6312088987728366,0.0600734233895059,0.28260583090171437,0.02611184693594301,0.3087176778376574
12.711864406779661,0.631005836639528,0.05756015016330805,0.28581752061379173,0.025616492583372324,0.3114340131971641
13.220338983050848,0.6306467230270005,0.05524357861659132,0.28896188247990545,0.02514781587650257,0.31410969835640806
13.728813559322033,0.6301486150997477,0.05310589281958048,0.2920409909926634,0.02470450108800855,0.31674549208067193
14.23728813559322,0.6295269273754913,0.05113113500275204,0.2950566634278594,0.024285274193897304,0.3193419376217567
14.745762711864407,0.628795600863716,0.04930499545131472,0.2980104950686658,0.02388890861630356,0.32189940368496933
15.254237288135592,0.6279672558256784,0.04761462669744591,0.3009038887724363,0.023514228704439453,0.32441811747687577
15.762711864406779,0.6270533276832552,0.046048479613334976,0.303738080983988,0.023160111719421946,0.3268981927034099
16.271186440677965,0.6260641862382408,0.04459615898728424,0.30651416612977433,0.022825488644700707,0.3293396547744751
16.779661016949152,0.6250092433181993,0.04324829595053027,0.3092331167052234,0.022509344026047068,0.33174246073127045
17.28813559322034,0.6238970496062354,0.041996435228220594,0.3118958001302787,0.022210715035265425,0.33410651516554407
17.796610169491526,0.6227353757921796,0.040832936179679334,0.31450299769227347,0.021928690335867643,0.3364316880281411
18.305084745762713,0.6215312894070233,0.03975088490306589,0.31705541737072723,0.021662408319183715,0.33871782568991093
18.813559322033896,0.6202912241209091,0.03874401647780492,0.31955370433579955,0.02141105506548647,0.34096475940128596
19.322033898305083,0.6190210372343224,0.037806646566904814,0.3219984538106572,0.02117386238811562,0.34317231619877286
19.83050847457627,0.617726064026749,0.03693361056733833,0.3243902197967873,0.02095010560912539,0.34534032540591264
20.338983050847457,0.6164111657657698,0.036120209784270024,0.3267295230848865,0.020739101365073564,0.3474686244499601
20.847457627118644,0.615080772957777,0.0353621634952728,0.3290168582414541,0.020540205305496096,0.3495570635469502
21.35593220338983,0.6137389212652088,0.03465556693838264,0.33125270161707415,0.020352810179334418,0.3516055117964086
21.864406779661017,0.6123892883001111,0.03399685336454766,0.33343751474463873,0.02017634359070257,0.3536138583353413
22.3728813559322,0.6110352284199432,0.03338275996160167,0.33557174598248307,0.02001026563597223,0.35558201161845526
22.881355932203387,0.6096797923398473,0.032810298770324445,0.3376558414156235,0.01985406747420479,0.3575099088898283
23.389830508474574,0.6083257551673715,0.03227672958932832,0.3396902460526274,0.01970726919067285,0.35939751524330016
23.89830508474576,0.6069756445992635,0.031779536045553655,0.34167540137990937,0.019569417975273437,0.3612448193551828
24.406779661016948,0.6056317542815297,0.03131640447690966,0.3436117546946341,0.019440086546926454,0.3630518412415606
24.915254237288135,0.6042961663269588,0.03088520473586295,0.3454997574435034,0.019318871493674783,0.36481862893717815
25.423728813559322,0.6029707673632264,0.030483973133743392,0.34733986769886044,0.019205391804169733,0.3665452595030302
25.93220338983051,0.6016572639823058,0.030110897026382866,0.3491325515909403,0.01909928740037102,0.36823183899131134
26.440677966101696,0.6003571966444567,0.029764301084710468,0.35087828441526175,0.019000217855571017,0.3698785022708328
26.94915254237288,0.5990719527164176,0.02944263489911472,0.35257755122608697,0.018907861158380876,0.3714854123844678
27.457627118644066,0.5978027782905495,0.029144461836204404,0.35423084730050564,0.018821912572740535,0.37305275987324615
27.966101694915253,0.5965507869908642,0.028868448624892122,0.35583868118699513,0.01874208319724861,0.37458076438424376
28.47457627118644,0.5953169733181789,0.028613356884448753,0.35740157025355407,0.018668099543818255,0.3760696697973723
28.983050847457626,0.5941022200812022,0.02837803466265273,0.35892004292693264,0.018599702329212466,0.3775197452561451
29.491525423728813,0.5929073060579028,0.028161408686704865,0.3603946399744872,0.018536645280905244,0.3789312852553924
30.0,0.5917329134754085,0.027962478011393923,0.3618259138822474,0.018478694630950164,0.38030460851319753
30.0,0.5917329134754085,0.027962478011393923,0.3618259138822474,0.018478694630950164,0.38030460851319753
31.071428571428573,0.6089510007806865,0.036782902600763126,0.33134480243142783,0.022921294187122562,0.3542660966185504
32.142857142857146,0.6154993272695588,0.04862012702378852,0.3071970953527174,0.028683450353935165,0.33588054570665254
33.214285714285715,0.6151553827016475,0.06375636598976327,0.28528817224226505,0.03580007906632415,0.3210882513085892
34.285714285714285,0.6093128996001577,0.08234101625790204,0.2640468060805642,0.04429927806137605,0.3083460841419402
35.357142857142854,0.5985933879430526,0.10425623471617626,0.24299017780998727,0.054160199530783756,0.29715037734077104
36.42857142857143,0.5835286293367606,0.1290229927360099,0.22215761894424907,0.06529075898298031,0.2874483779272294
37.5,0.564852493170916,0.15577827710841902,0.2018453926021984,0.07752383711846665,0.2793692297206651
38.57142857142857,0.543569152438483,0.1833467794288404,0.18245200915070856,0.09063205898196786,0.2730840681326764
39.64285714285714,0.5208757246927347,0.21039820765885822,0.16437004238157935,0.10435602526682765,0.268726067648407
40.714285714285715,0.49800802747139317,0.23564542791917664,0.147910589529344,0.11843595508008624,0.26634654460943025
41.785714285714285,0.47607849896396726,0.25802293152235145,0.1332621047975615,0.13263646471611973,0.26589856951368124
42.85714285714286,0.4559589494607227,0.27679902149352104,0.12048308249317903,0.14675894655257718,0.2672420290457562
43.92857142857143,0.43823025400690985,0.2916068950505007,0.10952053236517838,0.1606423185774111,0.27016285094258946
45.0,0.4231922480539412,0.3024089683926416,0.10024179930957139,0.1741569842438458,0.2743987835534172
45.0,0.4231922480539412,0.3024089683926416,0.10024179930957139,0.1741569842438458,0.2743987835534172
46.25,0.4676970140250607,0.24507077392843188,0.13035391966869544,0.1568782923778119,0.28723221204650734
47.5,0.5169414597596869,0.19451321867370894,0.1533604055940798,0.1351849159725244,0.28854532156660423
48.75,0.5558179220282845,0.1555390385757958,0.17298168529984778,0.11566135409607187,0.2886430393959196
50.0,0.5842890284403697,0.12621538700610918,0.1902079357064084,0.09928764884711275,0.28949558455352115
50.0,0.5842890284403697,0.12621538700610918,0.1902079357064084,0.09928764884711275,0.28949558455352115
51.07142857142857,0.5867853406813769,0.14057481403973138,0.16415720074202364,0.10848264453686814,0.2726398452788918
52.142857142857146,0.5723837409517601,0.15896749586710915,0.1471778132565753,0.12147094992455532,0.2686487631811306
53.214285714285715,0.5520256101610808,0.1782129362788985,0.13377847282552424,0.13598298073449658,0.26976145356002085
54.285714285714285,0.530165774801574,0.1965677858587869,0.12232500277174826,0.15094143656789083,0.2732664393396391
55.357142857142854,0.5089239514483223,0.2129964348766321,0.11231571491572435,0.16576389875932127,0.27807961367504563
56.42857142857143,0.4893831629809398,0.22692166420959747,0.10357702642217498,0.18011814638728765,0.2836951728094626
57.5,0.4720834396400962,0.23809592484893893,0.09600924123198318,0.1938113942789817,0.2898206355109649
58.57142857142857,0.45724075710119905,0.24651129169954603,0.08951422521942616,0.20673372597982875,0.29624795119925496
59.64285714285714,0.44486415884027614,0.25232575230602156,0.08398300961077951,0.21882707924292266,0.3028100888537022
60.714285714285715,0.4348309633723438,0.2558011807317979,0.07930052444351438,0.2300673314523439,0.3093678558958583
61.785714285714285,0.4269401552817385,0.2572533214974569,0.07535293463541405,0.24045358858539054,0.3158065232208046
62.85714285714286,0.42095091676379576,0.25701418983066915,0.07203331355479022,0.2500015798507449,0.32203489340553515
63.92857142857143,0.4166095735773834,0.2554060922661291,0.06924496584478203,0.2587393683117054,0.3279843341564874
65.0,0.4136674449968554,0.25272545473562386,0.0669028136541604,0.26670428661336043,0.3336071002675209
65.0,0.4136674449968554,0.25272545473562386,0.0669028136541604,0.26670428661336043,0.3336071002675209
66.25,0.48318033171641145,0.19417566682245813,0.10046609455343825,0.2221779069076922,0.3226440014611304
67.5,0.550800865601649,0.14566876127926848,0.1270378459829614,0.1764925271361212,0.3035303731190826
68.75,0.598654838202994,0.1110619780087144,0.14973752609379826,0.14054565769449331,0.29028318378829154
70.0,0.6299922035907878,0.08684763493064193,0.16955381280790624,0.11360634867066394,0.28316016147857015
70.0,0.6299922035907878,0.08684763493064193,0.16955381280790624,0.11360634867066394,0.28316016147857015
71.07142857142857,0.6360844112094476,0.09618655237331922,0.1458396542242966,0.1218893821929365,0.2677290364172331
72.14285714285714,0.6232360016519756,0.10951970768789432,0.13184701296971416,0.13539727769041598,0.26724429066013017
73.21428571428571,0.6034306746817868,0.12429878608302364,0.12135418255049259,0.15091635668469705,0.2722705392351897
74.28571428571429,0.5813577725413481,0.13916199310592567,0.11249278982193864,0.1669874445307877,0.27948023435272634
75.35714285714286,0.5592413778607915,0.15324999247071794,0.10467828487349823,0.1828303447949924,0.2875086296684906
76.42857142857143,0.538257152438973,0.16600901303797738,0.09772991007812402,0.19800392444492568,0.29573383452304974
77.5,0.5190485834025068,0.17710913982310805,0.0915810078769158,0.2122612688974693,0.3038422767743851
78.57142857142857,0.5019432117347392,0.1863955681433952,0.08618473598824575,0.22547648413362006,0.3116612201218658
79.64285714285714,0.4870602571447139,0.19384900923494286,0.08148814861690815,0.23760258500343504,0.3190907336203432
80.71428571428571,0.47437708541626966,0.19954917532428193,0.07742930348203389,0.24864443577741455,0.3260737392594485
81.78571428571428,0.4637773595148887,0.20364157901203722,0.07394092137282003,0.2586401401002541,0.33258106147307415
82.85714285714286,0.455087851162269,0.20630930677367265,0.07095485060521757,0.2676479914588408,0.33860284206405833
83.92857142857143,0.44810613350481626,0.20775085752775285,0.06840557047656246,0.2757374384908685,0.344143008967431
85.0,0.4426204715167939,0.2081641145603361,0.06623243911087377,0.2829829748119962,0.34921541392287
85.0,0.4426204715167939,0.2081641145603361,0.06623243911087377,0.2829829748119962,0.34921541392287
86.25,0.5092619349234656,0.1592471003929539,0.10077242751994658,0.23071853716363386,0.33149096468358047
87.5,0.5743291089885645,0.11879057036998637,0.12733100376130985,0.17954931688013928,0.30688032064144916
88.75,0.6189906067696203,0.09037799950583116,0.14982265218552207,0.1408087415390266,0.2906313937245487
90.0,0.6472019768383425,0.07074550733205437,0.16946119558853667,0.11259132024106662,0.2820525158296033
90.0,0.6472019768383425,0.07074550733205437,0.16946119558853667,0.11259132024106662,0.2820525158296033
91.07142857142857,0.6543440770829124,0.07903676060546679,0.145711500688907,0.12090766162271402,0.266619162311621
92.14285714285714,0.642373300776551,0.09101873833707913,0.13193581195336077,0.13467214893300913,0.26660796088636984
93.21428571428571,0.6230575423721268,0.1046043555707085,0.12171230184338962,0.15062580021377514,0.27233810205716474
94.28571428571429,0.6010207703843737,0.11863161173451472,0.11308966833601293,0.16725794954509865,0.2803476178811116
95.35714285714286,0.5785102754164054,0.13231138431993575,0.10544952393401828,0.18372881632964067,0.2891783402636589
96.42857142857143,0.5567704947004719,0.14508419485691162,0.09860473259693889,0.1995405778456775,0.2981453104426164
97.5,0.536532854273427,0.15657044291481906,0.09249650215792657,0.2144002006538273,0.3068967028117539
98.57142857142857,0.5182150798110281,0.1665438362642826,0.08709157664956398,0.22814950727512526,0.31524108392468925
99.64285714285714,0.5020181421431258,0.1749074405497472,0.08235138538681076,0.24072303192031635,0.3230744173071271
100.71428571428571,0.48798699460810263,0.18166741307747403,0.07822670138172914,0.25211889093269435,0.3303455923144235
101.78571428571428,0.47605688984828265,0.18690555220785227,0.07466038442448951,0.2623771735193755,0.337037557943865
102.85714285714286,0.4660910088661703,0.1907534030735626,0.07159177683235912,0.27156381122790796,0.3431555880602671
103.92857142857143,0.4579103995674208,0.19337015340654448,0.06896053787377197,0.2797589091522627,0.3487194470260347
105.0,0.45131660685132596,0.19492537090037046,0.06670936069588738,0.2870486615524161,0.3537580222483035
105.0,0.45131660685132596,0.19492537090037046,0.06670936069588738,0.2870486615524161,0.3537580222483035
106.25,0.516236868802463,0.14933324486372906,0.10147072505060077,0.23295916128320715,0.33442988633380794
107.5,0.579970673880076,0.11151114941854258,0.12796086927038453,0.18055730743099685,0.3085181767013814
108.75,0.6234720982720254,0.08498289142531433,0.15034264152692153,0.14120236877573863,0.29154501030266017
110.0,0.6507466291731542,0.06666648451366834,0.169890590920268,0.11269629539290955,0.2825868863131776
110.0,0.6507466291731542,0.06666648451366834,0.169890590920268,0.11269629539290955,0.2825868863131776
111.07142857142857,0.6581092893174575,0.07472233985606448,0.14608835836798426,0.12108001245849373,0.267168370826478
112.14285714285714,0.6463807309137091,0.08636116422121727,0.1323060762252256,0.13495202863984807,0.26725810486507373
113.21428571428571,0.6272308525863236,0.09962734097634228,0.12209174569622813,0.15105006074110608,0.2731418064373342
114.28571428571429,0.6052527151832802,0.11341710596611179,0.11347788979243166,0.1678522890581765,0.2813301788506081
115.35714285714286,0.5826924827420235,0.12696479730913726,0.10583841394385389,0.1845043060049853,0.2903427199488392
116.42857142857143,0.560808440511901,0.13971368428309097,0.09898400975940332,0.20049386544560457,0.2994778752050079
117.5,0.5403527856555601,0.1512743066930436,0.09285685060171152,0.21551605704968466,0.30837290765139613
118.57142857142857,0.5217658484729326,0.16140366261056444,0.08742603407635076,0.22940445484015223,0.316830488916503
119.64285714285714,0.5052697643444485,0.16998550044995075,0.0826556416812633,0.24208909352433738,0.32474473520560065
120.71428571428571,0.4909273587471075,0.1770069843604664,0.0784988224890571,0.25356683440336897,0.33206565689242606
121.78571428571428,0.47868774090897737,0.1825330125034088,0.07490030265157815,0.2638789439360356,0.3387792465876138
122.85714285714286,0.46842399911533766,0.1866811564877051,0.07180074671819543,0.2730940976787618,0.3448948443969572
123.92857142857143,0.4599636531266918,0.189599733315837,0.06914065594879716,0.281295957608674,0.35043661355747113
125.0,0.4531119763382665,0.19145032067874282,0.06686318593384431,0.2885745170491464,0.3554377029829907
125.0,0.4531119763382665,0.19145032067874282,0.06686318593384431,0.2885745170491464,0.3554377029829907
126.25,0.5175995474243948,0.14678665624261142,0.10166513838579051,0.2339486579472032,0.33561379633299376
127.5,0.5810077378450441,0.10968598695678752,0.12813766445258357,0.1811686107455848,0.30930627519816833
128.75,0.6242516411117498,0.08365700266765913,0.15049453784420627,0.14159681837638488,0.2920913562205912
130.0,0.6513324808468421,0.0656802039138064,0.1700219609569857,0.11296535428236558,0.2829873152393513
130.0,0.6513324808468421,0.0656802039138064,0.1700219609569857,0.11296535428236558,0.2829873152393513
131.07142857142858,0.6587358850300415,0.07368394549352779,0.14620469000819294,0.12137547946823762,0.2675801694764306
132.14285714285714,0.6470601462236073,0.08524044058872704,0.13241337243090548,0.13528604075676015,0.26769941318766566
133.21428571428572,0.6279504093462008,0.0984270686390002,0.12219343007668328,0.15142909193811563,0.2736225220147989
134.28571428571428,0.605991886051596,0.1121548011897792,0.1135750063959145,0.16827830636271032,0.2818533127586248
135.35714285714286,0.5834296859438977,0.12566432710095649,0.10593061570291633,0.18497537125222954,0.29090598695514586
136.42857142857142,0.5615244154630623,0.13840029102803367,0.09907040351735748,0.20100488999154664,0.3000752935089041
137.5,0.5410322021392041,0.14997151946979198,0.09293653811542914,0.21605974027557479,0.3089962783910039
138.57142857142858,0.5223978105115483,0.1601315348626187,0.0874983821519425,0.22997227247389043,0.31747065462583296
139.64285714285714,0.5058476034571705,0.16875983514677645,0.08272036662594344,0.24267219477010982,0.3253925613960532
140.71428571428572,0.49144802049381775,0.17583925915077986,0.07855596881733846,0.25415675153806405,0.3327127203554025
141.78571428571428,0.47915100361908675,0.1814307467896801,0.07495017401584816,0.26446807557538504,0.33941824959123323
142.85714285714286,0.4688316915808669,0.1856485076427263,0.0718438250820231,0.2736759756943837,0.34551980077640676
143.92857142857142,0.46031896687832324,0.18863816720842994,0.06917752787205791,0.28186533804118896,0.35104286591324685
145.0,0.4534189120386608,0.19055925818221078,0.06689448380529776,0.2891273459738306,0.3560218297791284
145.0,0.4534189120386608,0.19055925818221078,0.06689448380529776,0.2891273459738306,0.3560218297791284
146.25,0.5178217494662084,0.14614198237854217,0.10170282834007427,0.23433343981517515,0.3360362681552494
147.5,0.5811672418376549,0.10923089620270038,0.12817229197896035,0.18142956998068435,0.30960186195964473
148.75,0.6243644268301657,0.0833305458809434,0.1505250494397279,0.14177997784916302,0.2923050272888909
150.0,0.6514119690933247,0.06543985083257425,0.170049094101879,0.11309908597222215,0.28314818007410114
150.0,0.6514119690933247,0.06543985083257425,0.170049094101879,0.11309908597222215,0.28314818007410114
151.07142857142858,0.6588225726456489,0.07343147670178861,0.14622868510718326,0.12151726554537909,0.26774595065256235
152.14285714285714,0.6471576317110652,0.08496773397124503,0.13243454330710955,0.13544009101058016,0.2678746343176897
153.21428571428572,0.6280569460319945,0.09813413995646529,0.12221244035737404,0.15159647365416618,0.2738089140115402
154.28571428571428,0.6061039945989001,0.11184534155790792,0.1135922972860687,0.16845836655712326,0.282050663843192
155.35714285714286,0.5835435136391312,0.12534370970444678,0.10594640522593245,0.18516637143048953,0.291112776656422
156.42857142857142,0.5616364122350282,0.13807439405842192,0.09908477276707173,0.20120442093947818,0.30028919370654994
157.5,0.5411394556610942,0.14964598180179717,0.09294950972355202,0.21626505281355654,0.30921456253710855
158.57142857142858,0.5224981686533374,0.15981131054678654,0.08750997094156117,0.2301805498583148,0.317690520799876
159.64285714285714,0.5059396595417051,0.16844897182998936,0.08273060474373795,0.24288076388456772,0.32561136862830564
160.71428571428572,0.4915310186875573,0.17554083946332313,0.07856491335304275,0.2543632284960769,0.3329281418491197
161.78571428571428,0.4792247090269819,0.18114693777038324,0.07495790479761638,0.2646704484050185,0.3396283532026349
162.85714285714286,0.46889625613629143,0.18538067171676134,0.07185043824397537,0.2738726339029718,0.3457230721469472
163.92857142857142,0.4603748091431737,0.18838699950080304,0.0691831285771206,0.28205506277890263,0.35123819135602324
165.0,0.4534666188105259,0.1903249265253871,0.06689917985581906,0.2893092748082679,0.35620845466408696
165.0,0.4534666188105259,0.1903249265253871,0.06689917985581906,0.2893092748082679,0.35620845466408696
166.25,0.517854647358601,0.1459734649497825,0.10170847655913598,0.23446341113248056,0.33617188769161654
167.5,0.5811893562635211,0.10911280966112623,0.12817757511147876,0.18152025896387394,0.3096978340753527
168.75,0.6243788676160521,0.08324632218899398,0.15052984269213332,0.1418449675028207,0.292374810194954
170.0,0.6514212066175216,0.0653781095197157,0.17005349657095728,0.11314718729180535,0.28320068386276265
170.0,0.6514212066175216,0.0653781095197157,0.17005349657095728,0.11314718729180535,0.28320068386276265
171.07142857142858,0.6588332291677841,0.07336660601592218,0.1462325393564423,0.12156762545985142,0.2678001648162937
172.14285714285714,0.6471706378644642,0.08489752142501134,0.132437726870991,0.13549411383953336,0.26793184071052434
173.21428571428572,0.6280721000375897,0.09805846037536702,0.12221508309519424,0.151654356491849,0.27386943958704324
174.28571428571428,0.6061207101502051,0.11176502728914559,0.11359453601158834,0.16851972654906097,0.2821142625606493
175.35714285714286,0.5835610902191667,0.1252600542498836,0.10594833986968774,0.18523051566126186,0.2911788555309496
176.42857142857142,0.561654172657902,0.1379888586351187,0.0990864664511555,0.2012705022558238,0.30035696870697925
177.5,0.5411568186126721,0.14956000589305443,0.09295099938316563,0.2163321761111079,0.3092831754942735
178.57142857142858,0.5225146801118515,0.15972619339559807,0.08751127805641709,0.23024784843613336,0.31775912649255045
179.64285714285714,0.5059549970891285,0.168365807709944,0.08273174316838963,0.24294745203253787,0.3256791952009275
180.71428571428572,0.4915449794014545,0.17546049325723376,0.07856589406733644,0.25442863327397536,0.3329945273413118
181.78571428571428,0.4792371893098309,0.1810700485626945,0.07495873831957042,0.2647340238079042,0.33969276212747457
182.85714285714286,0.46890722940971097,0.18530767363223602,0.07185113555976598,0.2739339613982871,0.34578509695805304
183.92857142857142,0.4603843049998232,0.18831815125746543,0.06918370126252213,0.2821138424801893,0.35129754374271144
185.0,0.4534747053451824,0.19026034365231315,0.06689963983679552,0.289365311165709,0.35626495100250455
185.0,0.4534747053451824,0.19026034365231315,0.06689963983679552,0.289365311165709,0.35626495100250455
186.25,0.5178600874744088,0.145927057177088,0.10170910866313936,0.2345037466853639,0.3362128553485032
187.5,0.5811928968924693,0.10908032302631752,0.12817819458549987,0.18154858549571332,0.3097267800812132
188.75,0.6243810766680967,0.08322315616795356,0.1505304350806672,0.14186533208328234,0.2923957671639496
190.0,0.6514225344663627,0.06536112075631387,0.1700540727484605,0.11316227202886298,0.2832163447773235
190.0,0.6514225344663627,0.06536112075631387,0.1700540727484605,0.11316227202886298,0.2832163447773235
191.07142857142858,0.6588349136535845,0.07334872584126223,0.14623302711191083,0.12158333339324234,0.2678163605051532
192.14285714285714,0.6471729142377609,0.08487812792578056,0.1324380701004604,0.1355108877359981,0.2679489578364585
193.21428571428572,0.6280749419633195,0.09803750167272926,0.12221531105977618,0.1516722453041751,0.2738875563639513
194.28571428571428,0.6061239975030687,0.11174271658588653,0.11359468709149663,0.1685385988195483,0.2821332859110449
195.35714285714286,0.583564669563662,0.12523673641765776,0.10594844446332115,0.18525014955535904,0.2911985940186802
196.42857142857142,0.561657889200681,0.13796493092158935,0.09908654438709741,0.20129063549063222,0.30037717987772966
197.5,0.5411605341139514,0.14953586590248702,0.09295106179962487,0.21635253818393668,0.3093035999835616
198.57142857142858,0.5225182816450842,0.1597022056313718,0.0875113302107799,0.23026818251276407,0.31777951272354393
199.64285714285714,0.5059583995547938,0.16834228436314788,0.08273178687760221,0.2429675292044561,0.3256993160820583
200.71428571428572,0.4915481240735273,0.1754376859103916,0.07856592944071426,0.2544482605753666,0.3330141900160809
201.78571428571428,0.47924004024562317,0.18104814771055575,0.07495876483494716,0.26475304720887394,0.3397118120438211
202.85714285714286,0.4689097690644681,0.1852868132249657,0.07185115265203364,0.2739522650585326,0.3458034177105662
203.92857142857142,0.46038652989959483,0.1882984159795598,0.06918370859468446,0.28213134552616087,0.35131505412084535
205.0,0.453476622265416,0.1902417772592414,0.06689963738531383,0.2893819630900288,0.35628160047534263
205.0,0.453476622265416,0.1902417772592414,0.06689963738531383,0.2893819630900288,0.35628160047534263
206.25,0.5178614255014277,0.14591369124068218,0.10170915335263907,0.23451572990525113,0.3362248832578902
207.5,0.5811938208888102,0.10907094571404197,0.1281782474445759,0.18155698595257191,0.3097352333971478
208.75,0.6243816986895377,0.08321645322554254,0.15053049277368438,0.1418713553112355,0.29240184808491987
210.0,0.6514229497187177,0.0653561933349517,0.17005413663960375,0.1131667203067268,0.28322085694633053
210.0,0.6514229497187177,0.0653561933349517,0.17005413663960375,0.1131667203067268,0.28322085694633053
211.07142857142858,0.6588354376400892,0.07334353092727988,0.14623307527312235,0.12158795615950856,0.26782103143263086
212.14285714285714,0.6471736085859512,0.0848724856144606,0.13243808668345794,0.1355158191161302,0.26795390579958817
213.21428571428572,0.6280757991103789,0.09803139617935619,0.12221530403559563,0.1516775006746693,0.27389280471026495
214.28571428571428,0.6061249841771917,0.11173620904166978,0.11359466698192626,0.1685441397992122,0.28213880678113845
215.35714285714286,0.5835657428983955,0.12522992658879373,0.10594841940044192,0.18525591111236894,0.29120433051281086
216.42857142857142,0.5616590054973875,0.13795793433264414,0.0990865193560879,0.20129654081388046,0.30038306016996835
217.5,0.5411616539004457,0.1495287987127372,0.0929510392078024,0.2163585081790147,0.30930954738681704
218.57142857142858,0.5225193722572214,0.15969517480879644,0.08751131074190457,0.23027414219207765,0.31778545293398225
219.64285714285714,0.5059594359849394,0.1683353819566376,0.08273177023912558,0.24297341181929746,0.3257051820584231
220.71428571428572,0.4915490886884193,0.17543098649145322,0.07856591489735013,0.25445400992277734,0.33301992482012743
221.78571428571428,0.4792409218722091,0.18104170810821626,0.07495875154063131,0.2647586184789433,0.3397173700195746
222.85714285714286,0.4689105618184122,0.18528067375243185,0.07185113983005217,0.2739576245991039,0.34580876442915603
223.92857142857142,0.4603872320010988,0.18829260248917812,0.06918369561767336,0.2821364698920497,0.35132016550972306
225.0,0.4534772349754681,0.19023630353363286,0.06689962379595797,0.2893868376949411,0.3562864614908991
225.0,0.4534772349754681,0.19023630353363286,0.06689962379595797,0.2893868376949411,0.3562864614908991
226.25,0.5178618743861394,0.14590974193959275,0.10170915602354748,0.2345192276507203,0.3362283836742678
227.5,0.5811941516406405,0.1090681674463393,0.12817825314154152,0.18155942777147865,0.3097376809130201
228.75,0.6243819385031268,0.08321446224221851,0.1505305000839694,0.14187309917068516,0.2924035992546546
230.0,0.6514231240091097,0.06535472634967719,0.1700541459853411,0.11316800365587198,0.28322214964121306
230.0,0.6514231240091097,0.06535472634967719,0.1700541459853411,0.11316800365587198,0.28322214964121306
231.07142857142858,0.6588356470794314,0.07334198260980733,0.14623308081419512,0.12158928949656607,0.2678223703107612
232.14285714285714,0.6471738702279561,0.08487080299571996,0.13243808459621625,0.1355172421801076,0.2679553267763239
233.21428571428572,0.6280761097282037,0.0980295749305204,0.12221529675852599,0.15167901858274999,0.27389431534127595
234.28571428571428,0.6061253329322054,0.11173426768865549,0.11359465743800236,0.1685457419411368,0.28214039937913915
235.35714285714286,0.5835661161795366,0.1252278951330842,0.10594840970414103,0.1852575789832381,0.2912059886873791
236.42857142857142,0.5616593895782246,0.1379558474277128,0.09908651067510808,0.20129825231895454,0.30038476299406264
237.5,0.5411620364740733,0.14952669114649553,0.09295103197546728,0.2163602404039638,0.30931127237943107
238.57142857142858,0.5225197432135907,0.15969307856983056,0.08751130492846233,0.2302758732881164,0.3177871782165787
239.64285714285714,0.5059597876544858,0.16833332452920305,0.08273176557650327,0.24297512223980783,0.3257068878163111
240.71428571428572,0.491549415736288,0.1754289901013004,0.07856591103292246,0.25445568312948896,0.33302159416241145
241.78571428571428,0.47924122099771854,0.18103978965539338,0.07495874812801943,0.26476024121886865,0.33971898934688805
242.85714285714286,0.4689108313768718,0.18527884518946902,0.07185113657426427,0.2739591868593949,0.3458103234336592
243.92857142857142,0.4603874716245513,0.18829087144496154,0.06918369229122806,0.28213796463925905,0.3513216569304871
245.0,0.4534774452339276,0.19023467403523242,0.06689962023864895,0.28938826049219124,0.35628788073084017
245.0,0.4534774452339276,0.19023467403523242,0.06689962023864895,0.28938826049219124,0.35628788073084017
246.25,0.5178620320028448,0.14590856438533448,0.10170915810368578,0.23452024550813494,0.3362294036118207
247.5,0.5811942709648636,0.10906733745177473,0.12817825592418805,0.18156013565917364,0.3097383915833617
248.75,0.6243820275269781,0.08321386642857273,0.1505305029907435,0.1418736030537057,0.29240410604444916
250.0,0.6514231906116567,0.06535428670250613,0.1700541492056827,0.11316837348015443,0.28322252268583714
250.0,0.6514231906116567,0.06535428670250613,0.1700541492056827,0.11316837348015443,0.28322252268583714
251.07142857142858,0.6588357248859645,0.07334151836431597,0.14623308283828418,0.12158967391143526,0.26782275674971945
252.14285714285714,0.6471739641719582,0.08487029844122443,0.13243808453536948,0.1355176528514479,0.2679557373868174
253.21428571428572,0.6280762185446829,0.0980290289058626,0.1222152953801695,0.151679457169285,0.2738947525494545
254.28571428571428,0.606125453039187,0.11173368586763097,0.11359465557453588,0.1685462055186462,0.2821408610931821
255.35714285714286,0.5835662431874393,0.12522728660611235,0.10594840791867209,0.1852580622877763,0.2912064702064484
256.42857142857144,0.5616595191172159,0.13795522264902724,0.09908650924662026,0.2012987489871367,0.300385258233757
257.5,0.5411621646672572,0.14952606057687787,0.09295103097472836,0.21636074378113665,0.30931177475586497
258.57142857142856,0.5225198669112917,0.15969245179878908,0.08751130430319123,0.23027637698672793,0.31778768128991913
259.64285714285717,0.5059599045006761,0.16833270976911324,0.08273176521814411,0.24297562051206656,0.32570738573021063
260.7142857142857,0.4915495241257673,0.17542839396857418,0.07856591082018596,0.25445617108547264,0.33302208190565863
261.7857142857143,0.47924131997331715,0.18103921715798407,0.07495874795101921,0.26476071491767955,0.33971946286869875
262.85714285714283,0.4689109205039404,0.18527829984709898,0.07185113634517,0.27395964330379075,0.34581077964896073
263.92857142857144,0.46038755086690497,0.18829035548157672,0.06918369194672219,0.2821384017047961,0.3513220936515183
265.0,0.45347751484418836,0.19023418859921395,0.06689961973805081,0.2893886768185467,0.3562882965565975
265.0,0.45347751484418836,0.19023418859921395,0.06689961973805081,0.2893886768185467,0.3562882965565975
266.25,0.5178620845325121,0.14590821329602835,0.10170915945002681,0.23452054272143277,0.33622970217145964
267.5,0.5811943110092918,0.10906708973800587,0.12817825739965996,0.1815603418530425,0.3097385992527024
268.75,0.6243820576218201,0.08321368845809014,0.1505305043886311,0.1418737495314588,0.2924042539200899
270.0,0.6514232132841804,0.06535415529090832,0.17005415060122073,0.11316848082369053,0.2832226314249113
270.0,0.6514232132841804,0.06535415529090832,0.17005415060122073,0.11316848082369053,0.2832226314249113
271.07142857142856,0.6588357510233,0.07334137958579663,0.14623308383148068,0.12158978555942264,0.26782286939090333
272.14285714285717,0.6471739952357105,0.08487014763089892,0.13243808491048736,0.1355177722229031,0.26795585713339043
273.2142857142857,0.6280762540970417,0.09802886574631389,0.12221529537566322,0.1516795847809812,0.2738948801566444
274.2857142857143,0.6061254919375778,0.11173351208143913,0.11359465543259087,0.16854634054839207,0.28214099598098297
275.35714285714283,0.583566284052305,0.1252271049310969,0.10594840779584695,0.185258203220751,0.29120661101659795
276.42857142857144,0.5616595605872239,0.13795503622268432,0.0990865092147435,0.2012988939753484,0.3003854031900919
277.5,0.5411622055438285,0.14952587253013624,0.09295103104595086,0.21636089088008442,0.3093119219260353
278.57142857142856,0.5225199062287618,0.15969226499431605,0.08751130445608207,0.23027652432084003,0.31778782877692213
279.64285714285717,0.5059599415444294,0.16833252665166037,0.08273176541739968,0.24297576638651064,0.3257075318039103
280.7142857142857,0.4915495584167493,0.1754282165015149,0.07856591102903347,0.2544563140527023,0.3330222250817358
281.7857142857143,0.4792413512343388,0.18103904682153055,0.07495874813775116,0.26476085380637954,0.3397196019441307
282.85714285714283,0.46891094861939325,0.18527813767592038,0.07185113648572129,0.27395977721896514,0.34581091370468636
283.92857142857144,0.4603875758433653,0.1882902021236095,0.06918369202492788,0.2821385300080973,0.35132222203302516
285.0,0.4534775367758629,0.1902340443823506,0.06689961974473814,0.28938879909704834,0.35628841884178647
285.0,0.4534775367758629,0.1902340443823506,0.06689961974473814,0.28938879909704834,0.35628841884178647
286.25,0.5178621010847202,0.14590810896230438,0.10170916003144673,0.2345206299215288,0.33622978995297553
287.5,0.5811943236216466,0.10906701609879633,0.12817825800120894,0.1815604022783481,0.309738660279557
288.75,0.6243820670981933,0.08321363553845418,0.15053050494336606,0.1418737924199864,0.29240429736335244
290.0,0.6514232204205189,0.06535411620881808,0.17005415113522449,0.11316851223543853,0.28322266337066304
290.0,0.6514232204205189,0.06535411620881808,0.17005415113522449,0.11316851223543853,0.28322266337066304
291.07142857142856,0.6588357592044582,0.07334133831536434,0.14623308423392514,0.1215898182462523,0.2678229024801774
292.14285714285717,0.6471740048979753,0.08487010278912459,0.13243808512436545,0.13551780718853473,0.2679558923129002
293.2142857142857,0.6280762651013138,0.09802881724358281,0.12221529547351406,0.1516796221815894,0.27389491765510343
294.2857142857143,0.6061255039325608,0.11173346043437644,0.11359465548578865,0.16854638014727405,0.2821410356330627
295.35714285714283,0.5835662966168425,0.12522705095713865,0.10594840784957618,0.18525824457644283,0.29120665242601895
296.42857142857144,0.5616595733076355,0.1379549808566507,0.09908650928906151,0.20129893654665226,0.3003854458357138
297.5,0.5411622180574295,0.14952581670334836,0.09295103114357718,0.216360934095645,0.30931196523922216
298.57142857142856,0.5225199182447235,0.15969220955693558,0.08751130457023105,0.23027656762810988,0.3177878721983409
299.64285714285717,0.5059599528488551,0.16833247232849347,0.08273176553758514,0.24297580928506626,0.3257075748226514
300.7142857142857,0.49154956886759305,0.1754281638735092,0.07856591114464961,0.2544563561142481,0.3330222672588977
301.7857142857143,0.479241360750881,0.181038996325598,0.0749587482399045,0.2647608946836165,0.33971964292352097
302.85714285714283,0.4689109571697872,0.18527808961642578,0.07185113656790551,0.2739598166458816,0.3458109532137871
303.92857142857144,0.4603875834325514,0.1882901566900774,0.06918369208302581,0.28213856779434543,0.35132225987737126
305.0,0.4534775434350065,0.19023400166944104,0.0668996197767028,0.28938883511884955,0.3562884548955524
305.0,0.4534775434350065,0.19023400166944104,0.0668996197767028,0.28938883511884955,0.3562884548955524
306.25,0.5178621061012575,0.14590807806170586,0.10170916023633278,0.2345206556007039,0.3362298158370367
307.5,0.5811943274346271,0.109066994288985,0.12817825820900197,0.18156042006738599,0.30973867827638796
308.75,0.6243820699562945,0.08321361986575226,0.15053050513362304,0.14187380504433011,0.29240431017795315
310.0,0.65142322256763,0.06535410463494928,0.17005415131622234,0.11316852148119838,0.2832226727974207
310.0,0.65142322256763,0.06535410463494928,0.17005415131622234,0.11316852148119838,0.2832226727974207
311.07142857142856,0.6588357616617583,0.07334132609468234,0.14623308437371513,0.12158982786984432,0.2678229122435594
312.14285714285717,0.6471740077955466,0.08487008951242392,0.13243808520670158,0.13551781748532804,0.2679559026920296
313.2142857142857,0.6280762683971237,0.09802880288485731,0.12221529552008649,0.1516796331979325,0.273894928718019
314.2857142857143,0.6061255075213159,0.11173344514710808,0.11359465551774084,0.16854639181383524,0.2821410473315761
315.35714285714283,0.5835663003726074,0.1252270349837367,0.1059484078802382,0.18525825676341778,0.29120666464365597
316.42857142857144,0.5616595771069353,0.13795496447408293,0.09908650932433742,0.20129894909464444,0.30038545841898184
317.5,0.5411622217921993,0.14952580018734135,0.09295103118428051,0.21636094683617882,0.30931197802045934
318.57142857142856,0.5225199218284832,0.15969219315900485,0.08751130461440872,0.2302765803981033,0.317787885012512
319.64285714285717,0.505959956218165,0.16833245626290397,0.08273176558222464,0.24297582193670636,0.32570758751893103
320.7142857142857,0.4915495719804944,0.1754281483118447,0.07856591118672761,0.2544563685209332,0.3330222797076608
321.7857142857143,0.479241363583711,0.18103898139675892,0.07495874827691695,0.2647609067426131,0.33971965501953005
322.85714285714283,0.46891095971345,0.1852780754100652,0.0718511365980547,0.27395982827843,0.3458109648764847
323.92857142857144,0.46038758568888016,0.1882901432618768,0.06918369210521724,0.28213857894402583,0.3513222710492431
325.0,0.45347754541360064,0.1902339890470432,0.06689961979044613,0.2893888457489101,0.3562884655393562
325.0,0.45347754541360064,0.1902339890470432,0.06689961979044613,0.2893888457489101,0.3562884655393562
