Generation,xOC,xOB,xMMd,xMMr,total xMM
0.0,0.26666666666666666,0.4,0.26666666666666666,0.06666666666666667,0.3333333333333333
0.5042016806722689,0.3902180467817125,0.32851584638533604,0.2250020428540884,0.05626406397886307,0.28126610683295145
1.0084033613445378,0.44938037434788836,0.290408639540618,0.20866767057588223,0.05154331553561152,0.26021098611149374
1.5126050420168067,0.48234223636630735,0.2660380241672493,0.2025170769739326,0.049102662492510746,0.25161973946644334
2.0168067226890756,0.5027462517755973,0.2483808503997209,0.20115042715179213,0.04772247067288973,0.24887289782468186
2.5210084033613445,0.5165164165709173,0.23440741765358275,0.20220309261127117,0.04687307316422886,0.24907616577550004
3.0252100840336134,0.5265256503827394,0.2226607219265273,0.20451420282088362,0.0462994248698497,0.25081362769073334
3.5294117647058822,0.5342644045789198,0.21238813901182654,0.20747574035531327,0.045871716053940303,0.2533474564092536
4.033613445378151,0.5405420136807996,0.20317829429269726,0.21075762008522828,0.04552207194127492,0.2562796920265032
4.53781512605042,0.5458142993180419,0.19479363331399735,0.21417734677004036,0.04521472059792042,0.2593920673679608
5.042016806722689,0.5503473274636235,0.18708832432399014,0.2176333900273437,0.04493095818504258,0.2625643482123863
5.546218487394958,0.5543028639248537,0.1799664027718145,0.22106947740724167,0.04466125589609016,0.26573073330333186
6.050420168067227,0.5577842150430317,0.1733598771379338,0.22445489165564644,0.044401016163388055,0.2688559078190345
6.554621848739496,0.5608612655412976,0.16721706283493612,0.2277734090853248,0.04414826253844146,0.2719216716237663
7.0588235294117645,0.5635843386390111,0.16149626341156476,0.23101702203988558,0.04390237590953864,0.2749193979494242
7.563025210084033,0.565991953039748,0.1561622875440018,0.23418235493147468,0.04366340448477549,0.27784575941625017
8.067226890756302,0.5681152126629245,0.15118448510940372,0.23726861177524716,0.0434316904524245,0.28070030222767167
8.571428571428571,0.5699803232846989,0.14653560442802507,0.24027640041086962,0.04320767187640642,0.28348407228727607
9.07563025210084,0.5716100640983015,0.1421910965387516,0.24320705835795137,0.04299178100499559,0.28619883936294693
9.579831932773109,0.5730246626570283,0.1381286687393992,0.2460622723558055,0.04278439624776682,0.2888466686035723
10.084033613445378,0.5742423407671887,0.13432797551007464,0.24884386143866005,0.042585822284076674,0.2914296837227367
10.588235294117647,0.5752796632240144,0.1307703910732299,0.25155365988535183,0.0423962858174037,0.2939499457027555
11.092436974789916,0.5761517787859631,0.12743882953115257,0.2541934530081875,0.04221593867469684,0.2964093916828843
11.596638655462185,0.5768725925330179,0.12431759611722139,0.2567649467037654,0.042044864645995335,0.2988098113497607
12.100840336134453,0.5774548973818098,0.12139225957051837,0.2592697553123293,0.041883087735342335,0.30115284304767165
12.605042016806722,0.5779104820399074,0.11864953902979901,0.26170939860157333,0.04173058032872029,0.3034399789302936
13.109243697478991,0.5782502204197727,0.11607720344066802,0.2640853050132064,0.041587271126353055,0.30567257613955945
13.61344537815126,0.5784841499518092,0.11366398067556137,0.26639881702857193,0.04145305234405762,0.30785186937262954
14.117647058823529,0.5786215461952808,0.11139947087079838,0.2686511983736857,0.04132778456023508,0.30997898293392073
14.621848739495798,0.5786709677779789,0.10927408054505315,0.27084364607487166,0.04121130560209632,0.312054951676968
15.126050420168067,0.5786403241068829,0.1072789482694834,0.2729772944064612,0.04110343321717248,0.3140807276236337
15.630252100840336,0.5785369387269375,0.10540587760232474,0.2750532160803918,0.041003967590346066,0.3160571836707378
16.134453781512605,0.5783675809272792,0.10364728748457958,0.27707243433557555,0.04091269725256577,0.3179851315881413
16.63865546218487,0.578138497414501,0.10199616030576962,0.2790359398007647,0.040829402478964806,0.3198653422797295
17.142857142857142,0.577855472546183,0.10044599081043716,0.28094468055059685,0.04075385609278307,0.32169853664337994
17.647058823529413,0.5775238613411671,0.09899074362208393,0.28279956917404675,0.04068582586270222,0.323485395036749
18.15126050420168,0.5771486107681937,0.09762481621848193,0.2846014957265434,0.04062507728678108,0.32522657301332447
18.655462184873947,0.5767342906328731,0.09634300317391283,0.2863513310080797,0.040571375185134526,0.32692270619321423
19.159663865546218,0.576285135872751,0.09514046029882228,0.2880499203325929,0.04052448349583395,0.3285744038284269
19.66386554621849,0.5758050586131338,0.09401267777016581,0.28969809598968593,0.040484167627014594,0.3301822636167005
20.168067226890756,0.5752976760152025,0.09295545207016068,0.2912966769909516,0.040450194923685207,0.3317468719146368
20.672268907563023,0.5747663311077372,0.09196486124218235,0.29284647229083866,0.04042233535924179,0.3332688076500805
21.176470588235293,0.57421411305202,0.09103724235513662,0.29434828241898,0.04040036217386339,0.33474864459284337
21.680672268907564,0.5736438750959357,0.09016917087894752,0.2958029016937322,0.040384052331384576,0.3361869540251168
22.18487394957983,0.5730582517056726,0.08935744187939634,0.2972111194677254,0.040373186947205784,0.33758430641493115
22.6890756302521,0.5724596726648953,0.0885990527005975,0.29857372327847104,0.04036755135603624,0.3389412746345073
23.19327731092437,0.5718503804354962,0.08789118705459666,0.299891497100808,0.0403669354090992,0.34025843250990717
23.69747899159664,0.5712324437082544,0.08723120115503051,0.30116522108608085,0.040371134050634284,0.34153635513671515
24.201680672268907,0.5706077647623982,0.08661661008671391,0.30239567839694004,0.04037994675394791,0.342775625150888
24.705882352941174,0.5699780921468716,0.08604507644165436,0.3035836531776202,0.04039317823385385,0.34397683141147406
25.210084033613445,0.5693450327547395,0.08551439887098834,0.30472993017365063,0.04041063820062158,0.3451405683742722
25.714285714285715,0.5687100678055078,0.08502250086338306,0.30583529052452996,0.040432140806579184,0.3462674313311091
26.218487394957982,0.5680745544810859,0.08456742277690123,0.30690051752603115,0.04045750521598164,0.3473580227420128
26.72268907563025,0.5674397321646794,0.08414731387766955,0.3079263980070181,0.040486555950633024,0.34841295395765115
27.22689075630252,0.5668067338735563,0.08376042369846937,0.3089137201489552,0.04051912227901917,0.3494328424279744
27.73109243697479,0.5661765973658478,0.08340509446574412,0.3098632701915008,0.04055503797690733,0.3504183081684081
28.235294117647058,0.565550266136248,0.0830797554667635,0.3107758366721051,0.040594141724883286,0.3513699783969884
28.739495798319325,0.5649285986896713,0.0827829165554546,0.31165220799851445,0.04063627675635963,0.35228848475487406
29.243697478991596,0.5643123734845642,0.08251316279428221,0.3124931728537552,0.040681290867398336,0.3531744637211536
29.747899159663866,0.5637022948706425,0.08226914931783015,0.31329951953503793,0.04072903627648954,0.3540285558115275
30.252100840336134,0.5630989980535414,0.082049596703421,0.31407203569308056,0.04077936954995713,0.35485140524303765
30.7563025210084,0.5625030539937627,0.08185328667835187,0.3148115078371476,0.040832151490737705,0.3556436593278854
31.26050420168067,0.5619149739606555,0.08167905817158232,0.31551872082985905,0.040887247037903134,0.35640596786776213
31.764705882352942,0.5613352136221784,0.08152580371364011,0.3161944574901356,0.040944525174045975,0.35713898266418154
32.26890756302521,0.5607641770910121,0.08139246607743889,0.3168394980099362,0.041003858821612754,0.357843356831549
32.773109243697476,0.5602022204168418,0.08127803526505396,0.3174546195709893,0.041065124747115045,0.35851974431810435
33.27731092436974,0.5596496553531347,0.08118154560906948,0.3180405955877169,0.041128203450078844,0.35916879903779575
33.78151260504202,0.5591067523105938,0.08110207322861536,0.3185981953774855,0.04119297908330526,0.35979117446079073
34.285714285714285,0.55857374338613,0.08103873362907889,0.3191281836250192,0.041259339359771996,0.3603875229847912
34.78991596638655,0.5580508252657012,0.08099067947347047,0.31963131980455706,0.04132717545627132,0.3609584952608284
35.294117647058826,0.5575381616889975,0.08095709862320853,0.3201083577595075,0.04139638192828651,0.361504739687794
35.79831932773109,0.557035886287867,0.08093721214986743,0.3205600449560573,0.04146685660620816,0.3620269015622654
36.30252100840336,0.5565441045372194,0.08093027268942783,0.32098712223811854,0.041538500535234335,0.3625256227733528
36.80672268907563,0.5560628958763421,0.08093556285016285,0.3213903233749206,0.041611217898574526,0.3630015412734951
37.310924369747895,0.5555923160121313,0.08095239366233298,0.3217703744089937,0.04168491591654178,0.36345529032553553
37.81512605042017,0.555132398340902,0.0809801033970307,0.32212799345873033,0.04175950480333702,0.36388749826206734
38.319327731092436,0.5546831563616271,0.08101805607603696,0.3224638899150569,0.04183489764727889,0.3642987875623358
38.8235294117647,0.5542445849762901,0.08106564042502717,0.32277876423387275,0.04191101036480991,0.3646897745986827
39.32773109243698,0.5538166618364295,0.08112226882605927,0.3230733076879899,0.0419877616495213,0.3650610693375112
39.831932773109244,0.5533993487776985,0.08118737632978108,0.32334820198508013,0.04206507290744011,0.3654132748925203
40.33613445378151,0.552992593517504,0.0812604196124827,0.3236041187084028,0.042142868161610524,0.3657469868700133
40.84033613445378,0.5525963305435702,0.08134087625629507,0.32384171917664056,0.0422210740234941,0.36606279320013463
41.344537815126046,0.5522104825944099,0.0814282438320466,0.32406165397034287,0.04229961960320074,0.36636127357354364
41.84873949579832,0.5518349615371828,0.08152203930206608,0.3242645626816916,0.042378436479059436,0.36664299916075105
42.35294117647059,0.5514696695927862,0.08162179810445178,0.32445107368919013,0.04245745861357196,0.3669085323027621
42.857142857142854,0.5511144998322071,0.08172707364900107,0.32462180417888686,0.04253662233990502,0.3671584265187919
43.36134453781513,0.5507693371171429,0.0818374368049453,0.3247773597639315,0.042615866313980254,0.3673932260779118
43.865546218487395,0.5504340593043991,0.08195247513343244,0.32491833414040766,0.042695131421760825,0.36761346556216845
44.36974789915966,0.5501085379358553,0.08207179226724831,0.32504530907123474,0.04277436072566147,0.36781966979689623
44.87394957983193,0.5497926383000078,0.08219500807651073,0.32515885409770545,0.04285349952577611,0.36801235362348156
45.3781512605042,0.549486221288549,0.08232175715923697,0.3252595264166988,0.04293249513551528,0.36819202155221414
45.88235294117647,0.549189143141209,0.08245168901428722,0.3253478708930718,0.04301129695143206,0.3683591678445039
46.38655462184874,0.5489012559641848,0.0825844677538547,0.32542441984616494,0.04308985643579553,0.36851427628196043
46.890756302521005,0.5486224084410429,0.08271977104635286,0.32548969352678647,0.04316812698581774,0.36865782051260415
47.39495798319328,0.5483524458527144,0.08285729064942116,0.32554419946609325,0.04324606403177138,0.36879026349786465
47.89915966386555,0.5480912114824783,0.08299673103479006,0.32558843266929693,0.04332362481343449,0.3689120574827314
48.403361344537814,0.5478385465057374,0.08313780957641013,0.3256228754787783,0.04340076843907408,0.36902364391785236
48.90756302521008,0.5475942903874728,0.08328025640800256,0.3256479973285829,0.043477455875941554,0.3691254532045245
49.41176470588235,0.5473582813240572,0.08342381346241867,0.32566425538984384,0.04355364982368034,0.36921790521352416
49.91596638655462,0.5471303563565296,0.08356823478111636,0.325672094085012,0.04362931477734191,0.36930140886235396
50.42016806722689,0.5469103517930286,0.08371328552077073,0.3256719457983042,0.0437044168878965,0.3693763626862007
50.924369747899156,0.5466981032286163,0.08385874254299214,0.3256642301608073,0.043778924067584116,0.36944315422839147
51.42857142857143,0.5464934463189776,0.08400439301117929,0.32564935490413066,0.043852805765712384,0.36950216066984304
51.9327731092437,0.5462962166052042,0.08415003531499705,0.3256277149483005,0.043926033131498066,0.36955374807979857
52.436974789915965,0.5461062502142952,0.08429547737153334,0.3255996936673329,0.04399857874683864,0.36959827241417154
52.94117647058823,0.5459233835742459,0.08444053797160446,0.3255656615984457,0.04407041685570405,0.3696360784541497
53.4453781512605,0.5457474537054403,0.084585044986813,0.32552597820283685,0.04414152310490975,0.3696675013077466
53.94957983193277,0.5455782984125346,0.08472883606127711,0.32548099087760823,0.04421187464857995,0.3696928655261882
54.45378151260504,0.5454157562309213,0.08487175820461497,0.32543103545844465,0.04428145010601894,0.3697124855644636
54.95798319327731,0.5452596667918282,0.08501366691666727,0.3253764368649688,0.04435022942653572,0.3697266662915045
55.46218487394958,0.5451098710807162,0.08515442622673773,0.3253175088032831,0.044418193889263026,0.3697357026925461
55.96638655462185,0.5449662114806233,0.08529390929871276,0.3252545530243309,0.044485326196333184,0.3697398792206641
56.470588235294116,0.5448285321080654,0.08543199698031233,0.32518786065647404,0.04455161025514834,0.3697394709116224
56.97478991596638,0.5446966786340434,0.08556857815837417,0.3251177119543778,0.04461703125320483,0.36973474320758265
57.47899159663865,0.5445704986359918,0.08570354924360987,0.3250443765533368,0.04468157556706157,0.3697259521203983
57.983193277310924,0.544449840831765,0.0858368142009344,0.3249681141402813,0.04474523082701927,0.36971334496730063
58.48739495798319,0.544334555152491,0.08596828425214184,0.3248891747184628,0.04480798587690438,0.36969716059536717
58.99159663865546,0.5442244933050737,0.08609787751382357,0.32480779849069713,0.04486983069040561,0.36967762918110275
59.49579831932773,0.5441195091701725,0.0862255188959936,0.32472421559766906,0.044930756336164855,0.36965497193383395
60.0,0.5440194591111287,0.08635113948733816,0.3246386465299084,0.04499075487162471,0.36962940140153316
60.0,0.5440194591111287,0.08635113948733816,0.3246386465299084,0.04499075487162471,0.36962940140153316
61.333333333333336,0.5321417619223313,0.11184334538527184,0.3018899256453103,0.05412496704708662,0.3560148926923969
62.666666666666664,0.5184200256801895,0.14100471344096221,0.27661439718863695,0.06396086369021146,0.3405752608788484
64.0,0.5016529706146283,0.17322137292890177,0.2506715301735586,0.07445412628291126,0.32512565645646985
64.0,0.5016529706146283,0.17322137292890177,0.2506715301735586,0.07445412628291126,0.32512565645646985
65.33333333333333,0.5092106014536708,0.1634096272161478,0.25471544404661084,0.07266432728357039,0.32737977133018126
66.66666666666667,0.5162725070058437,0.15448192404439562,0.25841663896374195,0.07082892998601872,0.3292455689497607
68.0,0.5225016275055768,0.14647926309665948,0.26198392661530523,0.06903518278245843,0.3310191093977637
68.0,0.5225016275055768,0.14647926309665948,0.26198392661530523,0.06903518278245843,0.3310191093977637
69.33333333333333,0.5049243993516132,0.17813848256622536,0.23704419943064717,0.0798929186515143,0.31693711808216146
70.66666666666667,0.4844579468516908,0.21129589338681676,0.2129792455504684,0.09126691421102415,0.30424615976149255
72.0,0.46242023076644817,0.24428104018576954,0.19035679060976599,0.10294193843801633,0.2932987290477823
72.0,0.46242023076644817,0.24428104018576954,0.19035679060976599,0.10294193843801633,0.2932987290477823
73.33333333333333,0.47879610259745353,0.22093358421264,0.20158932242022146,0.09868099076968494,0.30027031318990643
74.66666666666667,0.49490797903697076,0.20020561427011904,0.21089305091595217,0.09399335577695803,0.3048864066929102
76.0,0.5087644268005018,0.18249985829050003,0.2192828920874926,0.0894528228215055,0.3087357149089981
76.0,0.5087644268005018,0.18249985829050003,0.2192828920874926,0.0894528228215055,0.3087357149089981
77.33333333333333,0.48996006604503006,0.21285619854742016,0.19626839686787803,0.10091533853967183,0.29718373540754983
78.66666666666667,0.467938736399526,0.2433438411900057,0.17576060378435468,0.11295681862611366,0.2887174224104683
80.0,0.4454855099761889,0.27200232867403223,0.15736097319365067,0.12515118815612822,0.2825121613497789
80.0,0.4454855099761889,0.27200232867403223,0.15736097319365067,0.12515118815612822,0.2825121613497789
81.33333333333333,0.46852424892469885,0.24015977492733376,0.1732442478052333,0.11807172834273416,0.29131597614796745
82.66666666666667,0.49100484516738613,0.21245829064152008,0.18620347795718295,0.11033338623391083,0.29653686419109376
84.0,0.5097499281025393,0.18951980687508235,0.19768197112141073,0.10304829390096769,0.30073026502237843
84.0,0.5097499281025393,0.18951980687508235,0.19768197112141073,0.10304829390096769,0.30073026502237843
85.33333333333333,0.4915927755867058,0.21704706296202791,0.1766359751911534,0.11472418626011298,0.29136016145126636
86.66666666666667,0.46949344621435424,0.24467746270842136,0.15865872466336772,0.12717036641385662,0.2858290910772243
88.0,0.44716035635338086,0.27030327616634364,0.14281805457239233,0.13971831290788328,0.2825363674802756
88.0,0.44716035635338086,0.27030327616634364,0.14281805457239233,0.13971831290788328,0.2825363674802756
89.33333333333333,0.47284446848306,0.23594374611364868,0.16111939970515124,0.13009238569814013,0.29121178540329135
90.66666666666667,0.4979572653637807,0.20633457621482132,0.17587368631797257,0.11983447210342549,0.295708158421398
92.0,0.5184544734949158,0.18225638184178997,0.18883260838065125,0.11045653628264299,0.2992891446632942
92.0,0.5184544734949158,0.18225638184178997,0.18883260838065125,0.11045653628264299,0.2992891446632942
93.33333333333333,0.5009822526546951,0.20784533461042398,0.16888122632737143,0.12229118640750955,0.291172412734881
94.66666666666667,0.47881989723003615,0.2339187410959579,0.1521913901250232,0.1350699715489829,0.28726136167400607
96.0,0.45623387175787417,0.2582822515629474,0.13755182734517754,0.1479320493340008,0.2854838766791784
96.0,0.45623387175787417,0.2582822515629474,0.13755182734517754,0.1479320493340008,0.2854838766791784
97.33333333333333,0.4820162705042441,0.22450432009948204,0.15699931895560512,0.1364800904406687,0.2934794093962738
98.66666666666667,0.5074578472536215,0.1954838839356566,0.17250323049647506,0.12455503831424687,0.29705826881072195
100.0,0.5279495544836338,0.1721108845677435,0.18605273135224648,0.11388682959637614,0.2999395609486226
100.0,0.5279495544836338,0.1721108845677435,0.18605273135224648,0.11388682959637614,0.2999395609486226
101.33333333333333,0.510904091955946,0.1966008222701243,0.16660727415546478,0.12588781161846488,0.29249508577392963
102.66666666666667,0.4886418320726723,0.22192922004967644,0.1504845067163928,0.13894444116125837,0.28942894787765117
104.0,0.4657017985698428,0.24588690960749443,0.1363325833550596,0.15207870846760327,0.28841129182266284
104.0,0.4657017985698428,0.24588690960749443,0.1363325833550596,0.15207870846760327,0.28841129182266284
105.33333333333333,0.49062170892315515,0.21359087356048895,0.1562747610031181,0.13951265651323785,0.29578741751635595
106.66666666666667,0.5154842888281463,0.18584154854376667,0.17203459159541531,0.1266395710326718,0.29867416262808705
108.0,0.535360562056972,0.16359300529105453,0.18576580371015855,0.11528062894181502,0.30104643265197356
108.0,0.535360562056972,0.16359300529105453,0.18576580371015855,0.11528062894181502,0.30104643265197356
109.33333333333333,0.5185577261172475,0.18747641335464224,0.16653245775947903,0.12743340276863116,0.2939658605281102
110.66666666666667,0.4962310137428602,0.21244157852588633,0.15062802404973594,0.14069938368151755,0.2913274077312535
112.0,0.4730175804562253,0.2363040200917484,0.13663718139574532,0.15404121805628102,0.29067839945202634
112.0,0.4730175804562253,0.2363040200917484,0.13663718139574532,0.15404121805628102,0.29067839945202634
113.33333333333333,0.49696905530229823,0.20541796710695265,0.15675831422489347,0.14085466336585564,0.2976129775907492
114.66666666666667,0.521095941201485,0.1788499238405302,0.17256530921782862,0.12748882574015627,0.30005413495798494
116.0,0.5403107212783129,0.15758588052698208,0.1863130567871864,0.11579034140751863,0.30210339819470505
116.0,0.5403107212783129,0.15758588052698208,0.1863130567871864,0.11579034140751863,0.30210339819470505
117.33333333333333,0.5236421553608167,0.18113959446592404,0.16715652856390273,0.12806172160935647,0.2952182501732592
118.66666666666667,0.5012906619105111,0.20592469261878968,0.15131439322842383,0.14147025224227538,0.29278464547069927
120.0,0.4779081315754344,0.22979077759452415,0.13734816281729137,0.1549529280127502,0.2923010908300416
120.0,0.4779081315754344,0.22979077759452415,0.13734816281729137,0.1549529280127502,0.2923010908300416
121.33333333333333,0.5010922067717848,0.19996496183262086,0.15750735023974338,0.14143548115585092,0.2989428313955943
122.66666666666667,0.5246104704873014,0.17427739324431876,0.17328643168191302,0.1278257045864667,0.30111213626837974
124.0,0.5433081417152817,0.15372725692277506,0.18699640209054033,0.11596819927140285,0.3029646013619432
124.0,0.5433081417152817,0.15372725692277506,0.18699640209054033,0.11596819927140285,0.3029646013619432
125.33333333333333,0.5267107756540559,0.17710888272808128,0.1678575878805127,0.12832275373734997,0.29618034161786266
126.66666666666667,0.5043562977385332,0.2018081196590937,0.15201457507332894,0.1418210075290441,0.2938355826023731
128.0,0.480880773527032,0.225703874814852,0.13802441558940537,0.15539093606871052,0.2934153516581159
128.0,0.480880773527032,0.225703874814852,0.13802441558940537,0.15539093606871052,0.2934153516581159
129.33333333333334,0.503543977300257,0.19658853172843496,0.1581678773659359,0.14169961360537223,0.2998674909713081
130.66666666666666,0.5266379659041124,0.17148846928484415,0.17390198389938416,0.12797158091165925,0.30187356481104344
132.0,0.5449862120678595,0.1514067611895733,0.187565955834097,0.11604107090847032,0.30360702674256734
132.0,0.5449862120678595,0.1514067611895733,0.187565955834097,0.11604107090847032,0.30360702674256734
133.33333333333334,0.5284239295905737,0.17470454636523353,0.16842185784687047,0.12844966619732234,0.2968715240441928
134.66666666666666,0.5060743850704216,0.1993668625250892,0.15255778757014993,0.14200096483433924,0.2945587524044892
136.0,0.48255190483990673,0.22329353717931252,0.13853350200721284,0.1556210559735679,0.2941545579807807
136.0,0.48255190483990673,0.22329353717931252,0.13853350200721284,0.1556210559735679,0.2941545579807807
137.33333333333334,0.5048949054841928,0.1946194054803252,0.15864761204343078,0.14183807699205125,0.30048568903548206
138.66666666666666,0.5277224375470575,0.16988328987064763,0.17434172594514552,0.12805254663714913,0.3023942725822947
140.0,0.5458559901301916,0.1500882082545468,0.18796771880297644,0.11608808281228518,0.3040558016152616
140.0,0.5458559901301916,0.1500882082545468,0.18796771880297644,0.11608808281228518,0.3040558016152616
141.33333333333334,0.5293091455879834,0.17334912620359413,0.1688119484659388,0.12852977974248353,0.2973417282084223
142.66666666666666,0.5069657361729568,0.1979984926964653,0.15292499712272586,0.142110774007852,0.2950357711305779
144.0,0.483421623932447,0.22194955307347516,0.13887103114693228,0.15575779184714553,0.29462882299407783
144.0,0.483421623932447,0.22194955307347516,0.13887103114693228,0.15575779184714553,0.29462882299407783
145.33333333333334,0.5055829554587512,0.1935331051923756,0.1589582324397387,0.14192570690913442,0.30088393934887314
146.66666666666666,0.5282562299739767,0.16900919113139912,0.17462321525710456,0.12811136363751965,0.3027345788946242
148.0,0.5462677753896272,0.14937949156831345,0.1882225821329379,0.11613015090912135,0.30435273304205923
148.0,0.5462677753896272,0.14937949156831345,0.1882225821329379,0.11613015090912135,0.30435273304205923
149.33333333333334,0.529726529240219,0.1726266757901548,0.16905565623506424,0.12859113873456204,0.29764679496962626
150.66666666666666,0.5073881390073699,0.19727350441239552,0.1531504372116728,0.1421879193685618,0.2953383565802346
152.0,0.4838353703912156,0.22124120018740892,0.1390750297103578,0.15584839971101777,0.29492342942137556
152.0,0.4838353703912156,0.22124120018740892,0.1390750297103578,0.15584839971101777,0.29492342942137556
153.33333333333334,0.5059013838885191,0.19296695206237888,0.1591423895070058,0.14198927454209626,0.301131664049102
154.66666666666666,0.5284919240874848,0.16855999178414025,0.17478849723763074,0.1281595868907442,0.30294808412837493
156.0,0.546439230398572,0.1490205389713522,0.1883710602081109,0.11616917042196495,0.30454023063007585
156.0,0.546439230398572,0.1490205389713522,0.1883710602081109,0.11616917042196495,0.30454023063007585
157.33333333333334,0.5298992068461224,0.17226419684277047,0.16919568866118082,0.12864090764992644,0.2978365963111072
158.66666666666666,0.507564336771946,0.19691211102027628,0.15327789801628974,0.14224565419148796,0.29552355220777765
160.0,0.4840090459579916,0.2208899598294624,0.13918866470011623,0.1559123295124297,0.29510099421254593
160.0,0.4840090459579916,0.2208899598294624,0.13918866470011623,0.1559123295124297,0.29510099421254593
161.33333333333334,0.5060293419225982,0.19268979667320052,0.1592430996486924,0.14203776175550897,0.3012808614042014
162.66666666666666,0.5285790793870787,0.1683437114824187,0.17487802354066592,0.12819918558983665,0.30307720913050257
164.0,0.5464953822097035,0.1488507455749789,0.1884508461375482,0.11620302607776946,0.30465387221531764
164.0,0.5464953822097035,0.1488507455749789,0.1884508461375482,0.11620302607776946,0.30465387221531764
165.33333333333334,0.5299549820209312,0.17209465247533606,0.16926985785859627,0.1286805076451365,0.2979503655037328
166.66666666666666,0.5076223876527797,0.19674430150762223,0.15334424993449167,0.14228906090510623,0.2956333108395979
168.0,0.48406713639836935,0.2207277178317077,0.13924685854232186,0.15595828722760102,0.29520514576992285
168.0,0.48406713639836935,0.2207277178317077,0.13924685854232186,0.15595828722760102,0.29520514576992285
169.33333333333334,0.5060680456618544,0.19256380177500823,0.15929362090983848,0.14207453165329895,0.3013681525631375
170.66666666666666,0.5285997272010169,0.16824748433724898,0.17492243876037172,0.12823034970136238,0.3031527884617341
172.0,0.5465027236722224,0.1487769822254007,0.1884900568392269,0.11623023726314996,0.30472029410237683
172.0,0.5465027236722224,0.1487769822254007,0.1884900568392269,0.11623023726314996,0.30472029410237683
173.33333333333334,0.529961595714806,0.17202206064733594,0.16930567351574463,0.12871067012211337,0.29801634363785795
174.66666666666666,0.5076304010831478,0.19667305814027497,0.1533756000302489,0.14232094074632828,0.2956965407765772
176.0,0.48407601359943386,0.2206591660451105,0.13927377601317956,0.15599104434227598,0.29526482035545554
176.0,0.48407601359943386,0.2206591660451105,0.13927377601317956,0.15599104434227598,0.29526482035545554
177.33333333333334,0.5060703182310419,0.19251172382040557,0.15931635157273702,0.14210160637581543,0.3014179579485524
178.66666666666666,0.5285952868285404,0.16820893696644126,0.17494211549313782,0.12825366071188055,0.30319577620501836
180.0,0.5464936133574547,0.14874849647382143,0.18850719453263332,0.11625069563609058,0.3047578901687239
180.0,0.5464936133574547,0.14874849647382143,0.18850719453263332,0.11625069563609058,0.3047578901687239
181.33333333333334,0.5299518680991719,0.17199461405012642,0.16932092603441187,0.12873259181628982,0.29805351785070167
182.66666666666666,0.5076215030586617,0.1966463957283052,0.15338850677341165,0.14234359443962152,0.2957321012130332
184.0,0.4840680508744834,0.22063357530471459,0.13928448025825427,0.15601389356254775,0.29529837382080204
184.0,0.4840680508744834,0.22063357530471459,0.13928448025825427,0.15601389356254775,0.29529837382080204
185.33333333333334,0.5060612503962092,0.1924929490891829,0.15932496807232407,0.1421208324422838,0.3014458005146079
186.66666666666666,0.5285845865790224,0.16819576918575171,0.17494936544462142,0.12827027879060446,0.30321964423522585
188.0,0.5464819961183797,0.14873941526075518,0.1885133473609227,0.11626524125994249,0.3047785886208652
188.0,0.5464819961183797,0.14873941526075518,0.1885133473609227,0.11626524125994249,0.3047785886208652
189.33333333333334,0.5299398484964596,0.17198618756427697,0.16932612081511467,0.12874784312414878,0.29807396393926344
190.66666666666666,0.5076099613753476,0.19663831022668674,0.1533925831491125,0.14235914524885313,0.29575172839796565
192.0,0.48405725308441366,0.22062575068503534,0.13928758155247595,0.15602941467807505,0.295316996230551
192.0,0.48405725308441366,0.22062575068503534,0.13928758155247595,0.15602941467807505,0.295316996230551
193.33333333333334,0.5060512652758957,0.19248759376205055,0.15932714197893866,0.14213399898311513,0.30146114096205373
194.66666666666666,0.5285748889394882,0.1681924560859708,0.17495102751317054,0.12828162746137023,0.30323265497454077
196.0,0.5464727221901571,0.14873754493941466,0.1885146248464837,0.11627510802394443,0.3047897328704281
196.0,0.5464727221901571,0.14873754493941466,0.1885146248464837,0.11627510802394443,0.3047897328704281
197.33333333333334,0.5299303574832345,0.17198463398545932,0.16932696211489673,0.12875804641640942,0.29808500853130615
198.66666666666666,0.5076007395668699,0.19663682764562138,0.1533929590811584,0.14236947370635034,0.29576243278750874
200.0,0.48404854155338717,0.22062418489253469,0.13928760040905472,0.15603967314502343,0.2953272735540782
200.0,0.48404854155338717,0.22062418489253469,0.13928760040905472,0.15603967314502343,0.2953272735540782
201.33333333333334,0.5060437184578473,0.1924867463011281,0.1593268199697997,0.1421427152712248,0.3014695352410245
202.66666666666666,0.5285681145485752,0.1681922139500178,0.1749505819870989,0.12828908951430804,0.30323967150140696
204.0,0.5464666490421342,0.1487377059781232,0.1885141076240797,0.11628153735566303,0.3047956449797427
204.0,0.5464666490421342,0.1487377059781232,0.1885141076240797,0.11628153735566303,0.3047956449797427
205.33333333333334,0.5299241910870427,0.17198489178933896,0.16932627762194793,0.1287646395016704,0.29809091712361835
206.66666666666666,0.5075947223037063,0.1966370244667193,0.1533921250134759,0.14237612821609846,0.29576825322957434
208.0,0.4840428409035352,0.22062419490099847,0.13928668739725253,0.15604627679821376,0.2953329641954663
208.0,0.4840428409035352,0.22062419490099847,0.13928668739725253,0.15604627679821376,0.2953329641954663
209.33333333333334,0.5060389738928391,0.19248688494254068,0.1593258311304149,0.14214831003420517,0.30147414116462007
210.66666666666666,0.5285640744757499,0.16819247204888263,0.17494961858307448,0.12829383489229287,0.30324345347536735
212.0,0.5464631995962413,0.148738031702635,0.18851318525540794,0.11628558344571578,0.3047987687011237
212.0,0.5464631995962413,0.148738031702635,0.18851318525540794,0.11628558344571578,0.3047987687011237
213.33333333333334,0.5299207181089298,0.17198519860503916,0.16932531252297547,0.12876877076305565,0.29809408328603115
214.66666666666666,0.5075913311449644,0.1966372252056268,0.15339114432045337,0.1423802993289556,0.295771443649409
216.0,0.48403963042094983,0.22062421237624916,0.13928573241736597,0.15605042478543504,0.29533615720280104
216.0,0.48403963042094983,0.22062421237624916,0.13928573241736597,0.15605042478543504,0.29533615720280104
217.33333333333334,0.5060363970084308,0.1924868995170808,0.15932490058394003,0.14215180289054835,0.30147670347448835
218.66666666666666,0.5285619876071362,0.16819249531782138,0.17494875193399714,0.12829676514104524,0.3032455170750424
220.0,0.546461506692925,0.14873805679094,0.18851238298561213,0.1162880535305228,0.3048004365161349
220.0,0.546461506692925,0.14873805679094,0.18851238298561213,0.1162880535305228,0.3048004365161349
221.33333333333334,0.5299190343777518,0.17198515876871756,0.16932451661199752,0.12877129024153308,0.2980958068535306
222.66666666666666,0.5075896922618652,0.196637079634861,0.153390377586469,0.1423828505168048,0.2957732281032738
224.0,0.4840380865027488,0.22062392377787857,0.13928501665298995,0.15605297306638263,0.29533798971937264
224.0,0.4840380865027488,0.22062392377787857,0.13928501665298995,0.15605297306638263,0.29533798971937264
225.33333333333334,0.5060352149153939,0.1924866208327025,0.15932423374625465,0.1421539305056489,0.30147816425190355
226.66666666666666,0.5285610944573902,0.16819223297324,0.17494814401114367,0.12829852855822618,0.3032466725693699
228.0,0.5464608377979117,0.14873781035238315,0.18851182964181318,0.11628952220789218,0.3048013518497053
228.0,0.5464608377979117,0.14873781035238315,0.18851182964181318,0.11628952220789218,0.3048013518497053
229.33333333333334,0.5299183858293544,0.17198483998129216,0.1693239831693855,0.12877279101996802,0.2980967741893535
230.66666666666666,0.5075890685329043,0.19663667409128122,0.15338987948324753,0.14238437789256678,0.2957742573758143
232.0,0.4840375081813084,0.22062341948949918,0.13928456406286904,0.15605450826632342,0.29533907232919243
232.0,0.4840375081813084,0.22062341948949918,0.13928456406286904,0.15605450826632342,0.29533907232919243
233.33333333333334,0.5060348142659183,0.19248616153153408,0.1593238250811365,0.14215519912141097,0.30147902420254746
234.66666666666666,0.5285608397810136,0.16819181632615643,0.17494777728732913,0.12829956660550082,0.3032473438928299
236.0,0.5464606916087287,0.14873743218539967,0.1885115001095811,0.11629037609629064,0.30480187620587174
236.0,0.5464606916087287,0.14873743218539967,0.1885115001095811,0.11629037609629064,0.30480187620587174
237.33333333333334,0.5299182604560042,0.17198439940439322,0.16932367268720214,0.1287736674524005,0.2980973401396026
238.66666666666666,0.5075889571797596,0.19663616969998668,0.15338959709300032,0.14238527602725345,0.29577487312025375
240.0,0.4840374158661214,0.22062285248146815,0.1392843136853855,0.1560554179670249,0.2953397316524104
240.0,0.4840374158661214,0.22062285248146815,0.1392843136853855,0.1560554179670249,0.2953397316524104
241.33333333333334,0.5060347916014973,0.19248566042697107,0.1593236057843172,0.14215594218721436,0.30147954797153154
242.66666666666666,0.5285608765250963,0.16819137312876348,0.17494758364799115,0.12830016669814895,0.3032477503461401
244.0,0.5464607690064255,0.1487370388952236,0.18851132844213012,0.11629086365622084,0.30480219209835097
244.0,0.5464607690064255,0.1487370388952236,0.18851132844213012,0.11629086365622084,0.30480219209835097
245.33333333333334,0.5299183549041313,0.17198395879372036,0.16932351496247355,0.12877417133967486,0.29809768630214845
246.66666666666666,0.5075890597845221,0.1966356855357739,0.1533894579285332,0.14238579675117075,0.29577525467970395
248.0,0.48403752473159056,0.22062233125170744,0.13928419400125985,0.15605595001544217,0.29534014401670206
248.0,0.48403752473159056,0.22062233125170744,0.13928419400125985,0.15605595001544217,0.29534014401670206
249.33333333333334,0.5060349148378759,0.19248520854092377,0.15932350516203753,0.14215637145916277,0.3014798766212003
250.66666666666666,0.5285610136300528,0.1681909805982174,0.17494749681714586,0.128300508954584,0.30324800577172983
252.0,0.5464609123626119,0.14873669618725957,0.18851125297918755,0.11629113847094104,0.3048023914501286
252.0,0.5464609123626119,0.14873669618725957,0.18851125297918755,0.11629113847094104,0.3048023914501286
253.33333333333334,0.5299185106684432,0.1719835830892657,0.1693234482920001,0.12877445795029088,0.298097906242291
254.66666666666666,0.5075892204562774,0.19663528176389145,0.15338940201416526,0.14238609576566585,0.2957754977798311
256.0,0.48403768621239174,0.2206219068670917,0.1392841485456768,0.1560562583748398,0.2953404069205166
256.0,0.48403768621239174,0.2206219068670917,0.1392841485456768,0.1560562583748398,0.2953404069205166
257.3333333333333,0.5060350670907572,0.19248484564565518,0.15932347006090872,0.14215661720267894,0.30148008726358766
258.6666666666667,0.5285611596446846,0.16819066967888646,0.17494746808746509,0.12830070258896387,0.30324817067642895
260.0,0.5464610503122376,0.14873642814311683,0.1885112292070139,0.11629129233763165,0.30480252154464554
