Generation,xOC,xOB,xMMd,xMMr,total xMM
0.0,0.26666666666666666,0.4,0.26666666666666666,0.06666666666666667,0.3333333333333333
1.0169491525423728,0.45010051052451966,0.28991042961909963,0.20850103216261964,0.05148802769376111,0.25998905985638077
2.0338983050847457,0.5032997441943569,0.24785800455007018,0.20115531038825035,0.047686940867322475,0.24884225125557283
3.0508474576271185,0.5269650413949807,0.22210731119114352,0.20465273160031433,0.04627491581356136,0.2509276474138757
4.067796610169491,0.5409274540591676,0.20258578055496085,0.21098658745853827,0.04550017792733329,0.25648676538587156
5.084745762711864,0.5507031882401603,0.18646324533238365,0.21792592046078424,0.044907645966671815,0.26283356642745603
6.101694915254237,0.5581146359226362,0.1727147673517035,0.22479560806851065,0.044374988657149575,0.26917059672566024
7.11864406779661,0.5638858192065644,0.16084382781428522,0.23139669615427488,0.043873656824875436,0.27527035297915037
8.135593220338983,0.568382701574062,0.15053542249325863,0.23768102180567233,0.043400854127007095,0.2810818759326794
9.152542372881356,0.5718392829587529,0.14155369775082072,0.24364743151324558,0.042959587777180716,0.2866070192904263
10.169491525423728,0.5744304196338657,0.1337083718287073,0.24930815223525157,0.042553056302175485,0.29186120853742703
11.1864406779661,0.5762972444415906,0.12684140263448795,0.2546780141656281,0.04218333875829339,0.29686135292392146
12.203389830508474,0.577557458230471,0.12082003634276493,0.25977118534998184,0.04185132007678212,0.301622505426764
13.220338983050848,0.5783105171263819,0.11553218582655092,0.26460037594562064,0.04155692110144649,0.3061572970470671
14.23728813559322,0.5786409291362148,0.11088289399638573,0.2691768202384033,0.0412993566289961,0.31047617686739937
15.254237288135592,0.578620658073089,0.10679148304251694,0.2735105023046907,0.04107735657970325,0.31458785888439394
16.271186440677965,0.5783111087085466,0.10318918572682331,0.2776103755068314,0.04088933005779881,0.3184997055646302
17.28813559322034,0.5777646809225272,0.10001720195855919,0.28148462347548314,0.04073349364343066,0.3222181171189138
18.305084745762713,0.5770261476207543,0.09722506839060836,0.2851408264380338,0.04060795755060366,0.32574878398863744
19.322033898305083,0.5761337305710758,0.09476932310968171,0.28858615250448805,0.040510793814754434,0.32909694631924247
20.338983050847457,0.5751200842030513,0.09261238135231378,0.29182745692225864,0.040440077522376335,0.33226753444463497
21.35593220338983,0.5740130714760573,0.09072161283419684,0.29487139643200544,0.040393919257740475,0.33526531568974594
22.3728813559322,0.5728364437252625,0.08906857077089761,0.297724500076775,0.04037048542706483,0.3380949855038398
23.389830508474574,0.5716104096352808,0.0876283503528294,0.30039322927010437,0.04036801074178558,0.3407612400118899
24.406779661016948,0.5703521353412102,0.08637905421983698,0.3028840036617128,0.04038480677724004,0.34326881043895285
25.423728813559322,0.569076131015883,0.08530134898271664,0.3052032535073527,0.040419266494047756,0.3456225200014004
26.440677966101696,0.5677946481545477,0.0843780861812192,0.30735740255400623,0.04046986311022695,0.34782726566423317
27.457627118644066,0.5665179522786243,0.08359399526540032,0.30935290001289434,0.04053515244308091,0.34988805245597526
28.47457627118644,0.5652546065533569,0.08293541786862028,0.31119620606525683,0.04061376951276598,0.3518099755780228
29.491525423728813,0.5640116952046911,0.08239008832743396,0.31289378981920374,0.040704426648671285,0.35359821646787504
30.508474576271183,0.5627950233590094,0.08194694780703315,0.3144521184211576,0.04080591041279981,0.3552580288339574
31.525423728813557,0.5616092900619782,0.08159598782739577,0.3158776437509002,0.04091707835972589,0.35679472211062613
32.54237288135593,0.5604582393095039,0.08132811814331999,0.3171767868377146,0.04103685570946152,0.35821364254717614
33.559322033898304,0.5593447912687439,0.08113505527323644,0.3183559214254166,0.04116423203260313,0.3595201534580197
34.57627118644068,0.5582711575647122,0.08100922804575054,0.3194213563879474,0.041298258001589844,0.36071961438953726
35.59322033898305,0.5572389409610082,0.08094369784471034,0.32037931885640364,0.04143804233787787,0.3618173611942815
36.610169491525426,0.5562492241448173,0.08093209069787713,0.32123593637962444,0.04158274877768117,0.3628186851573056
37.62711864406779,0.5553026451432745,0.08096853987696377,0.3219972215667153,0.041731593413046345,0.3637288149797616
38.644067796610166,0.5543994646610191,0.08104763699883225,0.3226690562929272,0.04188384204722152,0.3645528983401487
39.66101694915254,0.5535396250455946,0.0811643901752256,0.32325717704531004,0.04203880773386974,0.3652959847791798
40.67796610169491,0.5527227998364974,0.08131418825027747,0.32376716328015087,0.042195848633074344,0.3659630119132252
41.69491525423729,0.5519484382291824,0.08149277056121841,0.32420442530897925,0.04235436590061999,0.3665587912095993
42.71186440677966,0.5512158054059474,0.08169619964418369,0.3245741933893035,0.04251380156056556,0.36708799494986905
43.728813559322035,0.5505240124361538,0.08192083917175949,0.32488151139499993,0.04267363699708683,0.36755514839208675
44.7457627118644,0.5498720471951347,0.08216333288669987,0.3251312288977598,0.042833391020405634,0.3679646199181654
45.762711864406775,0.5492587989553265,0.08242058783264779,0.32532799484112546,0.04299261837090037,0.3683206132120258
46.77966101694915,0.5486830807821238,0.08268975751654355,0.3254762536491637,0.04315090805216885,0.36862716170133253
47.79661016949152,0.5481436445342417,0.08296822850858679,0.32558024473583824,0.04330788222133336,0.3688881269571716
48.813559322033896,0.5476391993725793,0.08325360668505995,0.32564399940270483,0.04346319453965587,0.3691071939423607
49.83050847457627,0.5471684257581081,0.08354370595403209,0.3256713393771545,0.043616528910705284,0.3692878682878598
50.847457627118644,0.5467299853572639,0.08383653649485352,0.3256658798968368,0.04376759825104575,0.3694334781478825
51.86440677966102,0.5463225303347015,0.08413029480590123,0.3256310314985119,0.04391614336088544,0.36954717485939736
52.88135593220339,0.5459447137567504,0.08442335305199301,0.3255700016992725,0.044061931491984035,0.36963193319125653
53.89830508474576,0.5455951958649612,0.08471425040122249,0.3254857983817859,0.04420475535203041,0.3696905537338163
54.91525423728813,0.5452726484572405,0.08500168344747866,0.325381236085227,0.04434443201005371,0.3697256680952807
55.932203389830505,0.5449757604534279,0.08528449558908667,0.32525894248219145,0.04448080147529409,0.3697397439574856
56.94915254237288,0.5447032447961965,0.08556167135573922,0.32512135803821646,0.044613725809847724,0.3697350838480642
57.96610169491525,0.5444538419743867,0.08583232566440437,0.32497074464801323,0.044743087713195615,0.36971383236120886
58.983050847457626,0.5442263162214571,0.08609569702188093,0.3248091966697665,0.044868790086895545,0.369677986756662
60.0,0.544019459223612,0.08635113946485279,0.3246386464511583,0.04499075486037693,0.36962940131153527
60.0,0.544019459223612,0.08635113946485279,0.3246386464511583,0.04499075486037693,0.36962940131153527
61.00502512562814,0.5513888413008661,0.11070223952507732,0.28034456546261577,0.05756435371144074,0.3379089191740565
62.01005025125628,0.544223646258573,0.13858711384827085,0.24459634178654976,0.07259289810660625,0.317189239893156
63.015075376884425,0.528375851869391,0.16810049709592867,0.21406348317109217,0.08946016786358808,0.3035236510346802
64.02010050251256,0.5076865884131878,0.19718750458756673,0.1876780867410732,0.10744782025817234,0.29512590699924557
65.0251256281407,0.4850467659991001,0.22401014223253954,0.16510377785391211,0.1258393139144482,0.2909430917683603
66.03015075376885,0.46263709535152914,0.24722316004664585,0.14612717017524893,0.14401257442657603,0.29013974460182496
67.03517587939699,0.4419712544027311,0.2660763604294155,0.13046336928411992,0.1614890158837335,0.2919523851678534
68.04020100502512,0.4239567535279133,0.2803630779295531,0.11774087047175948,0.17793929807077433,0.2956801685425338
69.04522613065326,0.40900850528866356,0.2902840210768178,0.1075450116193586,0.19316246201516007,0.30070747363451866
70.0502512562814,0.3971861228284797,0.29629342762267663,0.0994644178344363,0.20705603171440737,0.30652044954884367
71.05527638190955,0.38832177830803344,0.29896804816764094,0.09312202345031327,0.21958815007401247,0.31271017352432573
72.06030150753769,0.3821210132829282,0.2989133056565175,0.08818972147823585,0.23077595958231845,0.3189656810605543
73.06532663316582,0.3782334450416617,0.29670490756221424,0.08439143835305807,0.240670209043066,0.3250616473961241
74.07035175879398,0.3762979868028091,0.2928577834358016,0.08149973440755795,0.2493444953538314,0.3308442297613894
75.07537688442211,0.3759693980085471,0.2878135115372633,0.07932960531942,0.25688748513476967,0.3362170904541896
76.08040201005025,0.3769323433216636,0.2819390507704159,0.07773164969434208,0.26339695621357834,0.34112860590792043
77.08542713567839,0.378907596194457,0.2755317059518179,0.07658567903298015,0.26897501882074487,0.345560697853725
78.09045226130652,0.3816535333968252,0.26882704816946007,0.07579518873117116,0.27372422970254356,0.3495194184337147
79.09547738693468,0.38496492166937096,0.26200781274107454,0.07528277037542311,0.2777444952141314,0.3530272655895545
80.10050251256281,0.38867026175201347,0.2552126509930343,0.07498637729506363,0.2811307099598886,0.3561170872549522
81.10552763819095,0.39262840371370333,0.24854417049143882,0.07485632725505265,0.2839710985398052,0.3588274257948578
82.1105527638191,0.3967249273554683,0.24207600048087716,0.07485289749281446,0.2863461746708401,0.36119907216365454
83.11557788944724,0.40086855909918456,0.23585882020457755,0.0749443947427714,0.2883282259534666,0.36327262069623795
84.12060301507537,0.40498776807785497,0.22992539682113167,0.07510560642102163,0.28998122867999176,0.36508683510101336
85.12562814070351,0.4090276439387445,0.22429472144347687,0.07531655184355127,0.29136108277422734,0.36667763461777864
86.13065326633165,0.4129471006999839,0.21897535393234974,0.07556147452199699,0.2925160708456693,0.3680775453676663
87.1356783919598,0.41671642914108015,0.2139680932599292,0.07582802303089511,0.29348745456809544,0.3693154775989906
88.14070351758794,0.4203151534406805,0.2092680954568726,0.07610659161006787,0.29431015949237893,0.3704167511024468
89.14572864321607,0.42373022648872377,0.20486652006657294,0.07638978032758038,0.29501347311712295,0.3714032534447034
90.15075376884423,0.42695449135471447,0.20075180731796005,0.07667196035458179,0.2956217409727436,0.3722937013273254
91.15577889447236,0.42998540915486844,0.19691065471098496,0.07694891541165894,0.2961550207224877,0.37310393613414666
92.1608040201005,0.4328239732736976,0.1933287581293346,0.07721756343583705,0.2966297051611307,0.3738472685969677
93.16582914572864,0.4354738953368347,0.18999134769086487,0.07747570980947623,0.2970590471628242,0.37453475697230043
94.17085427135677,0.4379408362883654,0.18688360848706584,0.07772187340766572,0.29745368181690296,0.3751755552245687
95.17587939698493,0.44023189056243844,0.18399095423606074,0.07795512290099058,0.29782203230051024,0.3757771552015008
96.18090452261306,0.44235510204879563,0.18129923921220428,0.07817495895676663,0.2981706997822334,0.376345658739
97.1859296482412,0.44431911772863,0.17879488884441322,0.07838121395417998,0.2985047794727767,0.37688599342695667
98.19095477386935,0.4461329068838183,0.1764649836530238,0.07857397429413915,0.2988281351690188,0.37740210946315794
99.19597989949749,0.447805541008507,0.17429731094534487,0.07875351357480131,0.29914363447134684,0.3778971480461481
100.20100502512562,0.4493460289078465,0.17228038274770557,0.07892024458079629,0.2994533437636517,0.37837358834444795
101.20603015075376,0.4507631910232734,0.17040343836617194,0.07907467741541106,0.2997586931951436,0.3788333706105546
102.2110552763819,0.4520655864715817,0.1686564241407984,0.07921738584361064,0.3000606035440094,0.37927798938762003
103.21608040201005,0.4532614085165748,0.16702998157468668,0.0793489906470952,0.30035961926164345,0.37970860990873867
104.22110552763819,0.454358498744564,0.16551540274920412,0.07947012665417023,0.3006559718520616,0.3801260985062318
105.22613065326632,0.4553642698360062,0.16410460931364532,0.07958144031579385,0.3009496805345546,0.38053112085034846
106.23115577889448,0.4562857201175768,0.1627901094109395,0.07968357091302461,0.3012405995584591,0.38092417047148375
107.23618090452261,0.4571294213680868,0.16156496320810027,0.07977714475445594,0.3015284706693569,0.38130561542381286
108.24120603015075,0.45790152312968124,0.16042274634956297,0.0798627682844163,0.30181296223633947,0.38167573052075576
109.24623115577889,0.45860776690002053,0.15935751280102933,0.07994102317326678,0.3020936971256833,0.3820347202989501
110.25125628140702,0.45925349059374215,0.15836376355076076,0.08001246460823508,0.30237028124726195,0.38238274585549703
111.25628140703517,0.4598436433675034,0.15743641356196264,0.08007762001520112,0.3026423230553328,0.3827199430705339
112.26130653266331,0.46038282554703863,0.15657075593364533,0.08013698308555695,0.30290943543375914,0.3830464185193161
113.26633165829145,0.46087528070418765,0.1557624398685204,0.08019101950397937,0.30317125992331256,0.3833622794272919
114.2713567839196,0.4613249291075653,0.15500743923625465,0.0802401647483128,0.3034274669078672,0.38366763165618
115.27638190954774,0.4617353855816071,0.15430202862914566,0.08028482469324373,0.3036777610960036,0.3839625857892473
116.28140703517587,0.46210998206276505,0.15364275807121183,0.08032537661726655,0.3039218832487565,0.38424725986602304
117.28643216080401,0.4624517778044456,0.15302643708074212,0.08036217026134362,0.3041596148534686,0.3845217851148122
118.29145728643215,0.46276358467814216,0.15245011022122132,0.08039552927465696,0.3043907758259795,0.38478630510063644
119.2964824120603,0.4630479864192656,0.1519110377523222,0.08042575263876466,0.3046152231896475,0.3850409758284122
120.30150753768844,0.4633073528255942,0.15140668084031275,0.08045311577014277,0.3048328505639504,0.3852859663340931
121.30653266331657,0.463543856695085,0.15093468519987768,0.08047787209294001,0.30504358601209725,0.38552145810503724
122.31155778894473,0.4637594865120583,0.15049286799683673,0.08050025443673535,0.3052473910543697,0.3857476454911051
123.31658291457286,0.4639560625196175,0.15007920292517923,0.08052047707927831,0.305444257475925,0.3859647345552033
124.321608040201,0.46413524767661807,0.14969180945986127,0.08053873695793984,0.3056342059055809,0.3861729428635207
125.32663316582914,0.4642985684301594,0.14932893977191675,0.08055521297260378,0.30581727882532,0.38637249179792377
126.33165829145727,0.46444742362300806,0.14898896891768956,0.08057006790583915,0.3059935395534632,0.38656360745930235
127.33668341708542,0.4645830830691676,0.1486703883811369,0.08058345246992557,0.30616307607976995,0.3867465285496955
128.34170854271355,0.4647067087596065,0.14837179469682538,0.0805955037967989,0.3063259927467692,0.3869214965435681
129.3467336683417,0.4648193622369711,0.1480918820097918,0.08060634683511599,0.3064824089181211,0.38708875575323715
130.35175879396985,0.46492201313652626,0.14782943465388515,0.08061609536413046,0.30663245684545826,0.3872485522095887
131.356783919598,0.46501554626820824,0.1475833206315555,0.0806248530589532,0.3067762800412831,0.3874011331002363
132.36180904522612,0.46510076876152073,0.14735248564951353,0.08063271426111368,0.30691403132785205,0.3875467455889658
133.36683417085425,0.46517841789820513,0.1471359462183437,0.08063976490051993,0.30704587098293123,0.3876856358834512
134.3718592964824,0.46524916352738366,0.14693278753828795,0.08064608292644096,0.30717196600788743,0.38781804893432836
135.37688442211055,0.4653136180498261,0.14674215506937394,0.08065173935687621,0.30729248752392363,0.3879442268807998
136.3819095477387,0.46537234062423266,0.14656325150147181,0.08065679841088243,0.3074076094634131,0.3880644078742955
137.38693467336682,0.46542584139801246,0.1463953327213313,0.08066131820834743,0.30751750767230884,0.3881788258806563
138.39195979899498,0.46547458402987996,0.14623770434867153,0.08066535178958975,0.3076223598318588,0.3882877116214486
139.3969849246231,0.46551898883850196,0.1460897184205076,0.08066894779629401,0.3077223449446964,0.38839129274099043
140.40201005025125,0.46555943935608324,0.14595076948843536,0.0806721501841728,0.30781764097130865,0.38848979115548143
141.4070351758794,0.4655962907511278,0.14582029043443756,0.08067499739809175,0.30790842141634284,0.3885834188144346
142.41206030150752,0.46562986798638784,0.14569775088373357,0.08067752389198254,0.30799485723789616,0.38867238112987873
143.41708542713567,0.4656604553777081,0.14558265762507125,0.08067976371122011,0.30807712328600056,0.38875688699722066
144.4221105527638,0.4656883193543815,0.1454745476234295,0.08068174586554393,0.3081553871566451,0.388837133022189
145.42713567839195,0.4657137025677173,0.14537298773293467,0.08068349658619467,0.30822981311315334,0.388913309699348
146.4321608040201,0.4657368257558829,0.14527757265026214,0.08068503967200712,0.30830056192184774,0.38898560159385487
147.43718592964825,0.4657578899092959,0.14518792296400965,0.08068639666421298,0.3083677904624816,0.3890541871266946
148.44221105527637,0.4657770783493873,0.14510368338221827,0.0806875869858496,0.3084316512825447,0.3891192382683943
149.4472361809045,0.46579455813622644,0.14502452100360674,0.08068862815000787,0.30849229271015877,0.38918092086016665
150.45226130653265,0.4658104806042219,0.14495012484049213,0.0806895359701148,0.30854985858517114,0.38923939455528594
151.4572864321608,0.46582498327120553,0.14488020361794968,0.08069032479709896,0.30860448831374593,0.3892948131108449
152.46231155778895,0.4658381917149054,0.14481448368936564,0.08069100771595228,0.3086563168797767,0.38934732459572896
153.46733668341707,0.46585022076682997,0.14475270865034223,0.08069159635204234,0.3087054742307854,0.3893970705828278
154.47236180904522,0.46586118042727037,0.14469463714596853,0.08069209975431513,0.3087520826724459,0.389444182426761
155.47738693467335,0.4658711607847983,0.14464004498778785,0.08069252860943038,0.3087962656179835,0.38948879422741395
156.4824120603015,0.4658802501017196,0.14458871900172246,0.080692891231347,0.3088381396652108,0.3895310308965578
157.48743718592965,0.4658885260861545,0.14454046619506167,0.08069319482944037,0.3088778128893435,0.3895710077187839
158.49246231155777,0.465896062250643,0.1444950964822959,0.080693446403188,0.3089153948638732,0.3896088412670612
159.49748743718592,0.4659029240676387,0.1444524364847094,0.08069365200243563,0.3089509874452161,0.38964463944765176
160.50251256281405,0.4659091721175489,0.14441232122203335,0.08069381710329375,0.308984689557124,0.3896785066604177
161.5075376884422,0.4659148603989622,0.14437459828814203,0.08069394656746062,0.30901659474543525,0.38971054131289584
162.51256281407035,0.46592003857721026,0.14433912317789527,0.08069404486819491,0.3090467933766996,0.3897408382448945
163.5175879396985,0.4659247518828366,0.1443057603517626,0.08069411601231143,0.3090753717530893,0.3897694877654007
164.52261306532662,0.46592904098123694,0.1442743834498179,0.08069416353028368,0.3091024120386615,0.3897965755689452
165.52763819095475,0.46593294336173474,0.14424487296028146,0.08069419063997132,0.30912799303801247,0.38982218367798377
166.5326633165829,0.4659364943819747,0.14421711756585673,0.0806941996587711,0.3091521883933975,0.38984638805216854
167.53768844221105,0.46593973034021813,0.14419101048685984,0.08069419198520207,0.30917506718772,0.38986925917292203
168.5427135678392,0.4659426715498011,0.14416645468841646,0.0806941718313356,0.3091967019304468,0.3898908737617824
169.54773869346732,0.46594534584402725,0.14414335695154512,0.08069414071090487,0.30921715649352277,0.3899112972044277
170.55276381909547,0.46594777830731415,0.1441216292407743,0.08069410007061611,0.3092364923812954,0.38993059245191153
171.5577889447236,0.4659499899571108,0.1441011904621344,0.08069405152437295,0.3092547680563817,0.38994881958075467
172.56281407035175,0.46595199978156543,0.14408196657115907,0.08069399635458589,0.30927203729268954,0.38996603364727545
173.5678391959799,0.46595382711299094,0.1440638798790946,0.08069393589416943,0.309288357113745,0.3899822930079144
174.57286432160802,0.46595548777482326,0.1440468646059317,0.0806938711517814,0.3093037764674636,0.389997647619245
175.57788944723617,0.46595699659044587,0.14403085732119505,0.08069380301822832,0.3093183430701308,0.39001214608835905
176.5829145728643,0.46595836743437913,0.1440157973288162,0.08069373231357235,0.30933210292323227,0.3900258352368046
177.58793969849245,0.4659596127317933,0.14400162833980226,0.08069365972978325,0.30934509919862124,0.3900387589284045
178.5929648241206,0.46596074400916365,0.14398829718515987,0.0806935858452323,0.3093573729604441,0.3900509588056764
179.59798994974875,0.465961770742787,0.14397575486233113,0.08069351129654448,0.3093689630983374,0.3900624743948819
180.60301507537687,0.46596269916791655,0.1439639550358534,0.08069343733714504,0.309379908459085,0.39007334579623004
181.608040201005,0.46596354415861024,0.14395285211126999,0.08069336285568557,0.30939024087443423,0.3900836037301198
182.61306532663315,0.46596430904490904,0.14394240569871686,0.08069328927866683,0.3093999959777073,0.3900932852563741
183.6180904522613,0.4659650031483681,0.1439325761907866,0.08069321636594837,0.30940920429489693,0.39010242066084533
184.62311557788945,0.4659656320939904,0.14392332714695302,0.08069314456877012,0.3094178961902864,0.39011104075905656
185.62814070351757,0.46596620141296924,0.14391462627057264,0.08069307406867211,0.30942609824778616,0.39011917231645826
186.63316582914572,0.46596671712001647,0.14390643833429737,0.08069300503418853,0.3094338395114976,0.39012684454568614
187.63819095477385,0.46596718411149224,0.14389873340705678,0.08069293756938763,0.30944114491206337,0.39013408248145093
188.643216080402,0.4659676069825158,0.14389148285945974,0.08069287176386856,0.3094480383941558,0.3901409101580244
189.64824120603015,0.46596798971877734,0.14388466027050995,0.08069280768079186,0.3094545423299208,0.39014735001071266
190.65326633165827,0.46596833344595073,0.14387824031043825,0.08069274605078837,0.3094606801928225,0.39015342624361093
191.65829145728642,0.46596864437063223,0.14387219889742212,0.08069268620337443,0.3094664705285712,0.3901591567319456
192.66331658291455,0.4659689253299804,0.14386651344234616,0.08069262823473888,0.3094719329929346,0.3901645612276735
193.6683417085427,0.4659691788635517,0.14386116394713191,0.08069257218745121,0.3094770850018652,0.39016965718931645
194.67336683417085,0.4659694073506213,0.1438561295929361,0.08069251814365093,0.3094819449127916,0.3901744630564425
195.67839195979897,0.4659696130183069,0.14385139198686483,0.08069246611067758,0.3094865288841506,0.3901789949948282
196.68341708542712,0.46596979829975654,0.14384693316558073,0.08069241600250109,0.3094908525321617,0.3901832685346628
197.68844221105527,0.4659699651351805,0.14384273754892402,0.08069236776491444,0.30949492955098096,0.3901872973158954
198.6934673366834,0.4659701149994825,0.14383878848168,0.08069232146653424,0.30949877505230333,0.39019109651883754
199.69849246231155,0.4659702492712723,0.1438350724178472,0.08069227709617513,0.3095024012147054,0.3901946783108805
200.7035175879397,0.4659703694719046,0.14383157713529127,0.08069223455489458,0.3095058188379095,0.3901980533928041
201.70854271356782,0.4659704775411765,0.14382828719674334,0.08069219371420461,0.3095090415478757,0.3902012352620802
202.71356783919597,0.4659705738669864,0.14382519003923602,0.08069215474322487,0.3095120813505526,0.39020423609377747
203.7185929648241,0.46597065996854503,0.1438222753251694,0.08069211745069255,0.3095149472555931,0.39020706470628563
204.72361809045225,0.4659707368231297,0.14381953220320381,0.0806920817914094,0.3095176491822571,0.39020973097366646
205.7286432160804,0.46597080527768586,0.14381695065174313,0.08069204772378898,0.30952019634678213,0.39021224407057103
206.73366834170852,0.46597086622306694,0.14381452174323028,0.0806920151660745,0.3095225968676283,0.3902146120337027
207.73869346733667,0.46597092065723594,0.1438122352284815,0.08069198402875283,0.3095248600855297,0.39021684411428254
208.7437185929648,0.465970969415033,0.14381008323005814,0.0806919542062081,0.30952699314870064,0.39021894735490875
209.74874371859295,0.4659710117516266,0.14380805789239656,0.0806919259834603,0.3095290043725166,0.39022093035597694
210.7537688442211,0.4659710475889319,0.14380615205214958,0.08069189945531147,0.30953090090360713,0.3902228003589186
211.75879396984922,0.46597108022929734,0.14380435809181172,0.08069187388918089,0.3095326877897101,0.390224561678891
212.76381909547737,0.4659711088014535,0.14380266960767352,0.08069184955804942,0.30953437203282363,0.39022622159087306
213.76884422110552,0.4659711338240571,0.1438010805345183,0.08069182638496894,0.3095359592564557,0.3902277856414247
214.77386934673365,0.46597115556271945,0.14379958498951897,0.0806918043476023,0.3095374551001594,0.39022925944776166
215.7788944723618,0.4659711742930582,0.14379817829117922,0.08069178340609204,0.3095388640096707,0.39023064741576274
216.78391959798995,0.46597119039730545,0.14379685425702857,0.08069176350632572,0.3095401918393403,0.390231955345666
217.78894472361807,0.4659712041748527,0.14379560754420584,0.0806917446038543,0.3095414436770872,0.39023318828094145
218.79396984924622,0.4659712157650753,0.14379443435238162,0.08069172667239008,0.309542623210153,0.39023434988254313
219.79899497487435,0.46597122539962693,0.14379333003589087,0.08069170967453666,0.3095437348899456,0.3902354445644822
220.8040201005025,0.4659712339920829,0.1437922903748017,0.08069169339400253,0.3095447822391129,0.3902364756331154
221.80904522613065,0.46597124118812483,0.14379131187235253,0.08069167791959783,0.30954576901992475,0.39023744693952256
222.81407035175877,0.46597124691320974,0.14379039100499227,0.0806916632727103,0.3095466988090877,0.39023836208179796
223.81909547738692,0.4659712511335076,0.14378952440472356,0.08069164946176753,0.30954757500000135,0.39023922446176884
224.82412060301505,0.46597125427939173,0.14378870878197927,0.0806916363800995,0.3095484005585296,0.39024003693862913
225.8291457286432,0.4659712565905744,0.1437879411083103,0.08069162396505639,0.30954917833605883,0.3902408023011152
226.83417085427135,0.4659712581573166,0.1437872185981503,0.08069161218840139,0.3095499110561318,0.3902415232445332
227.83919597989947,0.46597125905785863,0.1437865387090199,0.0806916010229903,0.30955060121013117,0.3902422022331215
228.84422110552762,0.46597125936210415,0.14378589891353535,0.08069159044355065,0.30955125128081007,0.3902428417243607
229.84924623115577,0.4659712591825604,0.14378529661527625,0.08069158041514804,0.3095518637870154,0.39024344420216345
230.8542713567839,0.4659712585302199,0.14378473000936098,0.08069157092203251,0.30955244053838654,0.3902440114604191
231.85929648241205,0.4659712575059669,0.14378419647508042,0.08069156193217096,0.3095529840867818,0.3902445460189527
232.8643216080402,0.46597125614297336,0.1437836945051629,0.08069155342355953,0.3095534959283042,0.39024504935186377
233.86934673366832,0.4659712545036074,0.14378322196688442,0.0806915453705224,0.30955397815898594,0.3902455235295083
234.87437185929647,0.4659712526328953,0.14378277716358837,0.08069153774999346,0.3095544324535229,0.39024597020351637
235.8793969849246,0.46597125057088545,0.14378235851262838,0.08069153053958188,0.30955486037690416,0.390246390916486
236.88442211055275,0.46597124836278725,0.14378196428917622,0.08069152371630646,0.30955526363173014,0.3902467873480366
237.8894472361809,0.46597124602300105,0.14378159340099658,0.08069151726420981,0.30955564331179247,0.3902471605760023
238.89447236180902,0.4659712435959297,0.14378124415504648,0.08069151116024904,0.30955600108877473,0.39024751224902376
239.89949748743717,0.4659712411068959,0.14378091527560896,0.08069150538531765,0.30955633823217754,0.39024784361749515
240.9045226130653,0.4659712385790907,0.14378060549336627,0.08069149992250906,0.30955665600503407,0.3902481559275431
241.90954773869345,0.46597123602971424,0.14378031367405594,0.08069149475628852,0.3095569555399412,0.3902484502962298
242.9145728643216,0.4659712334650594,0.14378003898240566,0.08069148987143798,0.309557237681097,0.390248727552535
243.91959798994972,0.46597123088861986,0.14377978062963873,0.08069148525433746,0.3095575032274039,0.39024898848174133
244.92462311557787,0.4659712283401518,0.14377953708434574,0.08069148088817488,0.3095577536873276,0.3902492345755025
245.92964824120602,0.46597122580872313,0.14377930788621554,0.0806914767621433,0.30955798954291797,0.3902494663050613
246.93467336683415,0.4659712232950253,0.14377909234624867,0.0806914728648499,0.3095582114938761,0.390249684358726
247.9396984924623,0.46597122081249914,0.14377888957445378,0.08069146918341046,0.3095584204296366,0.3902498896130471
248.94472361809045,0.4659712183789607,0.14377869862851703,0.08069146570473468,0.30955861728778766,0.3902500829925223
249.94974874371857,0.4659712159889586,0.14377851900456515,0.08069146241976925,0.30955880258670715,0.39025026500647636
250.95477386934672,0.46597121364455246,0.14377835009073045,0.08069145931877346,0.3095589769459436,0.39025043626471706
251.95979899497485,0.46597121136078906,0.1437781910710733,0.0806914563896074,0.30955914117853034,0.3902505975681378
252.964824120603,0.46597120913664436,0.1437780414391732,0.08069145362393931,0.3095592958002432,0.3902507494241825
253.96984924623115,0.46597120697524164,0.14377790064078272,0.08069145101292671,0.3095594413710489,0.3902508923839756
254.97487437185927,0.46597120487907795,0.14377776813196427,0.08069144854785783,0.3095595784410998,0.3902510269889577
255.97989949748742,0.4659712028499648,0.1437776433918809,0.08069144622033372,0.3095597075378206,0.39025115375815433
256.98492462311555,0.46597120088908467,0.14377752597951032,0.0806914440230879,0.30955982910831725,0.3902512731314052
257.9899497487437,0.46597119899692696,0.1437774154694397,0.08069144194905832,0.309559943584575,0.3902513855336333
258.99497487437185,0.4659711971734562,0.14377731145980177,0.08069143999153497,0.30956005137520703,0.390251491366742
260.0,0.4659711954191262,0.1437772134937089,0.08069143814324783,0.30956015294391726,0.3902515910871651
