Generation,xOC,xOB,xMMd,xMMr,total xMM
0.0,0.26666666666666666,0.4,0.26666666666666666,0.06666666666666667,0.3333333333333333
1.0344827586206897,0.4515562958161853,0.2888996507018397,0.20816757341016762,0.05137648007180737,0.259544053481975
2.0689655172413794,0.504412928560479,0.24679778607398378,0.20117346116066587,0.04761582420487132,0.24878928536553718
3.1034482758620694,0.5278491662804731,0.22098329723960072,0.2049418124247685,0.046225724055157735,0.25116753647992623
4.137931034482759,0.541704447114333,0.20138164764050914,0.2114580899740148,0.045455815271143056,0.25691390524515784
5.172413793103448,0.5514207475087903,0.18519362585116558,0.21852551902661016,0.04486010761343381,0.26338562664004395
6.206896551724139,0.5587797786483729,0.171405968333275,0.22549243103192884,0.04432182198642297,0.2698142530183518
7.241379310344828,0.5644907341939718,0.159522013368323,0.2321722134956035,0.04381503894210179,0.2759872524377053
8.275862068965518,0.5689169238922827,0.14922237601423416,0.2385226658597111,0.04333803423377195,0.281860700093483
9.310344827586208,0.5722941995809823,0.14026615298164205,0.24454548615908903,0.042894161278286616,0.28743964743737566
10.344827586206897,0.57480041714656,0.1324586061771196,0.2502543301136557,0.04248664656266439,0.29274097667632015
11.379310344827587,0.576579605333374,0.12563811757555346,0.25566481354272375,0.042117463548348846,0.2977822770910726
12.413793103448278,0.5777518805379316,0.11966918406302465,0.2607915949464884,0.041787340452555374,0.3025789353990438
13.448275862068966,0.5784185868514885,0.11443765052685922,0.26564773524141727,0.041496027380234835,0.3071437626216521
14.482758620689657,0.5786656564037688,0.10984702088896511,0.2702447527605928,0.04124256994667322,0.311487322707266
15.517241379310345,0.5785660793560116,0.10581548993160535,0.2745928893428467,0.041025541369536365,0.31561843071238305
16.551724137931036,0.5781819986158492,0.1022734595442098,0.27870133740584974,0.040843204434091215,0.31954454183994097
17.586206896551726,0.5775662932056802,0.09916153027482713,0.2825785311195125,0.04069364539998018,0.32327217651949264
18.620689655172416,0.5767640293697349,0.09642880563487148,0.2862323075548841,0.04057485744050944,0.32680716499539353
19.655172413793103,0.5758135771277367,0.09403151287236403,0.28967010167736507,0.04048480832253406,0.33015490999989916
20.689655172413794,0.5747476195557972,0.09193184640841952,0.2928990530698391,0.04042148096594406,0.33332053403578316
21.724137931034484,0.5735939602904834,0.0900970191980182,0.2959261162070072,0.04038290430449128,0.33630902051149847
22.758620689655174,0.5723762208675015,0.08849847365291887,0.29875813283600183,0.04036717264357789,0.3391253054795797
23.793103448275865,0.5711144328052067,0.08711122569848134,0.30140188460448925,0.04037245689182274,0.341774341496312
24.827586206896555,0.5698255366389993,0.08591332185865469,0.30386412882177843,0.040397012680567626,0.34426114150234605
25.862068965517242,0.5685237958222601,0.08488538614227524,0.30615163496277625,0.04043918307268848,0.3465908180354647
26.896551724137932,0.5672211960848327,0.08401023692771188,0.3082711698559381,0.0404973971315173,0.34876856698745545
27.931034482758623,0.5659277196486433,0.08327257716086507,0.310229531165091,0.04057017202540058,0.3507997031904916
28.965517241379313,0.5646516431017113,0.0826587248987122,0.3120335236117468,0.04065610838782976,0.35268963199957654
30.0,0.5633997616025775,0.08215639293073078,0.31368995723770704,0.04075388822898468,0.3544438454666917
30.0,0.591611115786413,0.08599358397970064,0.27940303722125626,0.04299226301263019,0.32239530023388646
31.0,0.5923420667130287,0.09527135883920687,0.2640616849375211,0.048324889510243406,0.3123865744477645
32.0,0.5905906944160699,0.1052213679240943,0.24987182457648252,0.05431611308335332,0.30418793765983587
33.0,0.5878210684298145,0.11540120177172773,0.23597977479124188,0.06079795500721587,0.29677772979845773
34.0,0.5841774461074315,0.12562980717119207,0.22245246783184328,0.06774027888953314,0.2901927467213764
35.0,0.5797543633452218,0.13573429783967017,0.20939845673178714,0.07511288208332081,0.28451133881510793
36.0,0.5746690509254353,0.14554087313221192,0.19691344227761814,0.08287663366473458,0.2797900759423528
37.0,0.5690588015877739,0.15488262434631445,0.18507455559912253,0.09098401846678923,0.2760585740659118
38.0,0.5630728591572208,0.16360786569118704,0.17393859394145,0.0993806812101419,0.2733192751515919
39.0,0.5568637587407994,0.17158718397439196,0.16354176578923035,0.10800729149557838,0.2715490572848087
40.0,0.5505792068852223,0.17871855475165097,0.1539006878000401,0.11680155056308661,0.27070223836312673
41.0,0.5443552117604991,0.18493021611901198,0.14501437405646683,0.125700198064022,0.2707145721204889
42.0,0.5383109138197587,0.19018129110596382,0.13686689646706193,0.13464089860721554,0.27150779507427747
43.0,0.5325452964202388,0.19446040268683593,0.12943038524788794,0.14356391564503726,0.2729943008929252
44.0,0.5271357148168587,0.19778270019141983,0.12266807461577632,0.15241351037594508,0.2750815849917214
45.0,0.5221380033036684,0.20018580100950803,0.11653716387270527,0.1611390318141183,0.27767619568682356
46.0,0.5175878162571849,0.20172515505184255,0.11099133991351205,0.16969568877746052,0.2806870286909726
47.0,0.5135028243453188,0.20246928185915591,0.10598287937908943,0.17804501441643578,0.2840278937955252
48.0,0.5098854065018348,0.2024952363539872,0.10146430814977607,0.18615504899440202,0.2876193571441781
49.0,0.5067255319081791,0.20188455201781977,0.09738963885287877,0.19400027722112234,0.29138991607400105
50.0,0.5040035959408077,0.2007198073724686,0.0937152337664882,0.20156136292023558,0.2952765966867238
51.0,0.5016930457117867,0.19908187414496234,0.09040035353697887,0.20882472660627208,0.29922508014325094
52.0,0.49976269527366163,0.1970478385325717,0.0874074550392608,0.21578201115450596,0.30318946619376674
53.0,0.4981786830616377,0.19468954116658538,0.08470229800983359,0.2224294777619434,0.30713177577177697
54.0,0.49690606336388893,0.19207265442495472,0.08225391271132092,0.22876736949983537,0.31102128221115627
55.0,0.4959100503691671,0.1892562039514529,0.08003447201792051,0.23479927366145953,0.31483374567938005
56.0,0.4951569496045753,0.18629244051903388,0.07801910238303747,0.24053150749335334,0.3185506098763908
57.0,0.4946148197042253,0.18322697494885543,0.07618566000054608,0.24597254534637314,0.3221582053469192
58.0,0.4942539097271578,0.1800990995351753,0.0745144914981538,0.2511324992395129,0.3256469907376667
59.0,0.4940469156383638,0.17694223196060632,0.07298819281441295,0.256022659586617,0.32901085240102995
60.0,0.493969095639829,0.17378443036895083,0.07159137544819094,0.26065509854302915,0.3322464739912201
61.0,0.4939982789442196,0.17064894005721595,0.07031044588229911,0.26504233511626535,0.3353527809985645
62.0,0.49411479712336764,0.16755474258995454,0.06913340149114669,0.26919705879553113,0.3383304602866778
63.0,0.49430136185420476,0.16451708680173383,0.06804964446616986,0.2731319068778916,0.3411815513440614
64.0,0.494542908028955,0.1615479881350839,0.06704981407058867,0.27685928976537255,0.3439091038359612
65.0,0.4948264169444049,0.15865668819346646,0.06612563672977866,0.28039125813235005,0.3465168948621287
66.0,0.4951407306843715,0.15585007047171898,0.06526979296412955,0.2837394058797801,0.3490091988439096
67.0,0.4954763658430414,0.15313303118386795,0.06447579989056859,0.28691480308252204,0.35139060297309066
68.0,0.4958253323506819,0.1505088061596045,0.06373790789039474,0.289927953599319,0.35366586148971374
69.0,0.49618096128552625,0.14797925612525195,0.0630510100150255,0.2927887725741963,0.3558397825892218
70.0,0.49653774410926904,0.14554511349428148,0.0624105627414063,0.2955065796550432,0.3579171423964495
71.0,0.49689118467373117,0.1432061942083174,0.06181251676919457,0.2980901043487569,0.35990262111795146
72.0,0.4972376645446217,0.14096157830590236,0.06125325665423541,0.3005475004952404,0.36180075714947585
73.0,0.49757432161525006,0.13880976284168567,0.060729548184884546,0.30288636735817964,0.36361591554306416
74.0,0.49789894158793535,0.13674879060045275,0.060238492521211086,0.3051137752904008,0.36535226781161184
75.0,0.4982098616419047,0.13477635779830352,0.059777486226831884,0.3072362943329598,0.36701378055979167
76.0,0.4985058854497526,0.13288990367317022,0.05934418642600948,0.30926002445106776,0.36860421087707723
77.0,0.49878620862309003,0.13108668456376807,0.05893648041305728,0.31119062640008466,0.370127106813142
78.0,0.4990503536406994,0.12936383477683672,0.05855245912638426,0.3130333524560796,0.3715858115824639
79.0,0.4992981133230155,0.1277184162578845,0.05819039397565555,0.3147930764434444,0.3729834704190999
80.0,0.4995295019526897,0.12614745881692502,0.057848716577918034,0.3164743226524672,0.3743230392303853
81.0,0.49974471319306846,0.12464799242108918,0.05752600101773954,0.31808129336810276,0.3756072943858423
82.0,0.499944084017815,0.12321707285155567,0.057220948298149346,0.3196178948324799,0.37683884313062926
83.0,0.5001280639306773,0.1218518018326014,0.05693237269420022,0.32108776154252106,0.37802013423672126
84.0,0.5002971888211081,0.1205493425744641,0.05665918976004035,0.32249427884438747,0.3791534686044279
85.0,0.5004520588666749,0.11930693152735727,0.056400405774197006,0.3238406038317709,0.3802410096059679
86.0,0.5005933199554258,0.11812188701935243,0.05615510843698444,0.3251296845882373,0.3812847930252218
87.0,0.5007216481596491,0.11699161534384185,0.05592245865915163,0.3263642778373574,0.382286736496509
88.0,0.5008377368462626,0.1159136147708562,0.055701683302611334,0.32754696508026976,0.38324864838288114
89.0,0.5009422860582015,0.1148854778786879,0.0554920687528102,0.3286801673103006,0.3841722360631108
90.0,0.50103599384564,0.11390489253626757,0.05529295521842409,0.32976615839966833,0.38505911361809236
91.0,0.501119549265858,0.11296964181093756,0.05510373166795186,0.33080707725525266,0.3859108089232045
92.0,0.5011936268062568,0.11207760302921542,0.05492383132474792,0.33180493883977974,0.38672877016452767
93.0,0.5012588820167888,0.1112267461785712,0.054752727652349835,0.33276164415229015,0.38751437180463993
94.0,0.5013159481661529,0.11041513180503947,0.05458993077085274,0.3336789892579548,0.38826892002880753
95.0,0.501365433760917,0.10964090853368827,0.05443498425276053,0.3345586734526342,0.3889936577053947
96.0,0.5014079207885158,0.10890231031574242,0.054287462253375184,0.3354023066423666,0.3896897688957418
97.0,0.5014439635642103,0.10819765348679108,0.054146966936517854,0.33621141601248083,0.39035838294899866
98.0,0.5014740880788203,0.10752533370439583,0.05401312616133532,0.3369874520554484,0.3910005782167837
99.0,0.5014987917586564,0.10688382282003356,0.05388559140024211,0.33773179402106784,0.3916173854213099
100.0,0.5015185435618036,0.10627166572922106,0.053764035861773016,0.33844575484720213,0.3922097907089752
101.0,0.5015337843459937,0.10568747723450253,0.05364815279535425,0.3391305856241494,0.3927787384195036
102.0,0.5015449274529065,0.1051299389484228,0.0535376539578108,0.3397874796408599,0.39332513359867066
103.0,0.5015523594620851,0.10459779625739535,0.053432268223871954,0.34041757605664763,0.39384984428051956
104.0,0.5015564410748614,0.10408985536227806,0.05333174032506534,0.3410219632377951,0.3943537035628604
105.0,0.5015575080949196,0.10360498040730981,0.05323582970324615,0.34160168179452444,0.3948375114977706
106.0,0.5015558724775039,0.10314209070567373,0.053144309466628306,0.34215772735019406,0.3953020368168224
107.0,0.5015518234239049,0.10270015806721422,0.0530569654376012,0.3426910530712797,0.3957480185088809
108.0,0.5015456285018377,0.10227820423162583,0.0529735952828537,0.3432025719836828,0.3961761672665365
109.0,0.5015375347757386,0.1018752984086691,0.052894007717413684,0.34369315909817855,0.39658716681559225
110.0,0.5015277699339264,0.10149055492556829,0.05281802177516305,0.3441636533653422,0.39698167514050525
111.0,0.5015165434020694,0.10112313098064746,0.05274546613922391,0.3446148594780592,0.3973603256172832
112.0,0.5015040474345258,0.10077222450141045,0.05267617852634698,0.34504754953771677,0.39772372806406375
113.0,0.5014904581769266,0.10043707210462138,0.05261000512007958,0.3454624645983724,0.39807246971845195
114.0,0.5014759366948986,0.10011694715546028,0.05254680004806066,0.34586031610158036,0.39840711614964097
115.0,0.5014606299651146,0.0998111579224797,0.05248642489929241,0.3462417872131133,0.39872821211240567
116.0,0.5014446718259382,0.0995190458248503,0.05242874827768235,0.34660753407152917,0.3990362823492115
117.0,0.5014281838858373,0.09923998376823226,0.05237364538854142,0.34695818695738906,0.3993318323459305
118.0,0.5014112763884899,0.09897337456552986,0.05232099765507101,0.34729435139090925,0.39961534904598023
119.0,0.5013940490341288,0.09871864943876174,0.0522706923621792,0.34761660916493015,0.39988730152710933
120.0,0.5013765917571792,0.09847526659830087,0.052222622325239054,0.3479255193192809,0.40014814164452
121.0,0.501358985460655,0.09824270989579083,0.052176685581643865,0.34822161906191035,0.4003983046435542
122.0,0.5013413027081138,0.0980204875471277,0.05213278510322937,0.34850542464152917,0.40063820974475856
123.0,0.5013236083742277,0.09780813092199546,0.05209082852782396,0.3487774321759529,0.4008682607037769
124.0,0.5013059602552307,0.09760519339655888,0.05205072790835864,0.3490381184398518,0.4010888463482104
125.0,0.501288409640658,0.0974112492660415,0.05201239947812007,0.3492879416151804,0.40130034109330043
126.0,0.5012710018479,0.09722589271404798,0.05197576343086537,0.34952734200718666,0.401503105438052
127.0,0.50125377672117,0.09704873683562489,0.051940743714638825,0.3497567427285663,0.40169748644320513
128.0,0.5012367690965319,0.09687941271118998,0.05190726783823843,0.34997655035403963,0.4018838181922781
129.0,0.5012200092346545,0.09671756852859602,0.051875266689377274,0.35018715554737223,0.40206242223674954
130.0,0.5012035232229599,0.09656286875072934,0.05184467436367138,0.3503889336626393,0.4022336080263107
131.0,0.501187333348825,0.09641499332617443,0.051815428003663684,0.3505822453213368,0.40239767332500054
132.0,0.5011714584454565,0.09627363694060442,0.051787467647163646,0.3507674369667753,0.40255490461393895
133.0,0.5011559142120369,0.09613850830667957,0.051760736084244516,0.350944841397039,0.40270557748128355
134.0,0.5011407135096771,0.09600932949035675,0.05173517872229747,0.3511147782776686,0.40284995699996606
135.0,0.501125866634674,0.09588583527162553,0.05171074345859218,0.35127755463510846,0.4029882980937006
136.0,0.5011113815705026,0.09576777253779663,0.05168738055983943,0.3514334653318613,0.4031208458917007
137.0,0.5010972642199242,0.09565489970757232,0.051665042548293204,0.3515827935242103,0.4032478360725035
138.0,0.5010835186185161,0.09554698618422801,0.05164368409396672,0.35172581110328915,0.4033694951972559
139.0,0.5010701471308829,0.09544381183632757,0.05162326191257109,0.3518627791202184,0.4034860410327895
140.0,0.501057150630731,0.09534516650448477,0.051603734668815925,0.35199394819596835,0.4035976828647843
141.0,0.5010445286659336,0.09525084953276793,0.051585062884739165,0.3521195589165594,0.40370462180129857
142.0,0.5010322796096515,0.09516066932342374,0.0515672088527585,0.3522398422141663,0.4038070510669248
143.0,0.5010204007985103,0.09507444291367258,0.051550136553160174,0.35235501973465705,0.40390515628781726
144.0,0.5010088886587809,0.09499199557339857,0.05153381157576145,0.35246530419205907,0.40399911576782055
145.0,0.5009977388214492,0.09491316042262447,0.051518201045502615,0.35257089971042377,0.40408910075592636
146.0,0.5009869462270079,0.09483777806772466,0.05150327355174137,0.35267200215352607,0.40417527570526746
147.0,0.5009765052207524,0.09476569625538973,0.05148899908103869,0.35276879944281914,0.40425779852385785
148.0,0.5009664096393075,0.09469676954341119,0.05147534895323978,0.3528614718640415,0.40433682081728123
149.0,0.5009566528890698,0.09463085898740818,0.051462295760666917,0.3529501923628551,0.404412488123522
150.0,0.5009472280171983,0.09456783184266798,0.05144981331025355,0.3530351268298803,0.4044849401401338
151.0,0.5009381277757504,0.09450756128031715,0.051437876568459724,0.35311643437547263,0.40455431094393235
152.0,0.500929344679511,0.094449926117087,0.05142646160882023,0.3531942675945818,0.40462072920340203
153.0,0.5009208710580294,0.0943948105579745,0.05141554556198498,0.3532687728220111,0.40468431838399604
154.0,0.5009126991023413,0.0943421039511423,0.05140510656812141,0.35334009037839503,0.40474519694651645
155.0,0.5009048209068169,0.09429170055443496,0.051395123731555616,0.35340835480719257,0.4048034785387482
156.0,0.5008972285065455,0.09424349931292506,0.05138557707753723,0.3534736951029922,0.4048592721805294
157.0,0.5008899139106364,0.0941974036469335,0.051376447511019434,0.35353623493141056,0.40491268244243
158.0,0.5008828691317876,0.09415332124999962,0.051367716777352294,0.3535960928408605,0.4049638096182128
159.0,0.5008760862124456,0.09411116389630503,0.05135936742479341,0.35365338246645595,0.40501274989124936
160.0,0.5008695572478603,0.09407084725708148,0.05135138276874537,0.3537082127263128,0.40505959549505816
161.0,0.5008632744063063,0.09403229072555945,0.05134374685763486,0.3537606880104993,0.4051044348681342
162.0,0.5008572299467315,0.09399541725003631,0.05133644444035278,0.3538109083628793,0.4051473528032321
163.0,0.5008514162340645,0.0939601531746672,0.05132946093517943,0.353858969656089,0.4051884305912684
164.0,0.5008458257523989,0.09392642808760097,0.05132278240012292,0.3539049637598772,0.40522774616000007
165.0,0.5008404511162554,0.09389417467610514,0.05131639550460282,0.35394897870303654,0.40526537420763936
166.0,0.5008352850801017,0.09386332858834089,0.05131028750241473,0.3539910988291427,0.4053013863315575
167.0,0.5008303205463001,0.09383382830146834,0.05130444620591496,0.3540314049463167,0.40533585115223164
168.0,0.5008255505716389,0.09380561499577783,0.05129885996136755,0.35406997447121574,0.40536883443258326
169.0,0.5008209683725866,0.0937786324345589,0.051293517625398945,0.3541068815674557,0.40540039919285464
170.0,0.500816567329399,0.09375282684943399,0.051288408542508525,0.3541421972786585,0.405430605821167
171.0,0.5008123409892004,0.0937281468308972,0.0512835225235857,0.3541759896563168,0.4054595121799025
172.0,0.500808283068144,0.0937045432238117,0.05127884982538676,0.3542083238826576,0.4054871737080444
173.0,0.5008043874527537,0.09368196902763254,0.05127438113092736,0.35423926238868647,0.40551364351961383
174.0,0.5008006482005358,0.09366037930113226,0.05127010753074816,0.35426886496758375,0.4055389724983319
175.0,0.5007970595399455,0.09363973107141876,0.051266020505013665,0.35429718888362216,0.40556320938863577
176.0,0.5007936158697799,0.09361998324704505,0.05126211190640619,0.354324288976769,0.4055864008831752
177.0,0.5007903117580705,0.09360109653502019,0.05125837394377855,0.3543502177631307,0.40560859170690927
178.0,0.5007871419405344,0.09358303336154061,0.05125479916653116,0.3543750255313937,0.4056298246979249
179.0,0.5007841013186406,0.09356575779626958,0.05125138044968042,0.3543987604354093,0.40565014088508977
180.0,0.5007811849573455,0.09354923548000091,0.0512481109795873,0.3544214685830663,0.40566957956265354
181.0,0.5007783880825409,0.09353343355555156,0.051244984240316385,0.3544431941215912,0.4056881783619076
182.0,0.5007757060782586,0.09351832060173446,0.05124199400059676,0.3544639793194102,0.405705973320007
183.0,0.5007731344836692,0.09350386657027082,0.05123913430135796,0.35448386464470205,0.40572299894606
184.0,0.5007706689899085,0.09349004272550744,0.05123639944381486,0.35450288884076936,0.4057392882845842
185.0,0.500768305436763,0.09347682158681139,0.0512337839780774,0.3545210889983481,0.40575487297642554
186.0,0.5007660398092431,0.09346417687352021,0.051231282692261314,0.3545385006249754,0.4057697833172367
187.0,0.5007638682340665,0.09345208345233146,0.051228890602077505,0.35455515771152457,0.40578404831360204
188.0,0.5007617869760769,0.09344051728702164,0.05122660294087918,0.3545710927960223,0.40579769573690144
189.0,0.5007597924346159,0.0934294553903888,0.05122441515014585,0.35458633702484954,0.4058107521749954
190.0,0.5007578811398664,0.09341887577831853,0.0512223228703851,0.35460092021142997,0.4058232430818151
191.0,0.5007560497491838,0.09340875742587822,0.05122032193243363,0.35461487089250443,0.4058351928249381
192.0,0.5007542950434272,0.09339908022534765,0.05121840834913968,0.3546282163820855,0.4058466247312252
193.0,0.5007526139233063,0.0933898249460998,0.05121657830741012,0.35464098282318385,0.40585756113059396
194.0,0.5007510034057501,0.0933809731962484,0.05121482816060595,0.3546531952373956,0.4058680233980015
195.0,0.5007494606203116,0.09337250738598354,0.05121315442127107,0.3546648775724338,0.4058780319937049
196.0,0.500747982805613,0.09336441069251986,0.05121155375417926,0.354676052747688,0.4058876065018673
197.0,0.5007465673058404,0.09335666702658531,0.0512100229696857,0.3546867426978885,0.4058967656675742
198.0,0.5007452115672949,0.09334926100038209,0.05120855901736937,0.35469696841495363,0.405905527432323
199.0,0.5007439131350023,0.0933421778969538,0.051207158979953545,0.3547067499880904,0.40591390896804386
200.0,0.5007426696493891,0.09333540364089701,0.05120582006749236,0.3547161066422216,0.40592192670971394
201.0,0.5007414788430263,0.09332892477035712,0.05120453961181143,0.3547250567748051,0.4059295963866165
202.0,0.5007403385374453,0.09332272841025153,0.05120331506119172,0.35473361799111147,0.40593693305230316
203.0,0.5007392466400266,0.09331680224666622,0.051202143975285615,0.3547418071380217,0.40594395111330733
204.0,0.5007382011409653,0.09331113450237331,0.0512010240202553,0.35474964033640616,0.4059506643566615
205.0,0.5007372001103136,0.09330571391342055,0.05119995296412361,0.35475713301214234,0.40595708597626595
206.0,0.5007362416951009,0.09330052970674489,0.051198928672327795,0.3547642999258264,0.40596322859815426
207.0,0.5007353241165324,0.0932955715787656,0.05119794910346786,0.3547711552012341,0.405969104304702
208.0,0.5007344456672678,0.09329082967491306,0.05119701230524027,0.35477771235257893,0.40597472465781925
209.0,0.500733604708777,0.09328629457005265,0.0511961164105495,0.354783984310621,0.4059801007211705
210.0,0.500732799668776,0.09328195724976382,0.05119525963378919,0.35478998344767093,0.4059852430814601
211.0,0.5007320290387403,0.0932778090924373,0.051194440267285916,0.3547957216015366,0.40599016186882253
212.0,0.5007312913714939,0.09327384185215382,0.051193656677898,0.3548012100984544,0.40599486677635244
213.0,0.5007305852788775,0.09327004764231064,0.05119290730376292,0.354806459775049,0.40599936707881185
214.0,0.5007299094294897,0.0932664189199627,0.051192190651186714,0.3548114809993609,0.40600367165054757
215.0,0.5007292625465026,0.09326294847084714,0.05119150529166913,0.35481628369098106,0.40600778898265016
216.0,0.5007286434055509,0.09325962939506133,0.05119084985905863,0.3548208773403292,0.4060117271993878
217.0,0.5007280508326908,0.09325645509336557,0.05119022304683161,0.35482527102711203,0.4060154940739436
218.0,0.5007274837024307,0.0932534192540833,0.051189623605490245,0.35482947343799576,0.40601909704348604
219.0,0.5007269409358283,0.09325051584057249,0.05118905034007406,0.3548334928835251,0.4060225432235992
220.0,0.500726421498655,0.09324773907924357,0.05118850210777999,0.3548373373143215,0.40602583942210146
221.0,0.500725924399626,0.09324508344809919,0.051187977815686264,0.35484101433658843,0.4060289921522747
222.0,0.5007254486886927,0.09324254366577431,0.05118747641857576,0.3548445312269573,0.40603200764553304
223.0,0.5007249934553969,0.09324011468105313,0.051186996916854174,0.3548478949466959,0.40603489186355013
224.0,0.5007245578272858,0.09323779166284356,0.05118653835455913,0.3548511121553117,0.4060376505098708
225.0,0.5007241409683842,0.09323556999058824,0.05118609981745612,0.3548541892235713,0.40604028904102746
226.0,0.5007237420777251,0.09323344524509328,0.051185680431217545,0.35485713224596405,0.4060428126771816
227.0,0.5007233603879315,0.09323141319975693,0.051185279359681216,0.35485994705263035,0.4060452264123116
228.0,0.5007229951638559,0.0932294698121799,0.05118489580318476,0.3548626392207793,0.4060475350239641
229.0,0.5007226457012686,0.09322761121614162,0.05118452899697285,0.354865214085617,0.40604974308258984
230.0,0.5007223113255961,0.09322583371392557,0.05118417820967376,0.3548676767508047,0.4060518549604785
231.0,0.5007219913907086,0.09322413376897923,0.05118384274184252,0.3548700320984696,0.40605387484031213
232.0,0.5007216852777545,0.09322250799889355,0.05118352192456755,0.35487228479878447,0.406055806723352
233.0,0.500721392394038,0.09322095316868814,0.05118321511813818,0.35487443931913565,0.4060576544372738
234.0,0.5007211121719433,0.09321946618438907,0.05118292171077017,0.35487649993289755,0.40605942164366776
235.0,0.5007208440678979,0.09321804408688614,0.05118264111738698,0.3548784707278291,0.40606111184521604
236.0,0.5007205875613796,0.09321668404605778,0.051182372778454104,0.3548803556141085,0.40606272839256263
237.0,0.5007203421539599,0.09321538335515189,0.05118211615886438,0.35488215833202397,0.40606427449088833
238.0,0.5007201073683869,0.09321413942541101,0.05118187074687174,0.35488388245933017,0.40606575320620186
239.0,0.5007198827477052,0.09321294978093202,0.05118163605307179,0.3548855314182909,0.4060671674713627
240.0,0.5007196678544088,0.09321181205374926,0.05118141160942653,0.35488710848241556,0.4060685200918421
241.0,0.5007194622696294,0.09321072397913199,0.051181196968331844,0.3548886167829068,0.4060698137512387
242.0,0.5007192655923582,0.09320968339108661,0.05118099170172562,0.3548900593148296,0.4060710510165552
243.0,0.5007190774386971,0.09320868821805453,0.05118079540023481,0.3548914389430136,0.40607223434324835
244.0,0.5007188974411411,0.09320773647879774,0.051180607672359664,0.3548927584077015,0.40607336608006117
245.0,0.5007187252478902,0.09320682627846313,0.05118042814369359,0.3548940203299531,0.4060744484736467
246.0,0.5007185605221889,0.09320595580481852,0.05118025645617702,0.35489522721681555,0.40607548367299257
247.0,0.5007184029416926,0.0932051233246524,0.051180092267383875,0.3548963814662711,0.406076473733655
248.0,0.5007182521978598,0.09320432718033052,0.05117993524983916,0.3548974853719706,0.4060774206218097
249.0,0.5007181079953694,0.09320356578650253,0.05117978509036635,0.35489854112776165,0.40607832621812795
250.0,0.5007179700515632,0.09320283762695174,0.05117964148946318,0.35489955083202207,0.4060791923214852
251.0,0.5007178380959073,0.0932021412515825,0.051179504160704783,0.3549005164918053,0.4060800206525101
252.0,0.5007177118694823,0.09320147527353835,0.05117937283017279,0.3549014400268067,0.4060808128569795
253.0,0.5007175911244877,0.09320083836644595,0.05117924723590934,0.3549023232731572,0.4060815705090665
254.0,0.5007174756237713,0.09320022926177904,0.05117912712739504,0.35490316798705457,0.4060822951144496
255.0,0.5007173651403775,0.09319964674633703,0.05117901226504955,0.35490397584823596,0.40608298811328547
256.0,0.5007172594571121,0.09319908965983362,0.05117890241975406,0.35490474846330017,0.40608365088305426
257.0,0.5007171583661284,0.09319855689259018,0.05117879737239456,0.3549054873688868,0.4060842847412814
258.0,0.5007170616685281,0.09319804738332997,0.05117869691342507,0.35490619403471685,0.40608489094814193
259.0,0.5007169691739802,0.09319756011706805,0.05117860084244995,0.3549068698665018,0.40608547070895173
260.0,0.5007168807003555,0.09319709412309346,0.051178508967824374,0.3549075162087268,0.4060860251765512
261.0,0.5007167960733759,0.09319664847303899,0.0511784211062723,0.35490813434731283,0.40608655545358513
262.0,0.50071671512628,0.09319622227903526,0.05117833708252111,0.3549087255121636,0.4060870625946847
263.0,0.5007166376995007,0.09319581469194511,0.051178256728952196,0.3549092908796019,0.4060875476085541
264.0,0.5007165636403581,0.09319542489967493,0.051178179885266725,0.3549098315747002,0.4060880114599669
265.0,0.5007164928027639,0.09319505212555955,0.0511781063981661,0.3549103486735105,0.4060884550716766
266.0,0.5007164250469394,0.09319469562681752,0.0511780361210463,0.35491084320519684,0.4060888793262431
267.0,0.5007163602391453,0.09319435469307372,0.05117796891370562,0.35491131615407534,0.4060892850677809
268.0,0.5007162982514224,0.09319402864494626,0.05117790464206507,0.35491176846156636,0.4060896731036314
269.0,0.500716238961343,0.09319371683269503,0.05117784317790112,0.35491220102806087,0.406090044205962
270.0,0.5007161822517744,0.09319341863492914,0.051177784398589936,0.35491261471470664,0.4060903991132966
271.0,0.5007161280106506,0.09319313345737053,0.05117772818686293,0.354913010345116,0.40609073853197897
272.0,0.5007160761307548,0.09319286073167181,0.051177674430572966,0.35491338870700057,0.40609106313757354
273.0,0.5007160265095109,0.09319259991428515,0.05117762302247063,0.35491375055373336,0.406091373576204
274.0,0.5007159790487835,0.09319235048538095,0.05117757385999047,0.35491409660584494,0.4060916704658354
275.0,0.5007159336546877,0.0931921119478132,0.051177526845046395,0.3549144275524526,0.406091954397499
276.0,0.5007158902374045,0.09319188382613025,0.05117748188383614,0.3549147440526291,0.40609222593646527
277.0,0.5007158487110068,0.09319166566562853,0.05117743888665415,0.3549150467367106,0.40609248562336475
278.0,0.5007158089932914,0.09319145703144759,0.051177397767712685,0.3549153362075483,0.40609273397526097
279.0,0.5007157710056183,0.0931912575077046,0.05117735844497083,0.3549156130417063,0.40609297148667717
280.0,0.5007157346727568,0.09319106669666644,0.05117732083997075,0.3549158777906059,0.40609319863057664
281.0,0.500715699922739,0.09319088421795817,0.051177284877681334,0.3549161309816215,0.4060934158593028
282.0,0.5007156666867183,0.09319070970780555,0.05117725048634847,0.35491637311912777,0.40609362360547624
283.0,0.5007156348988347,0.0931905428183111,0.05117721759735198,0.3549166046855021,0.4060938222828541
284.0,0.5007156044960867,0.0931903832167614,0.051177186145068776,0.3549168261420832,0.406094012287152
285.0,0.500715575418206,0.09319023058496458,0.05117715606674195,0.3549170379300874,0.40609419399682933
286.0,0.5007155476075413,0.0931900846186169,0.05117712730235561,0.35491724047148615,0.4060943677738417
287.0,0.5007155210089438,0.09318994502669677,0.05117709979451518,0.3549174341698443,0.40609453396435946
288.0,0.5007154955696593,0.09318981153088528,0.05117707348833293,0.3549176194111225,0.4060946928994554
289.0,0.5007154712392251,0.0931896838650119,0.0511770483313185,0.3549177965644445,0.40609484489576303
290.0,0.5007154479693701,0.09318956177452459,0.05117702427327419,0.35491796598283115,0.40609499025610535
291.0,0.5007154257139204,0.09318944501598266,0.051177001266194844,0.35491812800390227,0.4060951292700971
292.0,0.5007154044287081,0.09318933335657198,0.05117697926417205,0.35491828295054767,0.4060952622147197
293.0,0.5007153840714855,0.0931892265736415,0.051176958223302704,0.3549184311315703,0.406095389354873
294.0,0.5007153646018401,0.0931891244542594,0.05117693810160124,0.35491857284229933,0.40609551094390056
295.0,0.5007153459811166,0.09318902679478931,0.05117691885891602,0.3549187083651782,0.4060956272240942
296.0,0.50071532817234,0.09318893340048445,0.05117690045684921,0.3549188379703264,0.4060957384271756
297.0,0.5007153111401433,0.09318884408509982,0.051176882858680155,0.35491896191607686,0.406095844774757
298.0,0.5007152948506971,0.09318875867052114,0.05117686602929216,0.3549190804494896,0.4060959464787817
299.0,0.5007152792716435,0.09318867698640998,0.05117684993510242,0.354919193806844,0.4060960437419464
300.0,0.500715264372032,0.09318859886986453,0.05117683454399504,0.35491930221410845,0.40609613675810347
301.0,0.5007152501222585,0.09318852416509482,0.05117681982525694,0.3549194058873898,0.40609622571264675
302.0,0.5007152364940067,0.09318845272311257,0.05117680574951659,0.3549195050333641,0.4060963107828807
303.0,0.5007152234601925,0.09318838440143419,0.051176792288685484,0.3549195998496878,0.4060963921383733
304.0,0.5007152109949106,0.09318831906379692,0.051176779415902,0.3549196905253906,0.4060964699412925
305.0,0.5007151990733825,0.0931882565798873,0.05117676710547787,0.3549197772412524,0.40609654434673026
306.0,0.5007151876719088,0.09318819682508153,0.05117675533284692,0.3549198601701628,0.40609661550300974
307.0,0.5007151767678212,0.09318813968019707,0.05117674407451608,0.3549199394774656,0.4060966835519817
308.0,0.5007151663394387,0.09318808503125518,0.051176733308018495,0.3549200153212876,0.4060967486293061
309.0,0.5007151563660237,0.09318803276925375,0.05117672301186868,0.3549200878528537,0.4060968108647224
310.0,0.500715146827742,0.09318798278995011,0.05117671316551971,0.3549201572167881,0.4060968703823078
311.0,0.5007151377056228,0.09318793499365316,0.05117670374932214,0.35492022355140185,0.406096927300724
312.0,0.5007151289815215,0.09318788928502487,0.05117669474448493,0.35492028698896877,0.40609698173345365
313.0,0.5007151206380834,0.09318784557289009,0.051176686133037816,0.3549203476559886,0.40609703378902645
314.0,0.5007151126587106,0.09318780377005483,0.05117667789779556,0.354920405673439,0.40609708357123453
315.0,0.500715105027527,0.09318776379313262,0.0511766700223236,0.3549204611570167,0.4060971311793403
316.0,0.500715097729349,0.09318772556237812,0.05117666249090532,0.35492051421736753,0.4060971767082729
317.0,0.5007150907496541,0.09318768900152827,0.05117665528851062,0.35492056496030705,0.40609722024881767
318.0,0.5007150840745525,0.09318765403765017,0.051176648400765946,0.35492061348703136,0.4060972618877973
319.0,0.5007150776907595,0.09318762060099585,0.05117664181392569,0.35492065989431887,0.4060973017082446
320.0,0.5007150715855698,0.09318758862486298,0.051176635514844644,0.3549207042747225,0.40609733978956714
321.0,0.5007150657468311,0.09318755804546218,0.05117662949095185,0.35492074671675483,0.4060973762077067
322.0,0.500715060162921,0.09318752880178964,0.05117662373022551,0.3549207873050638,0.4060974110352893
323.0,0.5007150548227236,0.09318750083550559,0.05117661822116897,0.3549208261206018,0.40609744434177075
324.0,0.5007150497156074,0.09318747409081797,0.0511766129527878,0.35492086324078675,0.4060974761935745
325.0,0.5007150448314047,0.09318744851437115,0.051176607914567844,0.35492089873965627,0.4060975066542241
326.0,0.5007150401603905,0.09318742405513963,0.051176603096454255,0.35492093268801567,0.40609753578446994
327.0,0.5007150356932637,0.09318740066432632,0.051176598488831444,0.3549209651535786,0.4060975636424101
328.0,0.5007150314211292,0.09318737829526501,0.05117659408250383,0.354920996201102,0.4060975902836058
329.0,0.5007150273354793,0.09318735690332769,0.05117658986867759,0.35492102589251545,0.406097615761193
330.0,0.5007150234281774,0.09318733644583527,0.05117658583894301,0.35492105428704424,0.40609764012598726
331.0,0.5007150196914416,0.09318731688197258,0.051176581985257784,0.3549210814413279,0.40609766342658565
332.0,0.5007150161178294,0.09318729817270703,0.051176578299930914,0.35492110740953253,0.4060976857094635
333.0,0.5007150127002227,0.09318728028071067,0.051176574775607414,0.35492113224345917,0.4060977070190665
334.0,0.500715009431814,0.09318726317028585,0.051176571405253564,0.35492115599264673,0.4060977273979003
335.0,0.5007150063060922,0.09318724680729394,0.05117656818214293,0.354921178704471,0.40609774688661393
336.0,0.5007150033168308,0.09318723115908731,0.051176565099842926,0.3549212004242389,0.40609776552408183
337.0,0.5007150004580746,0.09318721619444428,0.051176562152201975,0.3549212211952792,0.40609778334748114
338.0,0.5007149977241279,0.09318720188350671,0.05117655933333722,0.35492124105902806,0.40609780039236526
339.0,0.5007149951095439,0.09318718819772058,0.05117655663762286,0.3549212600551127,0.40609781669273554
340.0,0.5007149926091129,0.0931871751097789,0.05117655405967876,0.3549212782214294,0.4060978322811082
341.0,0.5007149902178528,0.0931871625935675,0.051176551594359916,0.35492129559421987,0.40609784718857983
342.0,0.5007149879309986,0.09318715062411265,0.05117654923674603,0.3549213122081428,0.4060978614448889
343.0,0.5007149857439932,0.09318713917753141,0.05117654698213177,0.3549213280963436,0.40609787507847533
344.0,0.5007149836524788,0.09318712823098399,0.051176544826017356,0.35492134329051994,0.40609788811653724
345.0,0.5007149816522868,0.09318711776262821,0.051176542764099595,0.35492135782098533,0.40609790058508494
346.0,0.5007149797394312,0.09318710775157592,0.05117654079226331,0.35492137171672955,0.4060979125089929
347.0,0.5007149779100998,0.0931870981778512,0.05117653890657304,0.354921385005476,0.4060979239120491
348.0,0.5007149761606463,0.09318708902235077,0.05117653710326528,0.3549213977137376,0.40609793481700285
349.0,0.5007149744875841,0.0931870802668057,0.05117653537874096,0.3549214098668693,0.40609794524561027
350.0,0.5007149728875782,0.09318707189374495,0.051176533729558195,0.3549214214891186,0.40609795521867675
351.0,0.5007149713574395,0.09318706388646077,0.05117653215242552,0.3549214326036743,0.40609796475609977
352.0,0.5007149698941178,0.09318705622897497,0.0511765306441952,0.35492144323271196,0.4060979738769072
353.0,0.5007149684946962,0.09318704890600744,0.05117652920185708,0.3549214533974392,0.40609798259929625
354.0,0.5007149671563851,0.09318704190294545,0.051176527822532465,0.35492146311813694,0.40609799094066934
355.0,0.5007149658765165,0.09318703520581449,0.05117652650346841,0.3549214724142004,0.40609799891766885
356.0,0.5007149646525391,0.09318702880125058,0.05117652524203231,0.35492148130417817,0.4060980065462105
357.0,0.5007149634820123,0.09318702267647332,0.05117652403570646,0.3549214898058079,0.4060980138415144
358.0,0.5007149623626026,0.09318701681926073,0.051176522882083256,0.3549214979360534,0.4060980208181366
359.0,0.5007149612920785,0.09318701121792454,0.0511765217788602,0.35492150571113673,0.4060980274899969
360.0,0.5007149602683052,0.09318700586128716,0.05117652072383542,0.3549215131465721,0.4060980338704075
361.0,0.5007149592892417,0.09318700073865917,0.05117651971490322,0.35492152025719576,0.406098039972099
362.0,0.5007149583529359,0.09318699583981808,0.05117651875004991,0.35492152705719604,0.40609804580724596
363.0,0.5007149574575207,0.09318699115498799,0.051176517827349756,0.35492153356014156,0.4060980513874913
364.0,0.5007149566012108,0.09318698667481992,0.05117651694496117,0.35492153977900803,0.40609805672396926
365.0,0.5007149557822986,0.09318698239037339,0.05117651610112301,0.35492154572620493,0.40609806182732794
366.0,0.5007149549991512,0.09318697829309841,0.05117651529415109,0.3549215514135994,0.40609806670775045
367.0,0.5007149542502068,0.09318697437481842,0.05117651452243477,0.35492155685253995,0.4060980713749747
368.0,0.5007149535339722,0.09318697062771407,0.05117651378443379,0.35492156205388004,0.4060980758383138
369.0,0.5007149528490187,0.09318696704430761,0.051176513078675205,0.35492156702799865,0.4060980801066738
370.0,0.5007149521939804,0.09318696361744788,0.051176512403750374,0.35492157178482137,0.40609808418857174
371.0,0.5007149515675512,0.09318696034029614,0.05117651175831223,0.35492157633384047,0.4060980880921527
372.0,0.5007149509684815,0.09318695720631237,0.05117651114107255,0.3549215806841335,0.40609809182520606
373.0,0.5007149503955769,0.09318695420924225,0.05117651055079939,0.3549215848443814,0.4060980953951808
374.0,0.5007149498476946,0.09318695134310463,0.051176509986314594,0.3549215888228861,0.40609809880920067
375.0,0.5007149493237417,0.09318694860217971,0.051176509446491554,0.3549215926275869,0.4060981020740784
376.0,0.5007149488226738,0.09318694598099747,0.05117650893025281,0.354921596266076,0.4060981051963288
377.0,0.5007149483434908,0.0931869434743269,0.051176508436568,0.3549215997456144,0.4060981081821824
378.0,0.5007149478852372,0.09318694107716542,0.05117650796445175,0.35492160307314546,0.4060981110375972
379.0,0.5007149474469993,0.0931869387847291,0.0511765075129618,0.3549216062553098,0.4060981137682716
380.0,0.5007149470279026,0.09318693659244291,0.05117650708119701,0.3549216092984575,0.4060981163796545
381.0,0.5007149466271114,0.09318693449593168,0.05117650666829559,0.3549216122086615,0.406098118876957
