Generation,xOC,xOB,xMMd,xMMr,total xMM
0.0,0.26666666666666666,0.4,0.26666666666666666,0.06666666666666667,0.3333333333333333
0.5084745762711864,0.3909031084149033,0.3280972467545695,0.2247917341485347,0.056207910681992566,0.2809996448305273
1.0169491525423728,0.45010051063110684,0.2899104295755917,0.2085010321092765,0.05148802768402502,0.2599890597933015
1.5254237288135593,0.48298148685724446,0.2655239365717952,0.2024370026148127,0.04905757395614768,0.2514945765709604
2.0338983050847457,0.5032997442189261,0.24785800454406468,0.2011553103716835,0.04768694086532576,0.24884225123700926
2.542372881355932,0.5170029496139719,0.23387151489024738,0.2022811415171419,0.04684439397863886,0.2491255354957808
3.0508474576271185,0.5269650413988681,0.22210731119370813,0.20465273159381872,0.04627491581360499,0.2509276474074237
3.559322033898305,0.5346718222343205,0.21181509447566746,0.20766382041233994,0.04584926287767213,0.25351308329001204
4.067796610169491,0.5409274540570851,0.2025857805595029,0.2109865874553997,0.04550017792801237,0.25648676538341203
4.576271186440678,0.5461835529910967,0.19418345193424488,0.21444058610751515,0.045192408967143265,0.2596329950746584
5.084745762711864,0.5507031882368547,0.18646324533697295,0.21792592045865883,0.044907645967513454,0.2628335664261723
5.59322033898305,0.5546461713435811,0.1793296474726566,0.2213875402143005,0.04463664096946192,0.26602418118376236
6.101694915254237,0.5581146359191349,0.17271476735598076,0.22479560806684076,0.04437498865804346,0.2691705967248842
6.610169491525424,0.5611778360923615,0.16656680478975378,0.22813451929199785,0.044120839825886764,0.2722553591178846
7.11864406779661,0.5638858192034449,0.16084382781809647,0.23139669615270556,0.04387365682575307,0.27527035297845864
7.627118644067796,0.5662770484691466,0.155510353297661,0.23457906031852063,0.043633537914671665,0.27821259823319233
8.135593220338983,0.5683827015709986,0.1505354224967492,0.23768102180435943,0.043400854127892574,0.28108187593225203
8.64406779661017,0.5702291281702223,0.14589148138496638,0.24070333224338217,0.04317605820142924,0.2838793904448114
9.152542372881356,0.571839282956394,0.14155369775383647,0.243647431511767,0.04295958777800257,0.28660701928976956
9.661016949152541,0.5732335789512811,0.13749952033617327,0.2465150802160782,0.042751820496467335,0.28926690071254557
10.169491525423728,0.5744304196316796,0.13370837183140713,0.24930815223393957,0.042553056302973825,0.2918612085369134
10.677966101694915,0.575446539786015,0.13016142134937023,0.25202852414559307,0.04236351471902178,0.2943920388646149
11.1864406779661,0.5762972444397684,0.1268414026368995,0.2546780141642796,0.04218333875905245,0.2968613529233321
11.694915254237287,0.576996578288342,0.12373246362162994,0.2572583555149411,0.042012602575087,0.29927095809002807
12.203389830508474,0.5775574582291382,0.12082003634461433,0.25977118534882393,0.041851320077423634,0.3016225054262476
12.711864406779661,0.5779917817520857,0.11809072146126172,0.2622180433951125,0.041699453391540096,0.3039174967866526
13.220338983050848,0.5783105171223714,0.11553218583041458,0.2646003759443654,0.04155692110284863,0.30615729704721406
13.728813559322033,0.5785237846980366,0.11313306845281887,0.2669195416725881,0.04142360517655644,0.30834314684914454
14.23728813559322,0.5786409291443242,0.11088289399329901,0.26917682023431805,0.04129935662805896,0.31047617686237705
14.745762711864407,0.5786705657128839,0.10877200522929917,0.2713734246795484,0.0411840043782685,0.3125574290578169
15.254237288135592,0.5786206580628231,0.10679148304554158,0.2735105023106573,0.041077356580977956,0.3145878588916353
15.762711864406779,0.5784985721263061,0.10493308364515087,0.27558913929635576,0.0409792049321875,0.31656834422854324
16.271186440677965,0.5783111087066223,0.1031891857282285,0.2776103755067691,0.04088933005838012,0.3184997055651492
16.779661016949152,0.5780645418717097,0.10155273698535033,0.27957521659618,0.04080750454675978,0.32038272114293975
17.28813559322034,0.5777646809197488,0.10001720195999879,0.2814846234761827,0.04073349364406962,0.32221811712025233
17.796610169491526,0.5774168978706281,0.09857652007163462,0.28333952387880157,0.040667058178935636,0.3240065820577372
18.305084745762713,0.5770261476164166,0.09722506839236758,0.28514082643982414,0.04060795755139167,0.3257487839912158
18.813559322033896,0.5765970124621022,0.09595762246254237,0.2868894150718138,0.04055595000354158,0.3274453650753554
19.322033898305083,0.5761337305693202,0.09476932311070344,0.2885861525047738,0.04051079381520255,0.3290969463199764
19.83050847457627,0.5756402158990777,0.09365564756295071,0.2902318876064,0.04047224893157173,0.33070413653797176
20.338983050847457,0.5751200842003353,0.09261238135197396,0.2918274569258872,0.04044007752180357,0.3322675344476908
20.847457627118644,0.5745766749407225,0.09163559333516587,0.29337368699135413,0.040414044732757504,0.33378773172411164
21.35593220338983,0.5740130714773093,0.09072161283259027,0.29487139643374033,0.04039391925636013,0.3352653156901005
21.864406779661017,0.5734321194133257,0.08986700879154116,0.2963213980041898,0.04037947379094336,0.33670087179513314
22.3728813559322,0.5728364437147621,0.08906857077178139,0.29772450008645124,0.04037048542700538,0.3380949855134566
22.881355932203387,0.572228463064308,0.08832329132685085,0.2990815100375193,0.040366735571321886,0.33944824560884124
23.389830508474574,0.5716104096545472,0.08762835034687869,0.3003932292608831,0.04036801073769101,0.34076123999857416
23.89830508474576,0.5709843377978875,0.0869811005043292,0.3016604593838789,0.04037410231390447,0.34203456169778335
24.406779661016948,0.5703521353704066,0.08637905421192463,0.30288400364546725,0.040384806772201576,0.3432688104176688
24.915254237288135,0.5697155350756465,0.08581987171641701,0.30406466726809156,0.04039992593984484,0.3444645932079364
25.423728813559322,0.569076130974717,0.0853013489880494,0.30520325354149924,0.04041926649573437,0.34562252003723365
25.93220338983051,0.5684353887007922,0.08482140754394799,0.3063005638102519,0.04044263994500797,0.34674320375525985
26.440677966101696,0.5677946481896234,0.08437808617454469,0.30735740252992855,0.04046986310590333,0.3478272656358319
26.94915254237288,0.567155129273866,0.08396953295759453,0.30837457941079016,0.04050075835774922,0.3488753377685394
27.457627118644066,0.5665179522806495,0.08359399526420284,0.3093529000135177,0.040535152441630015,0.34988805245514765
27.966101694915253,0.565884135679398,0.08324981429094518,0.3102931727624598,0.04057287726719696,0.3508660500296568
28.47457627118644,0.5652546065526595,0.0829354178679857,0.3111962060677618,0.04061376951159304,0.3518099755793549
28.983050847457626,0.5646302059360745,0.08264931461183282,0.3120628088378324,0.04065767061426052,0.3527204794520929
29.491525423728813,0.5640116952020959,0.08239008832729865,0.31289378982301336,0.04070442664759197,0.35359821647060535
30.0,0.5633997616028036,0.0821563929299607,0.3136899572392436,0.04075388822799212,0.3544438454672357
30.0,0.5633997616028036,0.0821563929299607,0.3136899572392436,0.04075388822799212,0.3544438454672357
31.11111111111111,0.5441073887524905,0.0964542238665261,0.3114742257634003,0.04796416161758308,0.3594383873809834
32.22222222222222,0.5351390317169328,0.10960739482759058,0.3005400139335345,0.05471355952194203,0.3552535734554766
33.333333333333336,0.5296198413823366,0.12249255330183516,0.2863595831060618,0.06152802220976639,0.3478876053158282
34.44444444444444,0.524800980344705,0.13541743464848127,0.2711394398839624,0.06864214512285134,0.3397815850068137
35.55555555555556,0.5197035635051045,0.1483877229775262,0.255772219117443,0.07613649439992631,0.33190871351736934
36.666666666666664,0.5140447141200667,0.1612694124302732,0.240667495386109,0.08401837806355121,0.3246858734496602
37.77777777777778,0.50781374811475,0.17387085597772736,0.22605544998794566,0.0922599459195769,0.31831539590752256
38.888888888888886,0.5011098853330453,0.1859849971678829,0.21208962471062892,0.10081549278844285,0.3129051174990718
40.0,0.4940772157285123,0.19741338675828451,0.19887960982540495,0.10962978768779821,0.30850939751320317
40.0,0.4940772157285123,0.19741338675828451,0.19887960982540495,0.10962978768779821,0.30850939751320317
41.111111111111114,0.5181917983222988,0.17693249058771995,0.20347836115916418,0.10139734993081696,0.3048757110899811
42.22222222222222,0.5321584921518926,0.1617488959880903,0.21074661511397738,0.09534599674603968,0.30609261186001707
43.333333333333336,0.5420534628279029,0.14938975590806053,0.21831625015148712,0.0902405311125493,0.3085567812640364
44.44444444444444,0.5496573370292732,0.13900548217895353,0.22559216975319277,0.08574501103858062,0.3113371807917734
45.55555555555556,0.555642857839769,0.130174878390436,0.2324436978175056,0.0817385659522894,0.314182263769795
46.666666666666664,0.5603592178456634,0.12262097884662164,0.23886415233366515,0.07815565097404971,0.31701980330771484
47.77777777777778,0.564040659668737,0.1161343802920584,0.24487765772144887,0.07494730231775565,0.3198249600392045
48.888888888888886,0.5668668248550018,0.11054796332776778,0.2505134953010568,0.07207171651617349,0.3225852118172303
50.0,0.5689831353109096,0.10572557285074906,0.25579936615987553,0.06949192567846578,0.3252912918383413
50.0,0.5689831353109096,0.10572557285074906,0.25579936615987553,0.06949192567846578,0.3252912918383413
51.111111111111114,0.5499006055124536,0.120740300305995,0.24992847190562362,0.07943062227592775,0.3293590941815514
52.22222222222222,0.5388609076439397,0.1340084004324807,0.23871600787164407,0.08841468405193548,0.3271306919235796
53.333333333333336,0.5304108363356649,0.14647961698447873,0.225917078667856,0.09719246801200036,0.32310954667985636
54.44444444444444,0.5225493309893273,0.15844487940422028,0.2129549440114719,0.10605084559498054,0.31900578960645243
55.55555555555556,0.514659741964069,0.16990021257603785,0.20037539072247562,0.11506465473741741,0.315440045459893
56.666666666666664,0.5066364169206535,0.1807335355831742,0.18840869390579643,0.12422135359037591,0.31263004749617235
57.77777777777778,0.4985522133213358,0.19080842403940956,0.1771645171255767,0.13347484551367794,0.3106393626392546
58.888888888888886,0.4905341420956564,0.20000065059898908,0.16669722881281904,0.14276797849253556,0.30946520730535465
60.0,0.4827155155606848,0.20821377174500266,0.15702857678491525,0.15204213590939716,0.3090707126943124
60.0,0.4827155155606848,0.20821377174500266,0.15702857678491525,0.15204213590939716,0.3090707126943124
61.111111111111114,0.5114535187508893,0.1829951633036695,0.16804361295429654,0.13750770499114465,0.30555131794544116
62.22222222222222,0.531203557759207,0.16355593437806748,0.1794002678398228,0.1258402400229027,0.30524050786272555
63.333333333333336,0.5460053941644641,0.14787942444540916,0.19015763523444631,0.11595754615568045,0.3061151813901267
64.44444444444444,0.5573615799994173,0.13502468322633532,0.20014940435779394,0.10746433241645353,0.3076137367742474
65.55555555555556,0.5660797672241416,0.12439172153513137,0.20939977449920588,0.10012873674152122,0.30952851124072706
66.66666666666667,0.5727116465405293,0.11554157756873598,0.2179736163794257,0.09377315951130903,0.3117467758907347
67.77777777777777,0.5776750319649316,0.10813725637498454,0.22593759527876403,0.08825011638131981,0.3141877116600838
68.88888888888889,0.5812982524874791,0.10191537618022353,0.2333509782875364,0.08343539304476097,0.31678637133229737
70.0,0.5838428682079982,0.09666816745817855,0.24026446121469197,0.07922450311913111,0.31948896433382307
70.0,0.5838428682079982,0.09666816745817855,0.24026446121469197,0.07922450311913111,0.31948896433382307
71.11111111111111,0.5653163465244715,0.11022163183040207,0.23467678895654137,0.08978523268858511,0.3244620216451265
72.22222222222223,0.5538590429705034,0.12236798493497913,0.22448457433411162,0.09928839776040593,0.32377297209451755
73.33333333333333,0.5446651448299141,0.13389537693063083,0.21292410852122876,0.10851536971822631,0.32143947823945507
74.44444444444444,0.5359847558763303,0.1450349449770576,0.2012217121473444,0.11775858699926757,0.31898029914661197
75.55555555555556,0.5272888296976076,0.1557698633498469,0.18985057134933633,0.12709073560320916,0.3169413069525455
76.66666666666667,0.5184994057477652,0.16599199354566208,0.1790127632337758,0.13649583747279695,0.3155086007065727
77.77777777777777,0.5096958204087694,0.17557242988641478,0.1688064602932207,0.1459252894115952,0.3147317497048159
78.88888888888889,0.5010041072469144,0.18439274425473456,0.15928204010240096,0.1553211083959501,0.3146031484983511
80.0,0.4925540778200574,0.19235870543737255,0.15046152295447354,0.1646256937880966,0.3150872167425702
80.0,0.4925540778200574,0.19235870543737255,0.15046152295447354,0.1646256937880966,0.3150872167425702
81.11111111111111,0.5209692069384108,0.16873321827692347,0.1627066524097481,0.1475909223749177,0.3102975747846658
82.22222222222223,0.5409122007690578,0.1504398098143111,0.17481192639208917,0.13383606302454196,0.30864798941663113
83.33333333333333,0.55578815444048,0.1357645375441101,0.1861451120790555,0.12230219593635433,0.3084473080154098
84.44444444444444,0.5670313492118548,0.12382093697564073,0.19662912138232208,0.11251859243018227,0.30914771381250433
85.55555555555556,0.5754899910617568,0.11401758686582134,0.2063185840810778,0.10417383799134426,0.31049242207242206
86.66666666666667,0.5817651423453201,0.10591860207826828,0.21529134983306583,0.09702490574334584,0.3123162555764117
87.77777777777777,0.5863136234500212,0.09919142667061855,0.22362108711457557,0.09087386276478461,0.31449494987936016
88.88888888888889,0.5894914593397481,0.09357863788210777,0.23137156151422306,0.085558341263921,0.31692990277814403
90.0,0.5915790858281463,0.08887914112181963,0.23859665942406816,0.08094511362596593,0.3195417730500341
90.0,0.5915790858281463,0.08887914112181963,0.23859665942406816,0.08094511362596593,0.3195417730500341
91.11111111111111,0.5732819979348579,0.10170723758861988,0.23338780958042596,0.0916229548960963,0.3250107644765222
92.22222222222223,0.5618309196632737,0.11334836198795271,0.22359414683639295,0.10122657151238076,0.3248207183487737
93.33333333333333,0.5525551746743979,0.12451065908541703,0.21239096946742592,0.11054319677275912,0.32293416624018506
94.44444444444444,0.5437434129166486,0.1353985857669115,0.20098992798296048,0.11986807333347942,0.3208580013164399
95.55555555555556,0.5348744274694098,0.1459879103516105,0.18986317776045253,0.12927448441852732,0.3191376621789798
96.66666666666667,0.5258709608607467,0.1561672588644389,0.17921598912685968,0.13874579114795488,0.3179617802748146
97.77777777777777,0.5168131600048399,0.16580314780500113,0.16915151112333535,0.1482321810668235,0.31738369219015883
98.88888888888889,0.5078297903644411,0.1747697546539011,0.15972608196994462,0.1576743730117132,0.3174004549816578
100.0,0.49905538307011027,0.18296278127128085,0.1509681725299655,0.16701366312864352,0.31798183565860905
100.0,0.49905538307011027,0.18296278127128085,0.1509681725299655,0.16701366312864352,0.31798183565860905
101.11111111111111,0.5266792449798755,0.16071323019458292,0.16325085376734802,0.14935667105819347,0.31260752482554155
102.22222222222223,0.5460028180056947,0.14349548220973896,0.17535644714477,0.13514525263979627,0.31050169978456627
103.33333333333333,0.5603375429947433,0.12969841032511847,0.1866837492778289,0.12328029740230932,0.3099640466801382
104.44444444444444,0.5710992445657697,0.11848193123672063,0.19716347615197347,0.11325534804553623,0.3104188241975097
105.55555555555556,0.5791301888002904,0.109285150268128,0.20685185576654191,0.10473280516503967,0.3115846609315816
106.66666666666667,0.5850266414175782,0.10169546868311308,0.21582657659434407,0.09745131330496468,0.3132778898993087
107.77777777777777,0.5892403479898227,0.09539876904334388,0.2241606669981683,0.09120021596866497,0.3153608829668333
108.88888888888889,0.5921222239143978,0.09015232648550739,0.2319171754230137,0.08580827417708112,0.3177254496000948
110.0,0.5939478770001968,0.08576677543636486,0.23914932767760175,0.08113601988583662,0.32028534756343835
110.0,0.5939478770001968,0.08576677543636486,0.23914932767760175,0.08113601988583662,0.32028534756343835
111.11111111111111,0.5757114928298807,0.09835561084650601,0.23409570375048028,0.0918371925731331,0.32593289632361333
112.22222222222223,0.5643053705070458,0.10983643486905705,0.22440173985303305,0.101456454770864,0.32585819462389704
113.33333333333333,0.5550623763200694,0.12089189969838285,0.21326042867759534,0.11078529530395237,0.32404572398154774
114.44444444444444,0.5462661545965447,0.13171852671903492,0.20189380416031383,0.12012151452410656,0.32201531868442035
115.55555555555556,0.5373911105820115,0.1422897731483252,0.1907796522296013,0.129539464040062,0.3203191162696633
116.66666666666667,0.5283577368601255,0.1524926649800219,0.18012691311788848,0.13902268504196413,0.31914959815985255
117.77777777777777,0.519245930483045,0.1621911732204259,0.17004181206752847,0.14852108422900065,0.3185628962965291
118.88888888888889,0.5101858113571237,0.17125565620368915,0.16058363495852945,0.15797489748065763,0.3185585324391871
120.0,0.5013144671739762,0.17957691493102992,0.1517837289679384,0.16732488892705544,0.31910861789499384
120.0,0.5013144671739762,0.17957691493102992,0.1517837289679384,0.16732488892705544,0.31910861789499384
121.11111111111111,0.5285859428340014,0.1578873263346893,0.16397794539614266,0.14954878543516653,0.3135267308313092
122.22222222222223,0.5475939476501707,0.14111494079284936,0.17601983313007516,0.13527127842690484,0.31129111155698
123.33333333333333,0.5616622278561927,0.12767533909434955,0.18729537612479916,0.12336705692465864,0.3106624330494578
124.44444444444444,0.5722033529223808,0.11674768166303179,0.19773106607200794,0.11331789934257949,0.3110489654145874
125.55555555555556,0.5800527556734064,0.10778595905757271,0.20738123182692944,0.10478005344209156,0.312161285269021
126.66666666666667,0.585799815380569,0.10038911981339053,0.21632239063803244,0.09748867416800797,0.31381106480604043
127.77777777777777,0.5898902926400574,0.09425196374832014,0.22462670361621748,0.09123103999540495,0.31585774361162244
128.88888888888889,0.5926701643879728,0.08913864188903199,0.23235653357102026,0.08583466015197488,0.31819119372299515
130.0,0.5944110469877927,0.0848651004052063,0.23956455658244577,0.08115929602455518,0.3207238526070009
130.0,0.5944110469877927,0.0848651004052063,0.23956455658244577,0.08115929602455518,0.3207238526070009
131.11111111111111,0.5761845812641648,0.0973972946114677,0.2345511525860015,0.09186697153836587,0.3264181241243674
132.22222222222223,0.564799850837419,0.10884276739711633,0.22486897036852865,0.101488411396936,0.32635738176546464
133.33333333333334,0.5555796228212097,0.11987783285390864,0.21372500411466924,0.11081754021021259,0.32454254432488183
134.44444444444446,0.5468018452614045,0.13069707975144174,0.20234760102301216,0.12015347396414158,0.32250107498715375
135.55555555555554,0.5379382293164038,0.1412732929205779,0.19121734252170797,0.12957113524131042,0.3207884777630184
136.66666666666666,0.5289082253385072,0.151492880441247,0.18054464263846678,0.13905425158177886,0.3195988942202457
137.77777777777777,0.5197916325874699,0.16121887793607645,0.17043675664241775,0.14855273283403578,0.31898948947645356
138.88888888888889,0.5107190644304089,0.17032034637522578,0.1609538512688801,0.15800673792548525,0.3189605891943653
140.0,0.5018284882230155,0.17868650736410738,0.15212807672897946,0.16735692768389765,0.3194850044128771
140.0,0.5018284882230155,0.17868650736410738,0.15212807672897946,0.16735692768389765,0.3194850044128771
141.11111111111111,0.5290008705373439,0.15715980159667464,0.16427702736190122,0.14956230050408026,0.3138393278659815
142.22222222222223,0.5479125075142168,0.14051814904408877,0.176288604346732,0.13528073909496238,0.3115693434416944
143.33333333333334,0.5619009653175403,0.1271821692540537,0.18753999910378785,0.12337686632461818,0.310916865428406
144.44444444444446,0.5723788710533579,0.11633676175352184,0.19795502776837368,0.11332933942474646,0.31128436719312014
145.55555555555554,0.5801789477029196,0.10744074951542167,0.20758698928349684,0.10479331349816201,0.31238030278165885
146.66666666666666,0.5858877331594845,0.10009684988790248,0.21651186836373226,0.09750354858888072,0.314015416952613
147.77777777777777,0.5899485905399217,0.09400273239071656,0.22480147791624583,0.09124719915311591,0.31604867706936174
148.88888888888889,0.5927055937992073,0.08892472057996166,0.232517923943834,0.08585176167699703,0.31836968562083107
150.0,0.5944288783243329,0.08468040820663246,0.23971368415164124,0.08117702931739332,0.3208907134690345
150.0,0.5944288783243329,0.08468040820663246,0.23971368415164124,0.08117702931739332,0.3208907134690345
151.11111111111111,0.5762021563105028,0.0972050767997731,0.23470543067622107,0.09188733621350315,0.3265927668897242
152.22222222222223,0.5648237594287461,0.10864698235721447,0.22501979652207832,0.10150946169196112,0.32652925821403944
153.33333333333334,0.5556113913450037,0.11968135805730977,0.21386889123663083,0.11083835936105581,0.3247072505976866
154.44444444444446,0.5468407729909148,0.13050244422371654,0.20248314749290675,0.12017363529246185,0.3226567827853686
155.55555555555554,0.5379827564353428,0.14108284970842272,0.1913439757426466,0.1295904181135879,0.3209343938562345
156.66666666666666,0.5289565282060155,0.1513087904138698,0.180662163873041,0.13907251750707378,0.3197346813801148
157.77777777777777,0.5198418949013304,0.16104304627215835,0.17054518288115844,0.1485698759453528,0.3191150588265112
158.88888888888889,0.5107696141380712,0.17015436279172352,0.16105335571932164,0.1580226673508836,0.3190760230702052
160.0,0.5018778715368422,0.17853160745722224,0.15221895776957745,0.16737156323635807,0.31959052100593555
160.0,0.5018778715368422,0.17853160745722224,0.15221895776957745,0.16737156323635807,0.31959052100593555
161.11111111111111,0.5290337248131595,0.15703806120735228,0.164354386599835,0.14957382737965327,0.3139282139794883
162.22222222222223,0.5479270740813212,0.14042319512354362,0.1763572595580298,0.13529247123710522,0.311649730795135
163.33333333333334,0.5619008366560898,0.12710805186136445,0.18760178675228162,0.12338932473026407,0.3109911114825457
164.44444444444446,0.5723679280974372,0.11627876792193899,0.1980109068543254,0.11334239712629844,0.31135330398062383
165.55555555555554,0.580160380932913,0.10739529028457358,0.20763760470635712,0.10480672407615627,0.3124443287825134
166.66666666666666,0.5858639874587952,0.1000612123075995,0.21655771872650056,0.09751708150710484,0.31407480023360546
167.77777777777777,0.5899214962477216,0.09397485899158024,0.2248429747758513,0.09126066998484696,0.31610364476069824
168.88888888888889,0.5926765089779217,0.08890303965585052,0.23255541861109513,0.08586503275513263,0.31842045136622776
170.0,0.59439880579766,0.08466370850109692,0.23974748314245214,0.0811900025587909,0.32093748570124303
170.0,0.59439880579766,0.08466370850109692,0.23974748314245214,0.0811900025587909,0.32093748570124303
171.11111111111111,0.5761712349130589,0.09718923555146183,0.23473809232889667,0.09190143720658264,0.32663952953547926
172.22222222222223,0.5647940265858651,0.10863221524411759,0.22504976757338882,0.1015239905966284,0.3265737581700172
173.33333333333334,0.5555833933898868,0.11966784286933436,0.21389580460199492,0.110852959138784,0.32474876374077893
174.44444444444446,0.5468145137255959,0.13049033115472564,0.20250706403057922,0.12018809108909924,0.32269515511967845
175.55555555555554,0.537958077727183,0.1410722517015246,0.191365099793187,0.1296045707781053,0.32096967057129233
176.66666666666666,0.5289332455750935,0.15129977651519363,0.1806807448438458,0.13908623306586698,0.31976697790971276
177.77777777777777,0.5198198425562175,0.1610356402516982,0.17056148000861007,0.14858303718347413,0.31914451719208425
178.88888888888889,0.5107486575355047,0.170148545957653,0.1610676234517741,0.15803517305506823,0.3191027965068423
180.0,0.5018579080030298,0.1785273242844554,0.1522314382448578,0.16738332946765697,0.3196147677125148
180.0,0.5018579080030298,0.1785273242844554,0.1522314382448578,0.16738332946765697,0.3196147677125148
181.11111111111111,0.5290144379721581,0.15703668256688624,0.1643645106989505,0.14958436876200504,0.31394887946095557
182.22222222222223,0.5479074640063627,0.1404241706229535,0.1763659596749247,0.1353024056957592,0.3116683653706839
183.33333333333334,0.5618811744334125,0.1271107061611908,0.18760937884847456,0.12339874055692215,0.3110081194053967
184.44444444444446,0.5723486058444475,0.11628256906652279,0.1980175333052809,0.11335129178374877,0.3113688250890297
185.55555555555554,0.5801416994415446,0.10739985526476314,0.20764335198315817,0.10481509331053407,0.31245844529369227
186.66666666666666,0.5858461430295321,0.10006627190453828,0.21656265179420509,0.09752493327172458,0.31408758506592965
187.77777777777777,0.589904603825121,0.09398022488562846,0.22484714850783113,0.09126802278141953,0.31611517128925065
188.88888888888889,0.5926606260124041,0.08890857992792407,0.23255888227908067,0.08587191178059106,0.3184307940596718
190.0,0.5943839505855864,0.08466933042619644,0.23975028252005018,0.08119643646816706,0.3209467189882172
190.0,0.5943839505855864,0.08466933042619644,0.23975028252005018,0.08119643646816706,0.3209467189882172
191.11111111111111,0.5761560553931127,0.09719572712407774,0.23473991620195353,0.09190830128085592,0.3266482174828095
192.22222222222223,0.5647788830859064,0.10863939868688977,0.22505063777586057,0.1015310804513433,0.3265817182272039
193.33333333333334,0.5555683932266914,0.11967559153398236,0.21389585352775434,0.11086016171157204,0.32475601523932635
194.44444444444446,0.5467997061302428,0.13049852632977846,0.20250644263610879,0.1201953249038701,0.32270176753997887
195.55555555555554,0.5379435123116422,0.14108076910192405,0.19136395355556438,0.1296117650308693,0.32097571858643364
196.66666666666666,0.528918983978305,0.15130848629312,0.18067920733691442,0.13909332239166064,0.31977252972857506
197.77777777777777,0.519805956069952,0.1610444119758029,0.17055967030106545,0.14858996165317964,0.31914963195424506
198.88888888888889,0.5107352211931377,0.17015725473936108,0.16106564459222283,0.15804187947527834,0.3191075240675012
200.0,0.5018449944748156,0.17853585633544736,0.15222937657135915,0.1673897726183779,0.3196191491897371
200.0,0.5018449944748156,0.17853585633544736,0.15222937657135915,0.1673897726183779,0.3196191491897371
201.11111111111111,0.5290031908048722,0.15704417208176902,0.16436253170750625,0.14959010540585255,0.3139526371133588
202.22222222222223,0.5478975912399645,0.140430801774756,0.17636407429244785,0.1353075326928317,0.31167160698527957
203.33333333333334,0.561872501275118,0.1271166042795479,0.1876075732441644,0.12340332120116958,0.31101089444533403
204.44444444444446,0.5723409859280856,0.11628783842683417,0.19801579001704023,0.11335538562803996,0.3113711756450802
205.55555555555554,0.5801350024580361,0.10740458514470505,0.207641655111128,0.10481875728613085,0.31246041239725886
206.66666666666666,0.5858402537286655,0.10007053820276028,0.2165609882430196,0.09752821982555453,0.31408920806857415
207.77777777777777,0.5898994215405954,0.09398409155560267,0.22484550809515746,0.0912709788086445,0.31611648690380195
208.88888888888889,0.5926560635274928,0.0889121005679046,0.23255725748015604,0.08587457842444655,0.3184318359046026
210.0,0.594379932616445,0.08467254985953297,0.23974866809965428,0.08119884942436773,0.320947517524022
210.0,0.594379932616445,0.08467254985953297,0.23974866809965428,0.08119884942436773,0.320947517524022
211.11111111111111,0.5761519767942395,0.09719921560439762,0.23473795312433027,0.09191085447703277,0.32664880760136306
212.22222222222223,0.564774729252906,0.10864307593893788,0.22504846869610667,0.10153372611204955,0.32658219480815626
213.33333333333334,0.5555641620864855,0.11967939642457533,0.21389357070927334,0.11086287077966588,0.32475644148893923
214.44444444444446,0.5467954158825734,0.13050240089626827,0.202504110253533,0.12019807296762555,0.3227021832211585
215.55555555555554,0.5379391955642774,0.1410846549872056,0.19136162087430797,0.12961452857420888,0.3209761494485169
216.66666666666666,0.5289146815103597,0.15131232583139417,0.18067691417534396,0.13909607848290215,0.31977299265824616
217.77777777777777,0.5198017119440935,0.16104815062076178,0.17055744888471974,0.14859268855042487,0.31915013743514464
218.88888888888889,0.5107310790128284,0.17016084351207558,0.16106352015242675,0.1580445573226692,0.3191080774750959
220.0,0.5018409945485196,0.17853925375602986,0.15222736771068976,0.16739238398476075,0.3196197516954505
220.0,0.5018409945485196,0.17853925375602986,0.15222736771068976,0.16739238398476075,0.3196197516954505
221.11111111111111,0.5289998710249149,0.15704698796854355,0.16436076449131937,0.14959237651522211,0.3139531410065415
222.22222222222223,0.5478949099129607,0.14043313384199752,0.17636247231742852,0.13530948392761322,0.31167195624504174
223.33333333333334,0.56187035828681,0.12711854487718344,0.18760610264035657,0.12340499419564999,0.3110110968360066
224.44444444444446,0.5723392829539978,0.11628946382354985,0.1980144304352087,0.11335682278724364,0.3113712532224523
225.55555555555554,0.5801336559718591,0.10740595591779932,0.20764039180642682,0.10481999630391471,0.3124603881103415
226.66666666666666,0.5858391957723249,0.10007170193652073,0.21655980963368976,0.09752929265746464,0.3140891022911544
227.77777777777777,0.5898985975566345,0.0939850856042988,0.22484440481500784,0.09127191202405885,0.3161163168390667
228.88888888888889,0.5926554298211854,0.08891295436726261,0.23255622187077565,0.08587539394077648,0.31843161581155216
230.0,0.5943794541174409,0.08467328674217194,0.2397476938595096,0.0811995652808776,0.3209472591403872
