Generation,xOC,xOB,xMMd,xMMr,total_MM
0.0,0.3,0.2,0.2,0.3,0.5
0.5172413793103449,0.4151671160375491,0.15928369997823538,0.19125487728014592,0.23429430670406964,0.4255491839842156
1.0344827586206897,0.4925191388573414,0.12813410331877048,0.1919516372210338,0.18739512060285443,0.37934675782388827
1.5517241379310347,0.5393784043477129,0.1051319874339281,0.2017499742209255,0.15373963399743348,0.35548960821835895
2.0689655172413794,0.5665293243420548,0.08732602336561222,0.21858165500010815,0.12756299729222476,0.34614465229233293
2.586206896551724,0.5814619917858308,0.0726855518900999,0.24039039639705123,0.10546205992701793,0.34585245632406914
3.1034482758620694,0.5887489857536674,0.06011357595329309,0.26525967383415,0.08587776445888955,0.35113743829303956
3.620689655172414,0.5911926927817458,0.04910894173502628,0.291347308394047,0.06835105708918082,0.3596983654832278
4.137931034482759,0.5906088318647622,0.03949305021963293,0.31694306599432814,0.05295505192127668,0.36989811791560484
4.655172413793104,0.5882560869373524,0.03122350234119732,0.34062628940249023,0.039894121318959815,0.38052041072145004
5.172413793103448,0.5850395593483595,0.02427745735986271,0.361419657460681,0.029263325831096684,0.3906829832917777
5.689655172413794,0.5815960607852704,0.018593105744290805,0.37884968960993115,0.020961143860507684,0.39981083347043883
6.206896551724139,0.578336560660965,0.01405634140488321,0.39289098134326966,0.014716116590882152,0.40760709793415184
6.724137931034483,0.5754860097024718,0.010514590712633462,0.403833793906128,0.010165605678766796,0.4139993995848948
7.241379310344828,0.5731303959354401,0.007799891774423561,0.4121357030051269,0.0069340092850094385,0.41906971229013634
7.758620689655173,0.5712650208150748,0.005749251741212578,0.4183011310706501,0.004684596373062478,0.42298572744371254
8.275862068965518,0.5698356154223003,0.00421753072514912,0.42280439640458084,0.0031424574479697654,0.4259468538525506
8.793103448275863,0.5687680321511825,0.0030830306643346386,0.4260518792675196,0.0020970579169632664,0.4281489371844828
9.310344827586208,0.5679866042309938,0.0022479578180991133,0.4283712376088484,0.0013942003420587894,0.42976543795090716
9.827586206896552,0.567423661682818,0.0016360661048182765,0.4300158308734608,0.0009244413389030442,0.43094027221236386
10.344827586206897,0.5670231809222157,0.0011891695923380886,0.43117584857987007,0.000611800905576303,0.43178764948544635
10.862068965517242,0.5667410923556364,0.0008635395524692136,0.43199101493518505,0.00040435315670951557,0.43239536809189455
11.379310344827587,0.5665439429255643,0.0006266636485496,0.43256239762788445,0.0002669957980017489,0.4328293934258862
11.896551724137932,0.5664069968904758,0.00045455339182552706,0.4329622671662158,0.00017618255148296592,0.4331384497176987
12.413793103448278,0.5663123189683769,0.0003296046531534849,0.43324187188624724,0.00011620449222257016,0.4333580763784698
12.931034482758621,0.5662470975061483,0.00023894701819018088,0.43343733531943474,7.66201562269416e-05,0.4335139554756617
13.448275862068966,0.5662022869446195,0.00017319664203822063,0.4335740076970695,5.050871627313457e-05,0.43362451641334265
13.965517241379311,0.5661715559449421,0.00012552294140935993,0.43366963190770597,3.328920594279788e-05,0.4337029211136488
14.482758620689657,0.5661505080521014,9.096478190396027e-05,0.43373658890931405,2.1938256680846624e-05,0.4337585271659949
15.0,0.566136101766728,6.591726552028118e-05,0.4337835241764561,1.4456791295800255e-05,0.4337979809677519
15.0,0.566136101766728,6.591726552028118e-05,0.4337835241764561,1.4456791295800255e-05,0.4337979809677519
16.142857142857142,0.8149062100515144,9.728911956909057e-05,0.18497556088381553,2.0939945101220728e-05,0.18499650082891675
17.285714285714285,0.8821059067152256,0.00020299643317817984,0.11764058884935781,5.0508002238996096e-05,0.1176910968515968
18.428571428571427,0.9100510085633341,0.0004968336574642036,0.08930134115975961,0.0001508166194433642,0.08945215777920298
19.57142857142857,0.9241343123154497,0.001318232673376097,0.07404680410817217,0.0005006509030051349,0.07454745501117731
20.714285714285715,0.9303839986242268,0.0036485803270769864,0.06420969435313789,0.0017577266955662789,0.06596742104870416
21.857142857142858,0.9274979421927444,0.010197558093351275,0.05602644017338406,0.006278059540540677,0.06230449971392474
23.0,0.9055030213177729,0.02719368033012842,0.045865204973823785,0.021438093378325578,0.06730329835214936
23.0,0.9055030213177729,0.02719368033012842,0.045865204973823785,0.021438093378325578,0.06730329835214936
24.142857142857142,0.7565618747724707,0.04338121872242974,0.15929852349291465,0.04075838301227154,0.2000569065051862
25.285714285714285,0.6469951112786295,0.03727112133283676,0.28009552257269993,0.035638244815935874,0.3157337673886358
26.428571428571427,0.5996904535848893,0.02356511579513811,0.3562684830413929,0.02047594757868166,0.37674443062007457
27.57142857142857,0.5805554546808169,0.013017616996992462,0.39675295357764545,0.009673974744639775,0.4064269283222852
28.714285714285715,0.5724201655915403,0.006751744042438545,0.4166611694950998,0.004166920871006072,0.42082809036610586
29.857142857142858,0.5688612892757415,0.0033992889628708493,0.4260205876898608,0.001718834071601465,0.42773942176146224
31.0,0.567300972478322,0.0016878848850675726,0.43031609169213986,0.0006950509445359202,0.4310111426366758
31.0,0.567300972478322,0.0016878848850675726,0.43031609169213986,0.0006950509445359202,0.4310111426366758
32.142857142857146,0.8135062911862596,0.0024895506936197806,0.18299671121153205,0.0010074469087183928,0.18400415812025045
33.285714285714285,0.8775758727168824,0.005150835765183809,0.1148640513542681,0.0024092401639504097,0.11727329151821851
34.42857142857143,0.8970504481151562,0.012245358952947809,0.08372775127651734,0.00697644165604672,0.09070419293256406
35.57142857142857,0.8875998059421406,0.029707160352557,0.06162136541379244,0.02107166829308281,0.08269303370687525
36.714285714285715,0.8395651189051712,0.06433904824006786,0.03887817844558286,0.05721765441259664,0.09609583285817949
37.857142857142854,0.7568997559957104,0.1068167963119596,0.01742862621994099,0.11885482147866301,0.136283447698604
39.0,0.6810821965848385,0.13126986857418782,0.005336357460559821,0.1823115773901086,0.1876479348506684
39.0,0.6810821965848385,0.13126986857418782,0.005336357460559821,0.1823115773901086,0.1876479348506684
40.142857142857146,0.6355673545319165,0.12980892738292493,0.009421686472421928,0.22520203162614036,0.23462371809856228
41.285714285714285,0.618664248587451,0.11522452922702099,0.014775023002335828,0.25133619920086964,0.2661112222032055
42.42857142857143,0.6142056889700134,0.09647033494719766,0.022025893623662807,0.26729808248178927,0.2893239761054521
43.57142857142857,0.614509686201593,0.07771643128318155,0.032059031817145,0.2757148507265009,0.3077738825436459
44.714285714285715,0.616432272790697,0.060795641132485354,0.046059221675552105,0.2767128644362229,0.322772086111775
45.857142857142854,0.6187438556861149,0.04641616971675755,0.06564442738566115,0.2691955472537029,0.3348399746393641
47.0,0.6208193387760454,0.03467054038533343,0.09299288944406066,0.2515172314446904,0.34451012088875105
47.0,0.6208193387760454,0.03467054038533343,0.09299288944406066,0.2515172314446904,0.34451012088875105
48.142857142857146,0.6558190753823441,0.03079151172427785,0.021213105744889264,0.29217630721607596,0.31338941296096523
49.285714285714285,0.6391104155748135,0.025230761382988045,0.004442922787747663,0.33121590033904313,0.3356588231267908
50.42857142857143,0.6256419541973082,0.019129592421087683,0.0008545369935056578,0.3543739164895613,0.355228453483067
51.57142857142857,0.6192403179212295,0.013895881754788604,0.00015712724538653278,0.3667066731978096,0.3668638004431961
52.714285714285715,0.6166421080028868,0.009877601121259908,2.8292004366005983e-05,0.37345199901010423,0.3734802910144702
53.857142857142854,0.6156459027515855,0.006940973741522886,5.04305983619567e-06,0.3774080806072872,0.3774131236671234
55.0,0.6152668026035992,0.004845189728299931,8.941785601500806e-07,0.37988711367408656,0.3798880078526467
