Generation,xOC,xOB,xMM
0.0,0.75,0.2,0.05
0.30303030303030304,0.7132012191540346,0.22879167948512374,0.05800710136084183
0.6060606060606061,0.6800406431104882,0.2550752178747855,0.06488413901472648
0.9090909090909092,0.6510671145486526,0.2785285651345165,0.07040432031683104
1.2121212121212122,0.6262542167708733,0.29921566181540604,0.07453012141372073
1.5151515151515151,0.6052344674201238,0.3174168354883527,0.07734869709152357
1.8181818181818183,0.5874892430021443,0.3334991572625636,0.07901159973529207
2.121212121212121,0.5724710718133579,0.347837098365773,0.07969182982086923
2.4242424242424243,0.5596693782909155,0.3607722840677593,0.07955833764132543
2.7272727272727275,0.5486388580858482,0.37259774319920486,0.0787633987149472
3.0303030303030303,0.5390064770775237,0.3835554674826705,0.07743805543980617
3.3333333333333335,0.5304676915773502,0.39384027594194637,0.075692032480704
3.6363636363636367,0.5227782116197698,0.4036060106291846,0.07361577775104633
3.9393939393939394,0.5157446176067736,0.4129721010981964,0.07128328129503093
4.242424242424242,0.5092153600413648,0.4220296539268987,0.0687549860317376
4.545454545454546,0.5030728551274358,0.43084671572746597,0.06608042914509941
4.848484848484849,0.49722681977519523,0.4394726840625482,0.06330049616225804
5.151515151515151,0.49160878912488126,0.4479419446920093,0.06044926618311107
5.454545454545455,0.48616769030849377,0.45627683802220526,0.057555471669302895
5.757575757575758,0.4808662817667497,0.4644900873345152,0.05464363089873739
6.0606060606060606,0.47567830494613045,0.47258679157029115,0.05173490348358102
6.363636363636364,0.4705861879147212,0.4805660825829566,0.048847729502325354
6.666666666666667,0.46557922882601865,0.4884224906322749,0.04599828054171011
6.96969696969697,0.460652096712796,0.49614711672607603,0.04320078656113222
7.272727272727273,0.4558036224312269,0.5037286221747783,0.04046775539399983
7.575757575757576,0.451035804947239,0.5111540763456615,0.03781011870710555
7.878787878787879,0.4463529836108267,0.5184096885090085,0.035237327880171886
8.181818181818182,0.4417611440898938,0.5254814371609826,0.03275741874913197
8.484848484848484,0.43726735258863425,0.5323555939678205,0.03037705344355529
8.787878787878789,0.43287926130967047,0.5390191766295527,0.028101562060788673
9.090909090909092,0.4286047045962641,0.5454603122786665,0.02593498312508342
9.393939393939394,0.4244513662232257,0.5516685219197272,0.023880111857063815
9.696969696969697,0.4204265049990512,0.5576349347257015,0.021938560275267197
10.0,0.41653673462422713,0.5633524372594572,0.02011082811633934
10.303030303030303,0.41278785889338526,0.5688157543146518,0.018396386791991112
10.606060606060606,0.4091847533054155,0.5740214726530732,0.0167937740415449
10.90909090909091,0.40573128589396285,0.5789680165170105,0.015300697589066702
11.212121212121213,0.4024302770041927,0.5836555792638214,0.013914143732033625
11.515151515151516,0.3992834883046698,0.5880860234562522,0.01263048823913495
11.818181818181818,0.396291641868464,0.5922627500359868,0.011445608095617196
12.121212121212121,0.3934544646229806,0.5961905455209833,0.010354989856117248
12.424242424242424,0.3907707465814355,0.5998754213026953,0.009353832115966073
12.727272727272728,0.38823841094902806,0.6033244471783844,0.008437141872703348
13.030303030303031,0.3858546077661391,0.6065455706558922,0.007599821578107051
13.333333333333334,0.3836157995240163,0.6095474570369356,0.006836743439213506
13.636363636363637,0.38151785232515023,0.6123393266415144,0.006142821033533234
13.93939393939394,0.3795561332018576,0.6149308040999084,0.005513062698470631
14.242424242424242,0.3777256005143192,0.6173317817842926,0.00494261770167133
14.545454545454547,0.37602089360629254,0.6195522887213294,0.00442681767271678
14.84848484848485,0.37443641410076095,0.6216023859408775,0.003961199958766871
15.151515151515152,0.3729664024207872,0.6234920669355626,0.0035415306441353915
15.454545454545455,0.37160501010554325,0.6252311700980873,0.003163819796950332
15.757575757575758,0.3703463585761343,0.6268293165551501,0.002824324869411213
16.060606060606062,0.3691845964253298,0.6282958471686956,0.002519556406807548
16.363636363636363,0.3681139476882569,0.6296397766140761,0.0022462756986645145
16.666666666666668,0.36712874857561933,0.6308697636940077,0.002001487731567879
16.96969696969697,0.36622349072145205,0.6319940713997284,0.00178243788025109
17.272727272727273,0.3653928367903445,0.633020567428171,0.0015865957831997046
17.575757575757578,0.36463164448457897,0.6339567125995729,0.0014116429179033651
17.87878787878788,0.36393499298085835,0.6348095346705752,0.0012554723510292288
18.181818181818183,0.36329818246501616,0.6355856538995571,0.0011161636383782713
18.484848484848484,0.3627167506930034,0.6362912724969844,0.0009919768135498851
18.78787878787879,0.36218647258821013,0.6369321924311909,0.0008813349848391727
19.09090909090909,0.36170336689932553,0.637513819750266,0.0007828133554912083
19.393939393939394,0.36126368984499707,0.6380411838656173,0.0006951262954786904
19.6969696969697,0.36086392925352645,0.638518953289798,0.0006171174639798438
20.0,0.3605008015641175,0.6389514514206676,0.0005477470239719209
20.303030303030305,0.36017124755606456,0.6393426714153682,0.00048608103906623936
20.606060606060606,0.35987242140647235,0.6396962964541707,0.0004312821519448717
20.90909090909091,0.3596016836553646,0.6400157158261954,0.00038260053353312624
21.21212121212121,0.35935658812215115,0.6403040465681153,0.0003393653278310223
21.515151515151516,0.35913487436254576,0.6405641487826615,0.00030097687649328957
21.81818181818182,0.3589344585896287,0.6407986419092707,0.00026689952712211285
22.12121212121212,0.35875342152185485,0.6410099230657018,0.00023665544364710023
22.424242424242426,0.358589999027221,0.6412001825435683,0.00020981846662949287
22.727272727272727,0.3584425720003486,0.6413714193053411,0.00018600873918275685
23.03030303030303,0.35830965698310263,0.6415254550064693,0.00016488806423990492
23.333333333333336,0.3581898961650933,0.6416639486704591,0.00014615522898129248
23.636363636363637,0.3580820487917219,0.6417884091039673,0.00012954218170394563
23.93939393939394,0.35798498319252775,0.6419002059090342,0.00011481099125401552
24.242424242424242,0.35789766692346403,0.6420005834893616,0.00010174969848827376
24.545454545454547,0.3578191605914493,0.6420906693704089,9.01701716416713e-05
24.848484848484848,0.3577486097002627,0.6421714852502083,7.990520963719655e-05
25.151515151515152,0.35768523704121147,0.6422439570552182,7.080609559300591e-05
25.454545454545457,0.35762833539664884,0.6423089245397289,6.27402939357699e-05
25.757575757575758,0.3575772686948617,0.6423671397620333,5.55918193383123e-05
26.060606060606062,0.3575314570089455,0.642419286712114,4.9256610255549155e-05
26.363636363636363,0.3574903761755153,0.6424659818193329,4.364240252446786e-05
26.666666666666668,0.35745355152159597,0.6425077816667761,3.8667288237641885e-05
26.96969696969697,0.3574205543229883,0.6425451876264627,3.425862219091482e-05
27.272727272727273,0.35739099733518526,0.6425786512674356,3.035208301253471e-05
27.575757575757578,0.35736453139184804,0.6426085786925712,2.6890737908976525e-05
27.87878787878788,0.3573408391689884,0.6426353382945459,2.3823522807238543e-05
28.181818181818183,0.35731963820050455,0.6426592570005737,2.1105981955265725e-05
28.484848484848484,0.3573006727393534,0.6426806302460012,1.8698433596976157e-05
28.78787878787879,0.3572837113527349,0.6426997249083618,1.6565440878506755e-05
29.090909090909093,0.35726854744891134,0.6427167787319815,1.467586035975265e-05
29.393939393939394,0.3572549963027391,0.6427320037137875,1.30024316126212e-05
29.6969696969697,0.3572428881583868,0.6427455947557403,1.1520022063412725e-05
30.0,0.35723206700262583,0.6427577310798243,1.0205439090596375e-05
