Generation,xOC,xOB,xMM
0.0,0.2,0.5,0.3
1.002004008016032,0.19381881977176438,0.45493765358361593,0.3512435266446197
2.004008016032064,0.18986992797831004,0.40258408033479476,0.40754599168689515
3.006012024048096,0.18675734858134804,0.34947378838877274,0.46376886302987913
4.008016032064128,0.18267038819260484,0.3020278652011029,0.5153017466062921
5.0100200400801596,0.17667615452674174,0.262977151007765,0.5603466944654932
6.012024048096192,0.16882123859218676,0.23185211946300344,0.5993266419448098
7.014028056112224,0.1595890788907171,0.2070430423479311,0.6333678787613517
8.016032064128256,0.14952596437307084,0.18697404623872735,0.6634999893882018
9.018036072144287,0.1391059583543864,0.1704242359779391,0.6904698056676745
10.020040080160319,0.1287038443536926,0.1565184585778985,0.714777697068409
11.02204408817635,0.11860048520430269,0.14464442210873507,0.7367550926869623
12.024048096192384,0.10899470106718444,0.1343738223167782,0.7566314766160375
13.026052104208416,0.1000155529282461,0.12540260269647185,0.7745818443752819
14.028056112224448,0.09173443336838172,0.11750921651157072,0.7907563501200472
15.03006012024048,0.08417708142285417,0.11052668142358893,0.8052962371535568
16.03206412825651,0.0773351798298485,0.10432448890136244,0.818340331268789
17.034068136272545,0.07117690228154205,0.09879722792094783,0.8300258697975103
18.036072144288575,0.06565582707811558,0.09385750578428521,0.840486667137599
19.03807615230461,0.06071792842137266,0.0894315288287234,0.8498505427499039
20.040080160320638,0.05630666406363098,0.08545623557436947,0.858237100361999
21.04208416833667,0.052366408330700824,0.08187734996420974,0.8657562417050904
22.0440881763527,0.04884456390359759,0.07864793238604129,0.8725075037103603
23.046092184368735,0.045692710246339016,0.0757272535069261,0.8785800362467362
24.04809619238477,0.04286708797730213,0.07307988217614007,0.8840530298465541
25.0501002004008,0.04032866319463464,0.07067492255660521,0.8889964142487554
26.052104208416832,0.03804292588935577,0.06848537878532303,0.8934716953253257
27.054108216432862,0.03597955637119384,0.06648761461780148,0.8975328290110124
28.056112224448896,0.034112027764802766,0.06466089746049808,0.9012270747746929
29.058116232464926,0.032417193521167155,0.06298701077281994,0.9045957957060143
30.06012024048096,0.030874886917059013,0.06144992308577384,0.9076751899971792
31.06212424849699,0.029467548865577828,0.06003550546170794,0.9104969456727079
32.06412825651302,0.02817989044512242,0.05873128814500188,0.9130888214098661
33.06613226452905,0.026998591665356744,0.05752625074231487,0.9154751575923461
34.06813627254509,0.02591203552400954,0.056410640944585054,0.9176773235314483
35.07014028056112,0.024910080338569767,0.05537581542431851,0.9197141042370621
36.07214428857715,0.0239838536466456,0.054414104773733526,0.9216020415794526
37.07414829659318,0.023125582524335015,0.05351869236356775,0.9233557251119894
38.07615230460922,0.022328442782225517,0.05268351149432508,0.9249880457234597
39.07815631262525,0.021586431572064295,0.051903154078781016,0.9265104143492041
40.080160320641276,0.0208942566093051,0.05117279142044761,0.9279329519701612
41.08216432865731,0.020247242031524917,0.05048810530720674,0.9292646526610874
42.08416833667334,0.019641247008982513,0.049845227227646775,0.9305135257634168
43.08617234468937,0.019072596404307415,0.049240686020025654,0.9316867175758206
44.0881763527054,0.018538020908933122,0.04867136155084292,0.9327906175402273
45.09018036072144,0.018034605304585827,0.04813444422238268,0.9338309504728586
46.09218436873747,0.01755974469093597,0.047627399958297914,0.9348128553506257
47.0941883767535,0.017111106520729558,0.04714793933772937,0.9357409541418003
48.09619238476954,0.016686596238854306,0.0466939897198757,0.9366194140419896
49.09819639278557,0.016284328579108272,0.046263671332901185,0.9374520000886706
50.1002004008016,0.015902606893685035,0.04585527851888282,0.9382421145877479
51.10220440881763,0.015539895459932158,0.04546725794727717,0.9389928465924633
52.104208416833664,0.015194806492825577,0.04509819546580922,0.939706998040321
53.106212424849694,0.014866080248209708,0.04474679976918935,0.9403871199813887
54.108216432865724,0.01455257165800823,0.04441189023969441,0.941035538101905
55.110220440881754,0.014253239319820964,0.044092386535732345,0.941654374145218
56.11222444889779,0.013967131813800725,0.04378729705357322,0.9422455711335076
57.11422845691382,0.01369338114404414,0.04349571198556422,0.9428109068704362
58.11623246492985,0.013431191919240887,0.043216794009842636,0.9433520140700333
59.11823647294589,0.013179835149460478,0.042949772097320545,0.9438703927518648
60.12024048096192,0.012938641423416318,0.042693935132292166,0.9443674234431763
61.12224448897795,0.012706994510714375,0.04244862601360931,0.9448443794758156
62.12424849699398,0.012484327284582415,0.04221323744211966,0.9453024352750965
63.126252505010015,0.012270115956079113,0.04198720666364258,0.9457426773820427
64.12825651302605,0.012063876835935149,0.04177001209434215,0.9461661110695624
65.13026052104208,0.011865162233894057,0.041561169419772725,0.9465736683442965
66.1322645290581,0.011673557458731845,0.04136022857880289,0.946966213959302
67.13426853707413,0.011488677957624939,0.04116677090808802,0.9473445511295384
68.13627254509018,0.011310165697081244,0.04098040577622492,0.9477094285225346
69.13827655310621,0.011137687195403765,0.04080076851523924,0.948061544291554
70.14028056112224,0.010970933586748534,0.04062751995183603,0.9484015464729275
71.14228456913827,0.010809615959931476,0.04046034236427324,0.9487300416965176
72.1442885771543,0.010653464022488467,0.04029893801725655,0.9490475979841186
73.14629258517033,0.010502226072492595,0.0401430287714276,0.9493547451767713
74.14829659318636,0.010355666500066392,0.03999235376971985,0.9496519797429736
75.1503006012024,0.010213564087590913,0.03984666777587206,0.9499397681406637
76.15230460921843,0.010075711646109351,0.039705740622699603,0.9502185477290754
77.15430861723446,0.009941915137492104,0.039569356258881166,0.9504887285976915
78.1563126252505,0.009811991848025546,0.039437311022755876,0.9507506971242693
79.15831663326652,0.009685769865250419,0.039309413018965414,0.9510048171179749
80.16032064128255,0.009563087816709923,0.03918548174594415,0.9512514304514162
81.16232464929858,0.009443793458495019,0.03906534673261687,0.951490859833971
82.16432865731463,0.00932774311635959,0.03894884692568108,0.9517234099822798
83.16633266533066,0.009214801419310524,0.03883583033648243,0.9519493682561881
84.16833667334669,0.009104840481919388,0.0387261532193231,0.9521690062916784
85.17034068136272,0.00899773929618611,0.03861967943687999,0.9523825812462445
86.17234468937875,0.00889338345462495,0.03851628013140917,0.9525903363922582
87.17434869739478,0.008791664748645017,0.0384158332877856,0.9527925019493174
88.1763527054108,0.008692480558166125,0.038318223107109424,0.9529892963337409
89.17835671342685,0.008595733568197084,0.03822333968676472,0.9531809267562728
90.18036072144288,0.008501331554880073,0.0381310787679301,0.9533675897008523
91.18236472945891,0.008409186898948815,0.038041341234216645,0.9535494718971718
92.18436873747494,0.008319216329390167,0.03795403282652026,0.9537267508667856
93.18637274549097,0.008231340846189157,0.03786906403248298,0.9538995951234278
94.188376753507,0.008145485235441055,0.037786349588382395,0.9540681651462474
95.19038076152303,0.008061577801424313,0.037705808190390155,0.9542326139387716
96.19238476953907,0.007979550124611262,0.037627362232391076,0.9543930875373822
97.1943887775551,0.007899336821084853,0.037550937546921716,0.9545497255123294
98.19639278557113,0.007820876129645214,0.03747646394245623,0.9547026598096041
99.19839679358716,0.007744109075682378,0.03740387437530046,0.9548520164423048
100.2004008016032,0.007668979129067857,0.03733310459713938,0.9549979161912024
101.20240480961922,0.007595432192439363,0.03726409312097336,0.9551404746422458
102.20440881763525,0.007523416411287992,0.03719678101703955,0.9552798025800289
103.20641282565128,0.007452882587659014,0.03713111229684022,0.9554160051880956
104.20841683366733,0.007383783733273082,0.03706703346088894,0.9555491829478537
105.21042084168336,0.007316074663069243,0.03700449308653012,0.9556794324567558
106.21242484969939,0.007249712048346958,0.036943441863492445,0.9558068463379756
107.21442885771542,0.007184654281944588,0.03688383244718566,0.9559315135206025
108.21643286573145,0.007120861654760574,0.036825619624136705,0.9560535189234634
109.21843687374748,0.00705829620839378,0.036768760153841,0.9561729437586236
110.22044088176351,0.0069969213739118,0.03671321239707276,0.9562898662441911
111.22244488977955,0.00693670201902889,0.03665893635333829,0.9564043615355198
112.22444889779558,0.0068776043556999095,0.036605893559041106,0.9565165019239014
113.22645290581161,0.006819595987180283,0.03655404712756304,0.9566263567113836
114.22845691382764,0.0067626458936450775,0.03650336172732748,0.9567339922280345
115.23046092184367,0.006706724150873486,0.03645380328925545,0.9568394724686233
116.2324649298597,0.006651801960061436,0.036405339030274216,0.9569428590060357
117.23446893787573,0.0065978515837216275,0.03635793738176447,0.9570442111218002
118.23647294589178,0.006544846338121318,0.03631156797682256,0.9571435858468396
119.2384769539078,0.006492760608267546,0.03626620166109556,0.9572410379658505
120.24048096192384,0.006441569660207789,0.03622181029379721,0.9573366203396297
121.24248496993987,0.0063912496459677505,0.03617836674850678,0.9574303839241335
122.2444889779559,0.006341777557719307,0.036135844861526704,0.9575223778691578
123.24649298597193,0.006293131209371267,0.036094219409570985,0.9576126495687728
124.24849699398796,0.0062452892640577065,0.036053466136363704,0.9577012446316575
125.250501002004,0.006198231092662138,0.03601356159984724,0.9577882071476204
126.25250501002003,0.0061519367724081385,0.035974483168350196,0.9578735797095107
127.25450901803606,0.006106387055528744,0.03593620898509471,0.9579574034882553
128.2565130260521,0.006061563344451959,0.03589871793893298,0.9580397182632463
129.25851703406812,0.006017447712461626,0.035861989681420264,0.9581205622655974
130.26052104208415,0.005974022805546676,0.0358260045234953,0.9581999725212599
131.26252505010018,0.005931271841588695,0.03579074343200365,0.9582779848161834
132.2645290581162,0.00588917858254589,0.035756187997430605,0.9583546337305348
133.26653306613224,0.005847727313204008,0.035722320409728586,0.9584299526931375
134.26853707414827,0.0058069028504414005,0.035689123470557166,0.9585039741197106
135.2705410821643,0.0057666904912344425,0.035656580532446344,0.9585767293766592
136.27254509018036,0.005727075995573269,0.03562467547961709,0.9586482488410335
137.2745490981964,0.005688045570790897,0.03559339271017839,0.9587185619489329
138.27655310621242,0.005649585857065636,0.035562717117796114,0.958787697163135
139.27855711422845,0.005611683904921597,0.03553263406781405,0.958855682085183
140.28056112224448,0.005574327158331356,0.035503129377689735,0.9589225434804853
141.2825651302605,0.0055375034406875455,0.03547418930049086,0.958988307295442
142.28456913827654,0.005501200953905381,0.03544580052209757,0.9590529986353082
143.28657314629257,0.005465408250522304,0.035417950130702654,0.9591166418352117
144.2885771543086,0.005430114223459276,0.0353906256045427,0.9591792604702842
145.29058116232463,0.005395308094320708,0.03536381479862719,0.9592408773925093
146.29258517034066,0.0053609793946221415,0.03533750592633877,0.9593015148958647
147.2945891783567,0.00532711796260924,0.03531168755255546,0.9593611945986197
148.29659318637272,0.005293713931586652,0.03528634858103313,0.9594199375011896
149.29859719438875,0.005260757718109912,0.03526147824086523,0.9594777640117815
150.3006012024048,0.00522824000452717,0.03523706606426168,0.9595346938862387
151.30260521042084,0.005196151738327495,0.03521310188810521,0.9595907463361052
152.30460921843687,0.005164484121654263,0.03518957584130593,0.9596459400255282
153.3066132264529,0.005133228601350665,0.03516647833321443,0.9597002930862816
154.30861723446893,0.005102376855857623,0.035143800039175915,0.9597538231690624
155.31062124248496,0.0050719207930396484,0.03512153189717747,0.959806547417486
156.312625250501,0.0050418525415749284,0.035099665098058834,0.9598584824912926
157.31462925851702,0.005012164441947612,0.03507819107533788,0.9599096445934969
158.31663326653305,0.004982849039696396,0.03505710149846618,0.9599600495272512
159.31863727454908,0.004953899075858329,0.035036388260646534,0.9600097126682965
160.3206412825651,0.004925307486671883,0.035016043479033795,0.9600586489902652
161.32264529058114,0.0048970673936257056,0.03499605948304629,0.9601068730753662
162.32464929859717,0.004869172094184598,0.03497642880237422,0.9601543990763212
163.3266533066132,0.004841615059122047,0.034957144164852225,0.9602012407648713
164.32865731462925,0.004814389927502229,0.03493819849128043,0.9602474115688707
165.33066132264528,0.00478749050118336,0.03491958488923848,0.9602929245907368
166.3326653306613,0.0047609107385617085,0.034901296645285025,0.96033779259528
167.33466933867734,0.004734644750145028,0.034883327219614346,0.9603820280082842
168.33667334669337,0.0047086867927065455,0.03486567023970686,0.9604256429465005
169.3386773547094,0.004683031265826201,0.03484831949623314,0.9604686492205512
170.34068136272543,0.004657672707739146,0.03483126893819725,0.9605110583409076
171.34268537074146,0.004632605789221519,0.034814512665940066,0.960552881533183
172.3446893787575,0.004607825311910611,0.03479804492932087,0.9605941297469685
173.34669338677352,0.0045833262023446475,0.034781860120758505,0.9606348136649465
174.34869739478955,0.00455910350855354,0.03476595277127125,0.9606749437089912
175.35070140280558,0.004535152398539561,0.03475031754870467,0.9607145300425723
176.3527054108216,0.004511468151787473,0.034734949247988624,0.9607535825910674
177.35470941883764,0.004488046157712967,0.03471984278936471,0.9607921110457914
178.3567134268537,0.004464881913766282,0.03470499321614873,0.9608301248659297
179.35871743486973,0.004441971025154465,0.03469039569441828,0.9608676332794704
180.36072144288576,0.004419309204644721,0.03467604551279166,0.9609046452838663
181.3627254509018,0.004396892268739573,0.03466193807802418,0.9609411696545008
182.36472945891782,0.004374716088446716,0.034648068858328225,0.9609772150536715
183.36673346693385,0.004352776648189804,0.034634433451198765,0.961012789900177
184.36873747494988,0.004331070044066956,0.03462102758140837,0.9610479023731717
185.3707414829659,0.004309592472988784,0.034607847088501495,0.9610825604362118
186.37274549098194,0.004288340228997565,0.03459488792255348,0.9611167718451812
187.37474949899797,0.004267309608991017,0.034582146035546185,0.961150544351304
188.376753507014,0.004246497006743176,0.03456961748969811,0.9611838854986824
189.37875751503003,0.004225898931576037,0.03455729847897779,0.9612168025840888
190.38076152304606,0.00420551198036194,0.03454518529684508,0.9612493027172558
191.3827655310621,0.004185332836428673,0.034533274334989865,0.9612813928232302
192.38476953907815,0.0041653581923323,0.0345215619943638,0.9613130798084099
193.38677354709418,0.00414558480860833,0.0345100447528636,0.9613443704342304
194.3887775551102,0.004126009552947631,0.03449871921046294,0.9613752712329364
195.39078156312624,0.004106629368825637,0.0344875820530723,0.9614057885750293
196.39278557114227,0.004087441329137481,0.034476630114275195,0.9614359285537213
197.3947895791583,0.0040684423292017225,0.03446586002196277,0.9614656976462932
198.39679358717433,0.00404962956339894,0.034455268746964585,0.9614951016872787
199.39879759519036,0.004031000199956722,0.0344448532287126,0.9615241465690707
200.4008016032064,0.0040125514789222895,0.034434610488011816,0.9615528380308599
201.40280561122242,0.003994280710220681,0.03442453762480509,0.9615811816628181
202.40480961923845,0.00397618521703908,0.034414631753066756,0.9616091830277449
203.40681362725448,0.003958262346326849,0.03440489001287483,0.96163684763852
204.4088176352705,0.003940509556388034,0.03439530967113437,0.9616641807699282
205.41082164328654,0.003922924360678378,0.03438588805694568,0.961691187579419
206.41282565130257,0.0039055043252465586,0.0343766225586597,0.9617178731126153
207.41482965931863,0.0038882470663781895,0.034367510621166636,0.9617442423083865
208.41683366733466,0.0038711502482398287,0.03435854974318459,0.9617703000039216
209.4188376753507,0.003854211580522978,0.03434973747454815,0.9617960509398025
210.42084168336672,0.0038374288160880894,0.03434107141349699,0.9618214997650762
211.42284569138275,0.003820799748608571,0.034332549203964495,0.9618466510423292
212.42484969939878,0.0038043222162170887,0.034324168540029884,0.9618715092393636
213.4268537074148,0.003787994108496519,0.03431592717436203,0.9618960787134102
214.42885771543084,0.0037718133379320146,0.03430782288424902,0.9619203637746567
215.43086172344687,0.0037557778488779146,0.034299853482400215,0.9619443686660497
216.4328657314629,0.0037398856162199874,0.03429201681545005,0.961968097566096
217.43486973947893,0.0037241346431024177,0.03428431076134574,0.9619915545937501
218.43687374749496,0.003708522958654801,0.03427673322673489,0.9620147438133021
219.438877755511,0.0036930486157191324,0.03426928214435318,0.9620376692392657
220.44088176352702,0.003677709688576796,0.03426195547041197,0.9620603348412657
221.44288577154308,0.0036625042706755592,0.034254751181985996,0.9620827445489266
222.4448897795591,0.0036474305089604264,0.03424766731651538,0.9621049021779632
223.44689378757514,0.003632486819972235,0.03424070222043962,0.9621268109649871
224.44889779559117,0.003617671512495307,0.03423385411503964,0.9621484743798165
225.4509018036072,0.0036029828838333414,0.034227121207210366,0.9621698959182216
226.45290581162322,0.0035884192599118475,0.034220501735603225,0.9621910790155908
227.45490981963925,0.0035739789941733767,0.03421399396935792,0.9622120270493048
228.45691382765528,0.0035596604664727555,0.03420759620683419,0.9622327433411092
229.45891783567131,0.0035454620819723157,0.03420130677434355,0.9622532311594875
230.46092184368734,0.0035313822700371272,0.03419512402488111,0.962273493722034
231.46292585170337,0.003517419483130228,0.03418904633685728,0.962293534197827
232.4649298597194,0.003503572198238979,0.03418307211577064,0.9623133557043337
233.46693386773543,0.0034898389812178,0.03417719986898687,0.9623329611683927
234.46893787575146,0.0034762184063628645,0.03417142811230347,0.962352353499948
235.47094188376752,0.0034627090485557462,0.03416575536083646,0.9623715356090082
236.47294589178355,0.0034493095060640967,0.034160180155529234,0.9623905103563755
237.47494989979958,0.003436018399767333,0.03415470106226832,0.9624092805553037
238.4769539078156,0.0034228343723823286,0.03414931667099913,0.9624278489731585
239.47895791583164,0.003409756087689104,0.03414402559484169,0.9624462183330756
240.48096192384767,0.0033967822297565173,0.03413882646920637,0.9624643913156208
241.4829659318637,0.0033839115021679507,0.03413371795090968,0.9624823705604479
242.48496993987973,0.0033711426272470426,0.03412869871728997,0.9625001586679591
243.48697394789576,0.0033584743743518136,0.03412376749887815,0.9625177581382516
244.4889779559118,0.0033459055437494055,0.03411892306079316,0.9625351714058955
245.49098196392782,0.003333434932493043,0.03411416416336189,0.9625524009135373
246.49298597194385,0.0033210613566185426,0.03410948958775112,0.9625694490640033
247.49498997995988,0.003308783650562454,0.0341048981353054,0.9625863182215427
248.4969939879759,0.003296600666580203,0.03410038862688495,0.9626030107130725
249.49899799599197,0.0032845112741642325,0.034095959902203564,0.9626195288294206
250.501002004008,0.0032725143594621434,0.03409161081916649,0.9626358748265701
251.50300601202403,0.003260608824694837,0.03408734025320835,0.9626520509269034
252.50501002004006,0.003248793587574656,0.034083147096631024,0.9626680593204456
253.5070140280561,0.0032370675930820064,0.03407903027207168,0.9626839021395759
254.50901803607212,0.0032254298246166273,0.03407498874525584,0.9626995814350805
255.51102204408815,0.003213879260576641,0.03407102147535492,0.9627150992693704
256.5130260521042,0.003202414893961511,0.034067127437402596,0.9627304576743895
257.51503006012024,0.003191035732950334,0.03406330562295911,0.9627456586503674
258.51703406813624,0.0031797408004633496,0.03405955503961315,0.9627607041667563
259.5190380761523,0.003168529133723435,0.03405587471048361,0.9627755961631659
260.5210420841683,0.0031573997838176136,0.03405226367372142,0.9627903365503006
261.52304609218436,0.003146351815258554,0.03404872098201135,0.9628049272108953
262.52505010020036,0.0031353843055460765,0.034045245702073845,0.9628193700006511
263.5270541082164,0.0031244963519400696,0.03404183692252254,0.962833666733665
264.5290581162324,0.003113687099343823,0.03403849378618211,0.9628478191224616
265.5310621242485,0.003102955679123941,0.03403521541920984,0.9628618289095492
266.5330661322645,0.003092301229924763,0.03403200095522284,0.9628756978226523
267.53507014028054,0.0030817229024422466,0.03402884954083934,0.9628894275644397
268.53707414829654,0.003071219859032678,0.03402576033523519,0.9629030198133597
269.5390781563126,0.003060791273321372,0.03402273250970038,0.9629164762244734
270.5410821643286,0.003050436329811385,0.03401976524719553,0.9629297984302907
271.54308617234466,0.003040154223492217,0.0340168577419084,0.9629429880416038
272.5450901803607,0.0030299441594485214,0.0340140091988104,0.9629560466483227
273.5470941883767,0.0030198053524688085,0.03401121883321309,0.9629689758203092
274.5490981963928,0.0030097370266541526,0.03400848587032469,0.9629817771082118
275.5511022044088,0.0029997384150269005,0.034005809544806566,0.9629944520443003
276.55310621242484,0.0029898087591393742,0.03400318910032977,0.9630070021433005
277.55511022044084,0.0029799473086825823,0.0340006237891315,0.9630194289032288
278.5571142284569,0.0029701533210949207,0.03399811287157164,0.9630317338062264
279.5591182364729,0.0029604260754217335,0.033995655632068716,0.9630439182888068
280.56112224448896,0.0029507649516668276,0.03399325147031008,0.9630559835715299
281.56312625250496,0.002941169276776679,0.0339908997242376,0.9630679309895761
282.565130260521,0.002931638369922417,0.033988599722099465,0.9630797618955482
283.567134268537,0.0029221715592846276,0.03398635080174836,0.9630914776234388
284.5691382765531,0.0029127681817832096,0.03398415231033718,0.9631030794892051
285.57114228456913,0.0029034275828072487,0.033982003604014814,0.9631145687913437
286.57314629258514,0.002894149115944882,0.03397990404762192,0.9631259468114649
287.5751503006012,0.0028849321427131622,0.03397785301438664,0.9631372148148671
288.5771543086172,0.0028757760322879293,0.03397584988562044,0.963148374051112
289.57915831663325,0.0028666801612336726,0.033973894050413796,0.9631594257545982
290.58116232464926,0.0028576439132334008,0.033971984905331994,0.963170371145137
291.5831663326653,0.0028486666788185063,0.033970121854110885,0.9631812114285258
292.5851703406813,0.0028397478550986344,0.03396830430735267,0.9631919477971232
293.5871743486974,0.0028308868454915473,0.033966531682221614,0.9632025814304239
294.5891783567134,0.0028220830594529937,0.03396480340213985,0.9632131134956324
295.59118236472943,0.0028133359193610445,0.033963118904680345,0.9632235451328538
296.59318637274544,0.002804644917561889,0.03396147770693234,0.9632338773324169
297.5951903807615,0.0027960095156758674,0.03395987929013661,0.9632441111513982
298.5971943887775,0.0027874291679431005,0.03395832312643894,0.9632542476634128
299.59919839679355,0.0027789033354655014,0.03395680869521322,0.9632642879279837
300.6012024048096,0.002770431486018697,0.03395533548285115,0.9632742329909384
301.6032064128256,0.002762013093863951,0.03395390298255206,0.9632840838848086
302.6052104208417,0.0027536476395600825,0.033952510694112675,0.9632938416292269
303.6072144288577,0.0027453346097753937,0.03395115812371691,0.9633035072313263
304.60921843687373,0.0027370734970995846,0.0339498447837256,0.963313081686137
305.61122244488973,0.0027288637998556823,0.03394857019246633,0.9633225659769855
306.6132264529058,0.002720705021911957,0.03394733387402319,0.963331961075892
307.6152304609218,0.002712596672493848,0.03394613535802655,0.9633412679439692
308.61723446893785,0.0027045382659958836,0.03394497417944283,0.96335048753182
309.61923847695385,0.002696529321793604,0.033943849878364296,0.9633596207799353
310.6212424849699,0.002688569364055481,0.03394276199979882,0.9633686686190932
311.6232464929859,0.0026806579249336604,0.033941710097313005,0.9633776319635317
312.625250501002,0.0026727945840542672,0.03394069377807261,0.9633865116265125
313.62725450901803,0.002664978904796725,0.03393971263017747,0.9633953084565556
314.62925851703403,0.002657210444172241,0.033938766233931494,0.9634040233163155
315.6312625250501,0.0026494887644988433,0.03393785417516162,0.9634126570576138
316.6332665330661,0.002641813433268313,0.0339369760450703,0.9634212105217207
317.63527054108215,0.0026341840230131174,0.03393613144008804,0.9634296845396353
318.63727454909815,0.002626600111173344,0.03393531996172586,0.9634380799323655
319.6392785571142,0.0026190612799636324,0.03393454121642788,0.9634463975112094
320.6412825651302,0.0026115671162401095,0.03393379481542378,0.963454638078035
321.64328657314627,0.002604117211367319,0.03393308037458134,0.9634628024255614
322.64529058116227,0.0025967111610851585,0.03393239751425895,0.9634708913376387
323.64729458917833,0.00258934856537581,0.033931745859158105,0.9634789055895289
324.64929859719433,0.002582029028330675,0.03393112503817595,0.963486845948186
325.6513026052104,0.0025747521580173054,0.03393053468425777,0.9634947131725371
326.6533066132264,0.002567517566346339,0.0339299744342495,0.9635025080137626
327.65531062124245,0.0025603248704492627,0.033929443930455674,0.9635102312123739
328.6573146292585,0.0025531737198284366,0.033928942851288474,0.9635178834406667
329.6593186372745,0.002546063756374923,0.033928470866139426,0.9635254653874634
330.66132264529057,0.002538994616591908,0.03392802763789188,0.9635329777533992
331.66332665330657,0.0025319659411503818,0.03392761283370995,0.9635404212306664
332.6653306613226,0.0025249773747936174,0.03392722612493344,0.9635477965032155
333.66733466933863,0.0025180285662416437,0.033926867186972735,0.9635551042469565
334.6693386773547,0.0025111191680957192,0.03392653569920365,0.9635623451299588
335.6713426853707,0.0025042488367428115,0.033926231344862334,0.9635695198126533
336.67334669338675,0.0024974172322600676,0.03392595381094022,0.9635766289480328
337.67535070140275,0.002490624018319293,0.03392570278807883,0.9635836731818527
338.6773547094188,0.002483868862091424,0.033925477970464725,0.9635906531528324
339.6793587174348,0.002477151434151005,0.03392527905572435,0.963597569492856
340.68136272545087,0.002470471408380662,0.03392510574481898,0.9636044228271731
341.68336673346687,0.002463828461875578,0.03392495774193956,0.9636112137745999
342.6853707414829,0.00245722227484797,0.033924834754401605,0.9636179429477201
343.687374749499,0.002450652531126155,0.033924736493210914,0.9636246109518085
344.689378757515,0.002444118936078881,0.03392466269328731,0.9636312183463209
345.69138276553105,0.0024376211927358625,0.03392461308652799,0.9636377656961888
346.69338677354705,0.002431158999862232,0.03392458739963785,0.9636442535759511
347.6953907815631,0.0024247320595254425,0.03392458536266866,0.9636506825534952
348.6973947895791,0.0024183400770249404,0.03392460670894241,0.9636570531902032
349.69939879759517,0.002411982760821838,0.03392465117497462,0.963663366041099
350.70140280561117,0.0024056598224685903,0.033924718500397646,0.9636696216549945
351.7034068136272,0.0023993709765386647,0.03392480842788401,0.9636758205746372
352.7054108216432,0.0023931159405562175,0.03392492070306969,0.9636819633368564
353.7074148296593,0.002386894434925764,0.03392505507447749,0.9636880504727103
354.7094188376753,0.002380706182861855,0.0339252112934403,0.9636940825076327
355.71142284569135,0.0023745509103187488,0.033925389114024464,0.9637000599615797
356.7134268537074,0.002368428345920085,0.03392558829295305,0.9637059833491767
357.7154308617234,0.0023623382208885577,0.03392580858952921,0.9637118531798651
358.71743486973946,0.0023562802689755884,0.03392604976555948,0.9637176699580491
359.71943887775547,0.00235025422672588,0.033926311585652597,0.9637234341825346
360.7214428857715,0.0023442598530621283,0.03392659383918367,0.9637291463051324
361.7234468937875,0.0023382969045427113,0.03392689631255075,0.9637348067829528
362.7254509018036,0.002332365129732549,0.033927218782864595,0.9637404160903016
363.7274549098196,0.002326464279735399,0.03392756102976161,0.9637459746964165
364.72945891783564,0.0023205941081333283,0.03392792283533812,0.963751483065594
365.73146292585164,0.0023147543709261848,0.033928303984084675,0.9637569416573142
366.7334669338677,0.00230894482647107,0.03392870426282038,0.9637623509263683
367.7354709418837,0.0023031652354218134,0.03392912346062717,0.9637677113229836
368.73747494989976,0.002297415360668441,0.033929561368784146,0.9637730232929502
369.73947895791576,0.002291694967276652,0.03393001778070185,0.9637782872777468
370.7414829659318,0.0022860038224272873,0.03393049249185661,0.9637835037146669
371.7434869739479,0.0022803416953558046,0.03393098529972481,0.9637886730369448
372.7454909819639,0.00227470835729175,0.033931496003717206,0.9637937956738819
373.74749498997994,0.0022691035813982284,0.03393202440511325,0.9637988720509725
374.74949899799594,0.002263527142711381,0.03393257030699536,0.9638039025900298
375.751503006012,0.0022579788180798507,0.03393313351418327,0.9638088877093125
376.753507014028,0.0022524583861042616,0.03393371383316831,0.9638138278236505
377.75551102204406,0.002246965627076685,0.0339343110720477,0.9638187233445712
378.75751503006006,0.002241500322920116,0.03393492504045889,0.9638235746804249
379.7595190380761,0.0022360622571279453,0.033935555549513836,0.9638283822365121
380.7615230460921,0.0022306512147034297,0.03393620241173332,0.9638331464152086
381.7635270541082,0.002225266982099166,0.03393686544098127,0.9638378676160917
382.7655310621242,0.0022199093471565634,0.033937544452399014,0.9638425462360669
383.76753507014024,0.0022145781306245524,0.03393823929744487,0.963847182603206
384.7695390781563,0.0022092731655562205,0.033938949840991856,0.9638517770199948
385.7715430861723,0.0022039942548298594,0.03393967591410736,0.9638563298524983
386.77354709418836,0.0021987412031940026,0.033940417349677766,0.9638608414630946
387.77555110220436,0.002193513817259338,0.03394117398240104,0.9638653122104914
388.7775551102204,0.00218831190545874,0.03394194564874389,0.9638697424498088
389.7795591182364,0.002183135278007308,0.03394273218689897,0.9638741325326619
390.7815631262525,0.002177983746862398,0.03394353343674198,0.9638784828072438
391.7835671342685,0.0021728571256836617,0.03394434923978888,0.963882793618409
392.78557114228454,0.002167755229793077,0.033945179439153046,0.9638870653077558
393.78757515030054,0.0021626778761349866,0.03394602387950242,0.9638912982137094
394.7895791583166,0.0021576248832361317,0.03394688240701669,0.9638954926716049
395.7915831663326,0.002152596071165688,0.03394775486934444,0.96389964901377
396.79358717434866,0.0021475912614952993,0.033948641115560334,0.963903767569608
397.79559118236466,0.002142610277259114,0.03394954099612225,0.9639078486656811
398.7975951903807,0.0021376529429138194,0.03395045436282848,0.9639118926257928
399.7995991983968,0.0021327190842986765,0.03395138106877488,0.963915899771071
400.8016032064128,0.002127808528595557,0.033952320968312015,0.9639198704200508
401.80360721442884,0.0021229211042889766,0.03395327391700236,0.9639238048887581
402.80561122244484,0.0021180566411261297,0.03395423977157745,0.9639277034907913
403.8076152304609,0.0021132149700769263,0.03395521838989502,0.9639315665374055
404.8096192384769,0.0021083959232940258,0.03395620963089621,0.9639353943375946
405.81162324649296,0.0021035993340728725,0.0339572133545627,0.9639391871981743
406.81362725450896,0.002098825049218018,0.033958229435626326,0.9639429453975484
407.815631262525,0.0020940729341077696,0.03395925776918475,0.9639466691749635
408.817635270541,0.0020893428326736884,0.033960298226339954,0.9639503588154006
409.8196392785571,0.002084634589439598,0.03396135067863006,0.963954014602823
410.8216432865731,0.002079948050333356,0.03396241499893069,0.9639576368184527
411.82364729458914,0.002075283062659161,0.033963491061425696,0.9639612257408271
412.82565130260514,0.002070639475069869,0.033964578741577954,0.9639647816458556
413.8276553106212,0.0020660171375392992,0.03396567791610013,0.9639683048068771
414.82965931863725,0.0020614159013345504,0.03396678846292547,0.9639717954947165
415.83166332665326,0.0020568356189883084,0.03396791026117853,0.9639752539777411
416.8336673346693,0.00205227614427116,0.03396904319114601,0.9639786805219187
417.8356713426853,0.0020477373321639036,0.03397018713424749,0.9639820753908734
418.8376753507014,0.0020432190388298592,0.03397134197300617,0.963985438845943
419.8396793587174,0.002038721121587182,0.03397250759101974,0.9639887711462357
420.84168336673343,0.0020342434388811717,0.033973683872931044,0.9639920725486868
421.84368737474944,0.002029785850256586,0.03397487070439893,0.9639953433081161
422.8456913827655,0.00202534821632995,0.033976067972068986,0.9639985836772844
423.8476953907815,0.002020930398761869,0.033977275563544324,0.9640017939069504
424.84969939879755,0.002016532260229337,0.033978493367356345,0.9640049742459277
425.85170340681356,0.0020121536643980535,0.03397972127293554,0.9640081249411416
426.8537074148296,0.0020077944758947293,0.033980959170582206,0.9640112462376861
427.8557114228457,0.002003454560279401,0.03398220695143729,0.9640143383788804
428.8577154308617,0.0019991337840177415,0.0339834645074531,0.9640174016063264
429.85971943887773,0.001994832019447012,0.03398473173682452,0.96402043614945
430.86172344689373,0.001990549156408268,0.03398600855670957,0.9640234422010054
431.8637274549098,0.0019862850702929494,0.03398729486829022,0.9640264199843592
432.8657314629258,0.0019820396356556094,0.03398859057165866,0.9640293697248236
433.86773547094185,0.001977812728130018,0.03398989556791349,0.9640322916456201
434.86973947895785,0.0019736042244098174,0.03399120975913969,0.96403518596792
435.8717434869739,0.001969414002229184,0.03399253304838845,0.9640380529108827
436.8737474949899,0.001965241940343484,0.03399386533965711,0.9640408926916949
437.875751503006,0.001961087918509936,0.03399520653786906,0.9640437055256107
438.877755511022,0.0019569518174682673,0.03399655654885361,0.9640464916259902
439.87975951903803,0.0019528335189213737,0.03399791527932595,0.9640492512043392
440.88176352705403,0.0019487329055159785,0.033999282636866975,0.9640519844703482
441.8837675350701,0.0019446498608232904,0.03400065852990325,0.9640546916319321
442.88577154308615,0.001940584269319664,0.03400204286768689,0.964057372895269
443.88777555110215,0.0019365360163672582,0.034003435560275436,0.9640600284648401
444.8897795591182,0.001932504988194694,0.03400483651851179,0.9640626585434683
445.8917835671342,0.001928491071877715,0.03400624565400411,0.9640652633323582
446.89378757515027,0.001924494155319845,0.03400766287910569,0.9640678430311348
447.8957915831663,0.0019205141272330478,0.03400908810689487,0.9640703978378833
448.89779559118233,0.0019165508771183855,0.03401052125115495,0.9640729279491882
449.89979959919833,0.0019126042952466783,0.03401196222635409,0.9640754335601724
450.9018036072144,0.001908674272639162,0.03401341094762518,0.964077914864537
451.9038076152304,0.0019047607010481485,0.03401486733074579,0.9640803720545998
452.90581162324645,0.0019008634745950586,0.03401633129389801,0.9640828053179956
453.90781563126245,0.0018969825007141626,0.03401780276942261,0.9640852148156199
454.9098196392785,0.0018931176789228842,0.03401928168101927,0.9640876007244154
455.9118236472945,0.0018892689068528436,0.034020767950224524,0.9640899632252166
456.91382765531057,0.0018854360829785664,0.03402226149934302,0.964092302497252
457.9158316633266,0.001881619106603752,0.03402376225143347,0.9640946187181711
458.91783567134263,0.0018778178778475368,0.034025270130294535,0.9640969120640733
459.9198396793587,0.0018740322976307587,0.03402678506045077,0.9640991827095351
460.9218436873747,0.0018702622676622226,0.03402830696713854,0.9641014308276384
461.92384769539075,0.0018665076904249654,0.03402983577629194,0.9641036565899991
462.92585170340675,0.00186276846916252,0.034031371414528715,0.9641058601667939
463.9278557114228,0.0018590445078651805,0.03403291380913619,0.9641080417267894
464.9298597194388,0.001855335711256268,0.034034462888057164,0.9641102014373696
465.93186372745487,0.0018516419847783927,0.03403601857987589,0.9641123394645639
466.93386773547087,0.0018479632345797226,0.034037580813803925,0.9641144559730753
467.9358717434869,0.0018442993675002446,0.034039149519666106,0.9641165511263083
468.93787575150293,0.0018406502910580317,0.03404072462788644,0.9641186250863968
469.939879759519,0.001837015913435507,0.03404230606947403,0.9641206780142322
470.94188376753505,0.001833396143465708,0.03404389377600902,0.9641227100694916
471.94388777555105,0.0018297908906185528,0.034045487679628485,0.9641247214106654
472.9458917835671,0.0018262000649871034,0.034047087713012375,0.9641267121950858
473.9478957915831,0.0018226235772738316,0.034048693809369424,0.9641286825789542
474.94989979959917,0.0018190613387768831,0.03405030590242308,0.9641306327173699
475.95190380761517,0.0018155132617455913,0.034051923926793265,0.9641325627635713
476.9539078156312,0.0018119792671389145,0.03405354782631459,0.964134472852424
477.9559118236472,0.0018084592729717779,0.03405517754154351,0.9641363631252206
478.9579158316633,0.001804953194838239,0.034056813010319875,0.964138233728566
479.9599198396793,0.0018014609489961188,0.034058454171074434,0.964140084807812
480.96192384769535,0.0017979824523569586,0.03406010096281879,0.9641419165070768
481.96392785571135,0.0017945176224759807,0.034061753325135224,0.9641437289692657
482.9659318637274,0.0017910663775420462,0.0340634111981666,0.9641455223360904
483.9679358717434,0.001787628636367616,0.034065074522606265,0.9641472967480902
484.96993987975947,0.0017842043183787075,0.034066743239687884,0.9641490523446512
485.9719438877755,0.0017807933436048556,0.03406841729117537,0.9641507892640271
486.9739478957915,0.0017773956326690714,0.034070096619352744,0.964152507643359
487.9759519038076,0.0017740111067778,0.03407178116701401,0.9641542076186957
488.9779559118236,0.0017706396877108816,0.03407347087745304,0.9641558893250137
489.97995991983964,0.0017672812978115086,0.034075165694453485,0.9641575528962375
490.98196392785565,0.0017639358599761867,0.03407686556227862,0.9641591984652595
491.9839679358717,0.001760603297644692,0.034078570425661224,0.9641608261639606
492.9859719438877,0.001757283534790032,0.0340802802297935,0.9641624361232298
493.98797595190376,0.0017539764959084026,0.034081994920316924,0.9641640284729848
494.98997995991976,0.0017506821060091497,0.034083714443312145,0.9641656033421917
495.9919839679358,0.0017474002906047257,0.03408543874528885,0.9641671608588855
496.9939879759518,0.0017441309757006507,0.03408716777317565,0.9641687011501903
497.9959919839679,0.0017408740877854698,0.034088901474309985,0.9641702243423389
498.99799599198394,0.0017376295538569114,0.0340906397964662,0.9641717305606176
500.0,0.001734397309430763,0.03409238269631288,0.9641732199125433
