Generation,xOC,xOB,xMMd,xMMr,total xMM
0.0,0.26666666666666666,0.4,0.26666666666666666,0.06666666666666667,0.3333333333333333
0.5042016806722689,0.41104098279346624,0.3139105910338823,0.22070693249006723,0.054341493682584174,0.2750484261726514
1.0084033613445378,0.47750029666342114,0.2682618710116937,0.20540517321044485,0.04883265911444028,0.2542378323248851
1.5126050420168067,0.5147319466643622,0.23813858698899573,0.20134625661523653,0.04578320973140547,0.24712946634664198
2.0168067226890756,0.5386016796948409,0.21544730756777056,0.20217364238034985,0.043777370357038735,0.2459510127373886
2.5210084033613445,0.5555491329351228,0.1969350445597845,0.2052647342432522,0.042251088261840486,0.2475158225050927
3.0252100840336134,0.5685215155289597,0.18111779729013439,0.20940309940062043,0.04095758778028566,0.2503606871809061
3.5294117647058822,0.5789759306225847,0.16724815308868973,0.21399092452586624,0.03978499176285928,0.25377591628872553
4.033613445378151,0.587679412104051,0.15491037165905028,0.21872750905868302,0.03868270717821572,0.25741021623689875
4.53781512605042,0.5950626563577492,0.14384681066747848,0.22346182222354635,0.037628710751225924,0.26109053297477225
5.042016806722689,0.6013861529669067,0.13387954383093936,0.22812005569141078,0.036614247510743186,0.26473430320215396
5.546218487394958,0.6068211365842604,0.1248737561593301,0.2326685954801876,0.035636511776221916,0.2683051072564095
6.050420168067227,0.6114900128726803,0.11672016404333463,0.23709468221123098,0.03469514087275398,0.27178982308398497
6.554621848739496,0.6154869546489996,0.10932628450537285,0.2413961948700394,0.03379056597558815,0.27518676084562754
7.0588235294117645,0.6188886204927785,0.10261187718777139,0.24557623003810253,0.032923272281347594,0.27849950231945014
7.563025210084033,0.6217598878478431,0.09650637870833396,0.2496402320988327,0.03209350134499024,0.28173373344382296
8.067226890756302,0.6241570466193695,0.09094730381269031,0.25359448640066945,0.03130116316727061,0.28489564956794006
8.571428571428571,0.6261296789086833,0.08587913155705361,0.25744534635771654,0.03054584317654656,0.2879911895342631
9.07563025210084,0.6277218516691475,0.08125244823716088,0.261198852745874,0.02982684734781752,0.2910257000936915
9.579831932773109,0.628972936147317,0.07702324027352639,0.26486056497610844,0.02914325860304818,0.29400382357915655
10.084033613445378,0.6299182197463242,0.07315228530793509,0.2684355029711388,0.028493991974602072,0.2969294949457409
10.588235294117647,0.6305893915793519,0.06960461708273852,0.2719281474540165,0.027877843883893198,0.2998059913379097
11.092436974789916,0.6310149489244556,0.0663490488985135,0.27534246929140793,0.027293532885623015,0.30263600217703096
11.596638655462185,0.6312205455525085,0.06335775015658524,0.27868197083314883,0.02673973345775742,0.30542170429090626
12.100840336134453,0.6312292969616444,0.060605868614226545,0.2819497318290756,0.026215102595053275,0.3081648344241289
12.605042016806722,0.6310620485957632,0.05807119417567872,0.2851484568882114,0.025718300340346636,0.310866757228558
13.109243697478991,0.630737616349158,0.05573386031693578,0.2882805178144802,0.025248005519425878,0.3135285233339061
13.61344537815126,0.6302729981286014,0.053576079489401844,0.2913479948855569,0.02480292749643988,0.31615092238199677
14.117647058823529,0.6296835643625622,0.051581908476838696,0.29435271269816515,0.024381814462434037,0.3187345271605992
14.621848739495798,0.6289832252880574,0.049737041281325695,0.2972962739915105,0.023983459439106316,0.3212797334306168
15.126050420168067,0.6281845812656582,0.0480286258033952,0.3001800888912464,0.023606704039700152,0.32378679293094653
15.630252100840336,0.627299056393131,0.04644510196502608,0.3030054009462111,0.023250440695631806,0.3262558416418429
16.134453781512605,0.6263370170419774,0.044976058783609954,0.3057733105121942,0.022913613662218477,0.3286869241744127
16.63865546218487,0.6253078773781546,0.04361210818441996,0.30848479534063455,0.022595219096790818,0.33108001443742535
17.142857142857142,0.6242201943840975,0.04234477339474878,0.31114072784905994,0.02229430437209384,0.3334350322211538
17.647058823529413,0.6230817511936194,0.04116639041246837,0.31374189146980314,0.022009966924109125,0.33575185839391225
18.15126050420168,0.621899629718845,0.04007002116234241,0.3162889962763156,0.021741352842496935,0.3380303491188125
18.655462184873947,0.6206802808119529,0.039049376077696894,0.3187826882252218,0.02148765488512837,0.34027034311035015
19.159663865546218,0.6194295818775608,0.0380987460487316,0.321223561460774,0.021248110612933694,0.3424716720737077
19.66386554621849,0.6181528896725924,0.03721294199060389,0.3236121679954507,0.021022000341352976,0.34463416833680366
20.168067226890756,0.616855088726208,0.03638724115031744,0.32594902513867147,0.02080864498480301,0.34675767012347447
20.672268907563023,0.6155406338855623,0.03561733944181653,0.3282346227727751,0.020607403899846156,0.34884202667262126
21.176470588235293,0.6142135869045185,0.03489930941817151,0.3304694307177615,0.020417672959548404,0.3508871036773099
21.680672268907564,0.6128776504616633,0.03422956265572984,0.33265390435394143,0.02023888252866527,0.35289278688260667
22.18487394957983,0.611536205594249,0.033604815520238904,0.33478848385934457,0.020070495026167492,0.35485897888551204
22.6890756302521,0.6101923319987456,0.033022060014175,0.33687360451324866,0.01991200347383095,0.35678560798707964
23.19327731092437,0.6088488321228359,0.032478537130378377,0.3389097010513638,0.01976292969542196,0.3586726307467858
23.69747899159664,0.6075082607810646,0.03197171252232716,0.3408972044410406,0.0196228222555677,0.3605200266966083
24.201680672268907,0.6061729412976838,0.031499255488837995,0.34283654820369686,0.019491255009781414,0.3623278032134783
24.705882352941174,0.6048449836375851,0.031059019876646794,0.34472817094438407,0.019367825541383957,0.364095996485768
25.210084033613445,0.6035263031252343,0.030649026874023565,0.34657251636170505,0.019252153639037047,0.3658246700007421
25.714285714285715,0.6022186349415324,0.030267449620860965,0.3483700355499782,0.019143879887628522,0.36751391543760675
26.218487394957982,0.6009235481780505,0.029912599451489198,0.35012118795868424,0.01904266441177605,0.3691638523704603
26.72268907563025,0.599642458599449,0.029582913421947212,0.3518264423614026,0.01894818561720129,0.3707746279786039
27.22689075630252,0.598376640563063,0.02927694316130176,0.3534862771858939,0.018860139089741386,0.37234641627563536
27.73109243697479,0.5971272367984009,0.028993344636812086,0.3551011821819336,0.018778236382853548,0.3738794185647871
28.235294117647058,0.5958952685708228,0.02873086896582077,0.3566716585151636,0.01870220394819283,0.3753738624633564
28.739495798319325,0.5946816467277299,0.028488354878791526,0.35819821555412185,0.01863178283935656,0.3768299983934784
29.243697478991596,0.593487177640965,0.028264720213192936,0.35968137526773214,0.01856672687810989,0.378248102145842
29.747899159663866,0.5923125712167274,0.028058955807320665,0.361121670586736,0.018506802389215978,0.37962847297595204
30.252100840336134,0.591158447246501,0.027870119291756198,0.3625196461160985,0.018451787345644483,0.380971433461743
30.7563025210084,0.5900253440022692,0.027697329470428956,0.36387585589611465,0.018401470631187238,0.3822773265273019
31.26050420168067,0.5889137207849287,0.02753976116459479,0.3651908669073089,0.018355651143167773,0.3835465180504767
31.764705882352942,0.5878239709113781,0.02739664088934412,0.3664652505714166,0.01831413762786131,0.38477938819927787
32.26890756302521,0.5867564179933517,0.02726724247971867,0.36769959185732237,0.01827674766960737,0.3859763395269298
32.773109243697476,0.5857113244817966,0.027150883426913186,0.36889448472036745,0.01824330737092276,0.3871377920912902
33.27731092436974,0.5846888969571452,0.02704692129569423,0.3700505310334314,0.018213650713729098,0.3882641817471605
33.78151260504202,0.5836892907423632,0.026954750577952217,0.3711683395750665,0.01818761910461805,0.38935595867968453
34.285714285714285,0.5827126120065663,0.02687379989704674,0.37224852711629686,0.01816506098008997,0.3904135880963868
34.78991596638655,0.5817589214199699,0.02680352936797714,0.3732917178382704,0.018145831373782412,0.3914375492120528
35.294117647058826,0.5808282396200594,0.02674342811386611,0.37429854076713265,0.018129791498941908,0.39242833226607454
35.79831932773109,0.5799205478372804,0.02669301216388163,0.3752696315851896,0.018116808413648287,0.39338643999883793
36.30252100840336,0.5790357922430007,0.026651822390583828,0.3762056307067012,0.018106754659714258,0.3943123853664155
36.80672268907563,0.578173886992708,0.026619422653825366,0.37710718242407715,0.01809950792938944,0.3952066903534666
37.310924369747895,0.5773347159762394,0.026595398160738658,0.37797493506949187,0.01809495079353001,0.3960698858630219
37.81512605042017,0.5765181358270116,0.026579353899032026,0.3788095398459828,0.01809297042797361,0.3969025102739564
38.319327731092436,0.575723977736338,0.026570913241303683,0.3796116506812924,0.018093458341065946,0.39770510902235834
38.8235294117647,0.5749520500959061,0.02656971662790836,0.38038192314607744,0.018096310130108092,0.39847823327618553
39.32773109243698,0.5742021401024866,0.026575420401255417,0.38112101423275024,0.018101425263507706,0.39922243949625796
39.831932773109244,0.5734740158685872,0.026587695705856337,0.3818295815608002,0.018108706864756328,0.3999382884255565
40.33613445378151,0.5727674280858727,0.02660622749598543,0.38250828289887406,0.01811806151926791,0.40062634441814193
40.84033613445378,0.5720821116866354,0.0266307136205338,0.38315777560294445,0.018129399089886214,0.40128717469283065
41.344537815126046,0.5714177872629888,0.026660863995667233,0.383778716194022,0.01814263254732198,0.40192134874134394
41.84873949579832,0.5707741627797194,0.026696399819837353,0.38437175959645187,0.018157677803991478,0.4025294374004433
42.35294117647059,0.5701509347974577,0.02673705287754182,0.3849375587559029,0.01817445356909745,0.4031120123250003
42.857142857142854,0.5695477896275418,0.026782564900956762,0.38547676425795574,0.01819288121354562,0.40366964547150136
43.36134453781513,0.5689644047377433,0.026832686960712625,0.385990023667988,0.018212884633555988,0.404202908301544
43.865546218487395,0.5684004494913557,0.026887178968481428,0.386477981401408,0.01823439013875501,0.40471237154016304
44.36974789915966,0.5678555867654205,0.026945809125948936,0.3869412777842163,0.018257326324414354,0.4051986041086306
44.87394957983193,0.5673294735766505,0.02700835350103211,0.3873805489459018,0.018281623976415494,0.40566217292231727
45.3781512605042,0.5668217618463793,0.027074595620170845,0.38779642655402297,0.018307215979426854,0.4061036425334498
45.88235294117647,0.566332099502161,0.027144326072495478,0.38818953720914384,0.018334037216199802,0.40652357442534365
46.38655462184874,0.5658601311412136,0.027217342174718086,0.3885605021960654,0.018362024488003025,0.4069225266840685
46.890756302521005,0.5654054988128784,0.027293447664397518,0.38890993708815075,0.01839111643457334,0.4073010535227241
47.39495798319328,0.5649678428743152,0.027372452393636316,0.3892384512760378,0.01842125345601069,0.4076597047320485
47.89915966386555,0.5645468025050389,0.027454172063896446,0.38954664778366993,0.018452377647394783,0.4079990254310647
48.403361344537814,0.5641420160321311,0.027538428001868377,0.3898351232208862,0.018484432745114417,0.4083195559660006
48.90756302521008,0.5637531217338196,0.02762504693711961,0.3901044672689216,0.018517364060139114,0.40862183132906077
49.41176470588235,0.5633797584596028,0.027713860769102205,0.39035526235743984,0.01855111841385535,0.40890638077129515
49.91596638655462,0.563021565621836,0.027804706523895564,0.3905880837243732,0.01858564412989528,0.4091737278542685
50.42016806722689,0.5626781845606691,0.02789742595218782,0.3908034985757309,0.018620890911412252,0.40942438948714316
50.924369747899156,0.5623492582098968,0.027991865593090685,0.39100206633276335,0.018656809864249353,0.4096588761970127
51.42857142857143,0.5620344317649489,0.028087876523559405,0.3911843382876047,0.01869335342388689,0.4098776917114916
51.9327731092437,0.561733352637694,0.028185314239522506,0.3913508577967626,0.018730475326020703,0.4100813331227833
52.436974789915965,0.561445670768476,0.028284038662222455,0.3915021599646078,0.018768130604693768,0.41027029056930153
52.94117647058823,0.5611710395082123,0.028383913861469094,0.3916387711304594,0.018806275499859075,0.4104450466303185
53.4453781512605,0.5609091156661284,0.028484807974188994,0.3917612089267105,0.018844867432972014,0.41060607635968255
53.94957983193277,0.5606595593817871,0.028586593438238356,0.39186998209747326,0.018883865082501367,0.4107538471799746
54.45378151260504,0.5604220350525835,0.028689146344734826,0.39196559042766266,0.018923228175019072,0.4108888186026818
54.95798319327731,0.560196210835949,0.028792346945603394,0.3920485245687887,0.018962917649658947,0.41101144221844765
55.46218487394958,0.5599817592005112,0.028896079091441634,0.3921192662310936,0.01900289547695362,0.4111221617080473
55.96638655462185,0.5597783567287095,0.029000230581505936,0.39217828791736425,0.019043124772420435,0.4112214126897847
56.470588235294116,0.5595856844037772,0.029104692852844786,0.3922260530467234,0.01908356969665451,0.4113096227433779
56.97478991596638,0.559403427942917,0.02920936090854988,0.3922630157245862,0.019124195423946853,0.41138721114853305
57.47899159663865,0.559231277888012,0.029314133561806306,0.39228962032574693,0.01916496822443499,0.41145458855018197
57.983193277310924,0.5590689296870525,0.0294189130220939,0.3923063019640511,0.019205855326802565,0.4115121572908537
58.48739495798319,0.5589160839007002,0.02952360496959207,0.3923134861872123,0.019246824942495605,0.41156031112970787
58.99159663865546,0.5587724458601264,0.0296281186499969,0.3923115891869742,0.01928784630290244,0.41159943548987665
59.49579831932773,0.558637725950634,0.029732366551229922,0.39230101794670663,0.01932888955142953,0.41162990749813616
60.0,0.5585116392848792,0.02983626469713201,0.3922821701715103,0.019369925846478484,0.41165209601798874
60.0,0.5585116392848792,0.02983626469713201,0.3922821701715103,0.019369925846478484,0.41165209601798874
61.07142857142857,0.6194399931028762,0.03726885795467634,0.3206094929683942,0.022681655974053166,0.3432911489424474
62.142857142857146,0.6447489582860698,0.048896389730525784,0.27825039930361306,0.028104252679791324,0.3063546519834044
63.214285714285715,0.652477241550688,0.06471110866084073,0.24732513847144766,0.035486511317023475,0.2828116497884711
64.28571428571429,0.6490216049285122,0.08466278962296335,0.22147997217446144,0.04483563327406312,0.26631560544852456
65.35714285714286,0.6373334465904328,0.10827719824002616,0.19826545123788042,0.0561239039316606,0.25438935516954103
66.42857142857143,0.6194052266084661,0.1345151829441248,0.17686000391926113,0.06921958652814798,0.24607959044740912
67.5,0.5971337477410303,0.16183465653081194,0.1571592224543298,0.08387237327382799,0.24103159572815783
68.57142857142857,0.5725050143564836,0.1884348808527304,0.1393236295455156,0.09973647524527042,0.23906010479078602
69.64285714285714,0.5474586010533473,0.21259320052339153,0.12353354327545792,0.1164146551478033,0.2399481984232612
70.71428571428571,0.52366016055562,0.23296512673541872,0.10987108069205465,0.1335036320169067,0.24337471270896135
71.78571428571428,0.5023326501723503,0.2487510780230199,0.09828924167027378,0.15062703013435605,0.24891627180462983
72.85714285714286,0.4842055922908636,0.2597086482227575,0.08863290289747142,0.16745285658890752,0.25608575948637896
73.92857142857143,0.469566932410483,0.26605233659829736,0.08068044244382165,0.18370028854739787,0.2643807309912195
75.0,0.45836936603600537,0.26830416491642,0.07418458175514639,0.19914188729242832,0.2733264690475747
75.0,0.45836936603600537,0.26830416491642,0.07418458175514639,0.19914188729242832,0.2733264690475747
76.25,0.47444767607078814,0.22537725966722957,0.11425922481410071,0.18591583944788162,0.3001750642619823
77.5,0.5252403621461608,0.1770923374922638,0.14080587975544015,0.15686142060613534,0.29766730036157546
78.75,0.5675691650728025,0.1394729994638564,0.16231722257748024,0.13064061288586076,0.29295783546334103
80.0,0.5979556568441592,0.11169683462339075,0.1809146175220852,0.1094328910103647,0.2903475085324499
80.0,0.5979556568441592,0.11169683462339075,0.1809146175220852,0.1094328910103647,0.2903475085324499
81.07142857142857,0.6388219346427096,0.11384026152723765,0.13756394640851524,0.10977385742153745,0.24733780383005272
82.14285714285714,0.6364991713767916,0.12550926883385302,0.1171785510336536,0.12081300875570188,0.2379915597893555
83.21428571428571,0.6197799274339546,0.13995442830197063,0.1042165535827531,0.1360490906813217,0.24026564426407482
84.28571428571429,0.5982779165838781,0.15432744066404233,0.09443093592584992,0.15296370682622978,0.2473946427520797
85.35714285714286,0.5762553005221347,0.16710450055444753,0.08641555615520227,0.1702246427682155,0.2566401989234178
86.42857142857143,0.555772515690079,0.17751277768386672,0.07965521939623631,0.18705948722981786,0.2667147066260542
87.5,0.5377819332196015,0.18527688585971974,0.07392165394333432,0.20301952697734435,0.27694118092067865
88.57142857142857,0.5226257112524257,0.19044556497048912,0.06907256034167332,0.21785616343541184,0.2869287237770851
89.64285714285714,0.5103008408113391,0.19326112006785212,0.06498964325437719,0.23144839586643157,0.29643803912080874
90.71428571428571,0.5006137497575233,0.19406359409560284,0.061563886628854904,0.24375876951801914,0.30532265614687404
91.78571428571428,0.49327524654064375,0.19322445142938968,0.05869475173914581,0.25480555029082064,0.3135003020299665
92.85714285714286,0.4879597056767591,0.1911042246698149,0.05629196377503436,0.26464410587839166,0.32093606965342597
93.92857142857143,0.4843412323644603,0.18802842063267702,0.05427668371626736,0.2733536632865953,0.3276303470028627
95.0,0.482114527790557,0.18427639938616713,0.052581594487294686,0.2810274783359812,0.3336090728232759
95.0,0.482114527790557,0.18427639938616713,0.052581594487294686,0.2810274783359812,0.3336090728232759
96.25,0.517613263986663,0.14753880118113075,0.0939437861545748,0.2409041486776315,0.3348479348322063
97.5,0.5816531083306221,0.10975607151089896,0.12228663300530775,0.18630418715317112,0.3085908201584789
98.75,0.6274345786397808,0.08283416658107746,0.14538883806262062,0.14434241671652115,0.2897312547791418
100.0,0.6560348629806267,0.06440019887069726,0.16538748459651362,0.11417745355216241,0.279564938148676
100.0,0.6560348629806267,0.06440019887069726,0.16538748459651362,0.11417745355216241,0.279564938148676
101.07142857142857,0.6984411595263409,0.0654133511966284,0.12401983363302607,0.11212565564400455,0.23614548927703058
102.14285714285714,0.6979058998351428,0.07334570090298158,0.10603401336743971,0.1227143858944359,0.22874839926187562
103.21428571428571,0.6824731131264952,0.083937804027354,0.09530553887329787,0.13828354397285297,0.23358908284615085
104.28571428571429,0.6611128400280446,0.09540389033294801,0.08748608439344051,0.15599718524556677,0.24348326963900727
105.35714285714286,0.6379347704633989,0.10664533281272226,0.08110882536681263,0.17431107135706633,0.25541989672387894
106.42857142857143,0.6151427768655268,0.11693846246062137,0.07564501684498166,0.19227374382887022,0.2679187606738519
107.5,0.5939613243954697,0.12584435202137498,0.0708943899005309,0.20929993368262437,0.28019432358315527
108.57142857142857,0.5750292358433099,0.13315115580716047,0.06676520833583734,0.2250544000136924,0.29181960834952975
109.64285714285714,0.5586105185047786,0.1388191937916081,0.06319531638105379,0.23937497132255942,0.3025702877036132
110.71428571428571,0.544726848745773,0.1429286077581774,0.06012729807087932,0.2522172454251703,0.3123445434960497
111.78571428571428,0.5332488202163995,0.14563351152373563,0.05750343011138719,0.2636142381484776,0.3211176682598648
112.85714285714286,0.5239607625094571,0.14712533943106432,0.05526677555178166,0.27364712250769696,0.3289138980594786
113.92857142857143,0.5166061831733029,0.14760609209564315,0.05336335965206459,0.2824243650789893,0.33578772473105395
115.0,0.5109183328365865,0.1472706174910537,0.05174383267392008,0.29006721699843985,0.3418110496723599
115.0,0.5109183328365865,0.1472706174910537,0.05174383267392008,0.29006721699843985,0.3418110496723599
116.25,0.5418293888785497,0.11844886971664273,0.09415313468275646,0.24556860672205094,0.33972174140480743
117.5,0.6025969376210719,0.08798116579314486,0.12242040945506659,0.18700148713071663,0.30942189658578323
118.75,0.6450814800873111,0.0664529334344803,0.14523924551330838,0.14322634096490025,0.28846558647820864
120.0,0.670754667477383,0.051830358352787785,0.16501120648871273,0.11240376768111651,0.27741497416982924
120.0,0.670754667477383,0.051830358352787785,0.16501120648871273,0.11240376768111651,0.27741497416982924
121.07142857142857,0.7133322707705022,0.05300378034052194,0.1233719866109399,0.11029196227803596,0.23366394888897588
122.14285714285714,0.7136086676554896,0.06006672699280404,0.10542619582296131,0.12089840952874509,0.22632460535170637
123.21428571428571,0.6989045735945422,0.06962194806115027,0.09483869665711192,0.13663478168719567,0.2314734783443076
124.28571428571429,0.6778935750718316,0.08022704738190639,0.08718899095071185,0.15469038659555012,0.24187937754626196
125.35714285714286,0.6545984061263576,0.0909385200434568,0.08096759061417161,0.17349548321601396,0.25446307383018557
126.42857142857143,0.6312548829787077,0.1010771382009927,0.07562405902161186,0.19204391979868782,0.2676679788202997
127.5,0.6091785131323973,0.11017966763239914,0.07095257772307222,0.20968924151213128,0.2806418192352035
128.57142857142858,0.5891174982084418,0.11797313029298445,0.066865582153446,0.22604378934512767,0.29290937149857366
129.64285714285714,0.5714391047834712,0.12434330883777218,0.06330922085637271,0.240908365522384,0.30421758637875673
130.71428571428572,0.5562502142839332,0.1292974996414787,0.060234932932764926,0.25421735314182314,0.31445228607458814
131.78571428571428,0.543485007550829,0.1329268005181969,0.05759263807102367,0.26599555385995044,0.3235881919309741
132.85714285714286,0.5329710421954432,0.13537260048863506,0.055331255567145986,0.27632510174877567,0.33165635731592163
133.92857142857142,0.5244781773341859,0.13679986866962374,0.053400927775644355,0.28532102622054595,0.3387219539961903
135.0,0.5177531842063112,0.13737787135631138,0.051754983854446324,0.29311396058293104,0.34486894443737737
135.0,0.5177531842063112,0.13737787135631138,0.051754983854446324,0.29311396058293104,0.34486894443737737
136.25,0.547095228939904,0.11088562767599551,0.09441508835933136,0.24760405502476918,0.34201914338410055
137.5,0.6068021068182299,0.08251673747682946,0.1226548448075354,0.18802631089740535,0.3106811557049407
138.75,0.6484350588210579,0.0624531469080105,0.1453970411976194,0.14371475307331227,0.28911179427093164
140.0,0.6734434457124922,0.04882240802063154,0.1651066412536351,0.11262750501324102,0.27773414626687615
140.0,0.6734434457124922,0.04882240802063154,0.1651066412536351,0.11262750501324102,0.27773414626687615
141.07142857142858,0.7160630139313355,0.050052939165080745,0.12338080383908928,0.1105032430644944,0.2338840469035837
142.14285714285714,0.7165402214593625,0.056900066845122825,0.10540906892040142,0.12115064277511324,0.22655971169551467
143.21428571428572,0.7020236615592733,0.06618268323428268,0.09482276408349267,0.1369708911229513,0.231793655206444
144.28571428571428,0.6811211844010261,0.07654472422441487,0.08718648318846083,0.1551476081860982,0.242334091374559
145.35714285714286,0.6578339021363652,0.08708508974368812,0.08098103274220433,0.1740999753777423,0.2550810081199466
146.42857142857142,0.6344016531341666,0.09714092498092401,0.07565037012167954,0.19280705176322968,0.26845742188490923
147.5,0.6121578297337437,0.10624807001309816,0.07098643912299356,0.21060766113016471,0.2815941002531583
148.57142857142858,0.5918737589668976,0.11412224056221498,0.06690164106248113,0.2271023594084062,0.29400400047088737
149.64285714285714,0.5739394441899714,0.12063305659978063,0.06334318047678608,0.2420843187334618,0.30542749921024787
150.71428571428572,0.5584810794598392,0.1257707099371936,0.06026386980012549,0.25548434080284166,0.31574821060296715
151.78571428571428,0.5454476034196084,0.12961063047301166,0.05761490011755037,0.26732686598982947,0.32494176610737985
152.85714285714286,0.5346768346445578,0.13228113150235402,0.055346191775414035,0.27769584207767406,0.3330420338530881
153.92857142857142,0.5259450574511132,0.13393701816098666,0.05340859176825527,0.28670933261964493,0.3401179243879002
155.0,0.5190024923809593,0.1347401348667241,0.051755876474519895,0.29450149627779665,0.34625737275231655
155.0,0.5190024923809593,0.1347401348667241,0.051755876474519895,0.29450149627779665,0.34625737275231655
156.25,0.5480158336124347,0.10889038825887266,0.09446205427082383,0.24863172385786883,0.34309377812869263
157.5,0.6075123342760429,0.0810999378923103,0.12269833319033424,0.18868939464131254,0.31138772783164675
158.75,0.6489893102607434,0.06143055218082886,0.1454278267481879,0.14415231081024,0.28958013755842793
160.0,0.673881766670324,0.04806162898157873,0.1651269547301973,0.11292964961790002,0.2780566043480973
160.0,0.673881766670324,0.04806162898157873,0.1651269547301973,0.11292964961790002,0.2780566043480973
161.07142857142858,0.7165139368447082,0.04930969248159652,0.12338461756401861,0.11079175310967673,0.23417637067369537
162.14285714285714,0.7170348662790281,0.05610217011702015,0.10540482676002554,0.12145813684392623,0.2268629636039518
163.21428571428572,0.7025591749300912,0.06531327992971729,0.0948159020806523,0.13731164305953925,0.23212754514019152
164.28571428571428,0.6816822517723624,0.07560893518561318,0.08718011118482925,0.15552870185719508,0.24270881304202435
165.35714285714286,0.6584009184980544,0.08609923789837025,0.08097642979232761,0.17452341381124759,0.2554998436035752
166.42857142857142,0.6349555591308056,0.09612624048987015,0.07564760405722103,0.1932705963221032,0.26891820037932423
167.5,0.6126828415430187,0.10522639569662602,0.07098496687138683,0.21110579588896838,0.2820907627603552
168.57142857142858,0.5923584857640948,0.1131133038855825,0.06690074553590052,0.2276274648144224,0.29452821035032295
169.64285714285714,0.574376906630914,0.11965303748489116,0.06334221714338259,0.24262783874081234,0.3059700558841949
170.71428571428572,0.5588681086330864,0.12483177457181478,0.06026236717872518,0.2560377496163737,0.3163001167950989
171.78571428571428,0.5457839892447783,0.1287210934320701,0.057612572890050555,0.267882344433101,0.3254949173231516
172.85714285714286,0.5349644622612776,0.13144596034645253,0.055342912596714935,0.2782466647955548,0.33358957739226974
173.92857142857142,0.5261871574959531,0.1331584726680754,0.05340435017075066,0.2872500196652208,0.34065436983597147
175.0,0.5192030507213121,0.1340184095716098,0.05175073932311242,0.2950278003839657,0.3467785397070781
175.0,0.5192030507213121,0.1340184095716098,0.05175073932311242,0.2950278003839657,0.3467785397070781
176.25,0.5481572517240091,0.10834717840662389,0.09446413745089181,0.2490314324184752,0.343495569869367
177.5,0.6076192873169405,0.08071799669578393,0.12270054415488502,0.18896217183239053,0.3116627159872755
178.75,0.6490724527725765,0.06115712365613206,0.1454286615383126,0.14434176203297877,0.2897704235712914
180.0,0.6739478848993622,0.04785948884861371,0.16512665028120288,0.11306597597082123,0.2781926262520241
180.0,0.6739478848993622,0.04785948884861371,0.16512665028120288,0.11306597597082123,0.2781926262520241
181.07142857142858,0.7165838127879113,0.049112684795603684,0.12338206157417231,0.11092144084231276,0.23430350241648507
182.14285714285714,0.7171143419315708,0.055890620830561843,0.1054005115536682,0.12159452568419932,0.22699503723786751
183.21428571428572,0.7026476125119016,0.06508225051662989,0.09481078961573111,0.1374593473557375,0.23227013697146862
184.28571428571428,0.6817766984878104,0.07535931863121055,0.08717492444569003,0.15568905843528894,0.24286398288097896
185.35714285714286,0.6584975734173992,0.08583497362131727,0.08097157334039941,0.17469587962088412,0.2556674529612835
186.42857142857142,0.635050669036987,0.09585271045686115,0.07564322346592027,0.1934533970402314,0.2690966205061517
187.5,0.612773233740479,0.1049493115922274,0.07098104676861497,0.21129640789867857,0.28227745466729354
188.57142857142858,0.5924418057641341,0.11283797149141961,0.06689719586832661,0.2278230268761198,0.29472022274444637
189.64285714285714,0.5744516445600155,0.11938394063879616,0.06333893031628204,0.2428254844849063,0.30616441480118833
190.71428571428572,0.5589335006500069,0.12457240667856842,0.06025924804064785,0.2562348446307768,0.31649409267142464
191.78571428571428,0.5458398639182716,0.12847395834094938,0.05760955006402064,0.26807662767675844,0.3256861777407791
192.85714285714286,0.5350110788799073,0.1312126729137416,0.055339939349459806,0.27843630885689125,0.33377624820635104
193.92857142857142,0.5262250621895491,0.1329399056961039,0.053401400554527675,0.2874336315598192,0.3408350321143469
195.0,0.5192329607068956,0.1338148513929442,0.05174780292798784,0.2952043849721723,0.34695218790016014
195.0,0.5192329607068956,0.1338148513929442,0.05174780292798784,0.2952043849721723,0.34695218790016014
196.25,0.5481770268578847,0.10819427091291191,0.09446218934232554,0.24916651288687777,0.34362870222920333
197.5,0.6076341421530315,0.08061101864403017,0.12269884527327352,0.18905599392966477,0.3117548392029383
198.75,0.6490842760483583,0.06108085229735573,0.14542698868299103,0.1444078829712949,0.2898348716542859
200.0,0.6739576564703343,0.047803277279966715,0.1651250024882045,0.11311406376149444,0.27823906624969896
200.0,0.6739576564703343,0.047803277279966715,0.1651250024882045,0.11311406376149444,0.27823906624969896
201.07142857142858,0.7165946973625762,0.049057953950296176,0.12338027374459866,0.11096707494252915,0.2343473486871278
202.14285714285714,0.7171275033598679,0.055831822991517836,0.10539837844960556,0.12164229519900878,0.22704067364861436
203.21428571428572,0.7026629028395512,0.06501793196113899,0.09480847476737551,0.13751069043193434,0.23231916519930984
204.28571428571428,0.681793506521513,0.07528964423477305,0.08717260002126044,0.1557442492224535,0.24291684924371396
205.35714285714286,0.6585151032455269,0.08576096784169332,0.08096935610312134,0.17475457280965848,0.2557239289127798
206.42857142857142,0.635068118408995,0.09577582413590766,0.07564117078412075,0.1935148866709766,0.26915605745509735
207.5,0.6127899072760333,0.10487111778586801,0.07097917227583175,0.21135980266226687,0.2823389749380986
208.57142857142858,0.5924571704990828,0.11275995900762516,0.06689548792881106,0.22788738256448093,0.294782870493292
209.64285714285714,0.5744653416035075,0.11930739185966309,0.06333736636985296,0.24288990016697645,0.3062272665368294
210.71428571428572,0.5589453293702183,0.12449834249816928,0.06025780351460855,0.2562985246170038,0.3165563281316124
211.78571428571428,0.545849752889763,0.12840313061509828,0.057608202908510514,0.2681389135866282,0.32574711649513877
212.85714285714286,0.5350190536023732,0.13114558621879813,0.05533867174016046,0.27849668843866826,0.3338353601788287
213.92857142857142,0.5262312153772667,0.1328768539417022,0.0534001990360024,0.2874917316450287,0.34089193068103113
215.0,0.5192374277014004,0.13375595920614564,0.051746657841706956,0.29525995525074705,0.347006613092454
215.0,0.5192374277014004,0.13375595920614564,0.051746657841706956,0.29525995525074705,0.347006613092454
216.25,0.5481796800669275,0.10815005248947474,0.0944611612004974,0.24920910624310044,0.34367026744359785
217.5,0.607636181009221,0.08058014352162628,0.12269792393944957,0.18908575152970314,0.31178367546915275
218.75,0.6490860329936583,0.06105887412214496,0.14542614221655023,0.1444289506676465,0.28985509288419675
220.0,0.6739592499475223,0.04778709739634082,0.16512422030924176,0.11312943234689514,0.2782536526561369
220.0,0.6739592499475223,0.04778709739634082,0.16512422030924176,0.11312943234689514,0.2782536526561369
221.07142857142858,0.7165966208203062,0.049042203018808364,0.12337953781163295,0.11098163834925245,0.23436117616088542
222.14285714285714,0.7171300207949122,0.05581489393762344,0.1053975747469096,0.12165751052055472,0.2270550852674643
223.21428571428572,0.7026659773790849,0.06499939422410073,0.09480763256483227,0.13752699583198214,0.23233462839681437
224.28571428571428,0.6817969947382699,0.07526953261403416,0.08717176325167479,0.15576170939602116,0.24293347264769594
225.35714285714286,0.6585188157591461,0.08573956660160158,0.08096855807578629,0.17477305956346612,0.2557416176392524
226.42857142857142,0.6350718606720518,0.09575354429431453,0.07564042974417,0.19353416528946366,0.26917459503363367
227.5,0.6127935069951315,0.1048484103307103,0.07097849410955323,0.211379588564605,0.28235808267415824
228.57142857142858,0.5924604921367068,0.11273725511962207,0.0668948706427922,0.2279073821008788,0.29480225274367106
229.64285714285714,0.5744682904808847,0.11928506669540322,0.06333680399385938,0.24290983882985276,0.3062466428237121
230.71428571428572,0.5589478489436497,0.12447669804015321,0.060257288756825574,0.2563181642593716,0.31657545301619716
231.78571428571428,0.5458518185041137,0.12838239227677536,0.05760772866758011,0.2681580605515308,0.32576578921911087
232.85714285714286,0.5350206651430561,0.13112590814385222,0.05533823180898851,0.27851519490410315,0.33385342671309165
233.92857142857142,0.5262323902838171,0.13285832889001006,0.05339978831735724,0.2875094925088155,0.3409092808261727
235.0,0.5192381950357138,0.13373863009801482,0.05174627230754817,0.29527690255872313,0.3470231748662713
235.0,0.5192381950357138,0.13373863009801482,0.05174627230754817,0.29527690255872313,0.3470231748662713
236.25,0.5481800740536971,0.108137039272452,0.09446078728420712,0.24922209938964376,0.3436828866738509
237.5,0.6076365087566807,0.0805710615071284,0.12269758618034853,0.18909484355584225,0.3117924297361908
238.75,0.649086358295829,0.06105241128583478,0.14542583564350692,0.1444353947748294,0.28986123041833634
240.0,0.6739595831756747,0.04778234033021937,0.1651239405157967,0.11313413597830917,0.2782580764941059
240.0,0.6739595831756747,0.04778234033021937,0.1651239405157967,0.11313413597830917,0.2782580764941059
241.07142857142858,0.7165970521694648,0.04903757144508849,0.12337928441040757,0.11098609197503924,0.23436537638544683
242.14285714285714,0.7171306190039276,0.0558099143113522,0.10539730692905844,0.12166215975566176,0.22705946668472018
243.21428571428572,0.7026667325290576,0.06499393845065975,0.09480735641064218,0.13753197260964034,0.2323393290202825
244.28571428571428,0.6817978687630708,0.07526360934913733,0.08717149078550043,0.15576703110229154,0.24293852188779194
245.35714285714286,0.6585197578697223,0.08573325813672313,0.08096829890245509,0.17477868509109953,0.25574698399355467
246.42857142857142,0.6350728180816023,0.09574697072846322,0.07564018930699658,0.19354002188293787,0.26918021118993446
247.5,0.6127944323727533,0.10484170414156427,0.07097827425693104,0.2113855892287514,0.28236386348568243
248.57142857142858,0.5924613477104735,0.11273054353107867,0.06689467084305506,0.22791343791539287,0.29480810875844793
249.64285714285714,0.5744690493536392,0.11927846088532623,0.06333662245689053,0.24291586730414405,0.3062524897610346
250.71428571428572,0.5589484945294114,0.12447028792558143,0.060257123226777225,0.25632409431822983,0.316581217545007
251.78571428571428,0.5458523429589274,0.12837624535686315,0.057607576892592716,0.26816383479161676,0.3257714116842095
252.85714285714286,0.5350210674465035,0.1311200709346123,0.055338091773270724,0.27852076984561347,0.3338588616188842
253.92857142857142,0.5262326743772894,0.13285282974898688,0.053399658324419653,0.28751483754930407,0.34091449587372374
255.0,0.5192383682172885,0.1337334825737273,0.05174615098175706,0.2952819982272271,0.34702814920898417
255.0,0.5192383682172885,0.1337334825737273,0.05174615098175706,0.2952819982272271,0.34702814920898417
256.25,0.5481801551277113,0.10813317269826715,0.0944606669893315,0.24922600518468996,0.34368667217402143
257.5,0.6076365833261997,0.08056836271954881,0.12269747713617792,0.1890975768180734,0.31179505395425133
258.75,0.6490864407347584,0.061050490542664794,0.14542573684727253,0.1444373318753043,0.28986306872257683
260.0,0.6739596735490354,0.04778092629667542,0.16512385053921122,0.11313554961507795,0.2782594001542892
260.0,0.6739596735490354,0.04778092629667542,0.16512385053921122,0.11313554961507795,0.2782594001542892
261.07142857142856,0.7165971717922973,0.049036194455920924,0.12337920383382589,0.11098742991795596,0.23436663375178185
262.14285714285717,0.7171307875115243,0.05580843355734857,0.10539722287924137,0.12166355605188581,0.22706077893112717
263.2142857142857,0.7026669470987408,0.06499231572103467,0.09480727040671767,0.13753346677350686,0.23234073718022455
264.2857142857143,0.6817981184567696,0.07526184707531433,0.08717140628333425,0.1557686281845818,0.242940034467916
265.35714285714283,0.6585200280145483,0.08573138067223897,0.08096821870982687,0.17478037260338586,0.25574859131321276
266.42857142857144,0.6350730933550819,0.09574501372219027,0.07564011502135484,0.19354177790137303,0.2691818929227279
267.5,0.6127946989714798,0.10483970698466259,0.07097820641250469,0.21138738763135304,0.2823655940438577
268.57142857142856,0.5924615945605898,0.11272854410761912,0.06689460926331661,0.2279152520684746,0.2948098613317912
269.64285714285717,0.5744692685151919,0.11927649234847436,0.06333656658615257,0.2429176725501813,0.3062542391363339
270.7142857142857,0.5589486810519748,0.12446837712977941,0.060257072367110094,0.2563258694511357,0.3165829418182458
271.7857142857143,0.5458524944398118,0.12837441249821782,0.057607530345600504,0.26816556271636993,0.32577309306197044
272.85714285714283,0.5350211834820093,0.13111832996563497,0.0553380489110379,0.27852243764131784,0.33386048655235573
273.92857142857144,0.5262327560258934,0.13285118921077088,0.053399618615649166,0.2875164361476865,0.3409160547633357
275.0,0.5192384175341092,0.13373194658781407,0.051746113993047425,0.29528352188502943,0.34702963587807684
275.0,0.5192384175341092,0.13373194658781407,0.051746113993047425,0.29528352188502943,0.34702963587807684
276.25,0.548180178464727,0.1081320186710529,0.09446063016864485,0.24922717269557526,0.3436878028642201
277.5,0.6076366057233927,0.08056755703954087,0.12269744370397045,0.18909839353309588,0.31179583723706633
278.75,0.6490864659878612,0.06104991700325453,0.1454257065324775,0.14443791047640678,0.2898636170088843
280.0,0.6739597014040581,0.047780503971274896,0.16512382291303274,0.11313597171163428,0.27825979462466705
280.0,0.6739597014040581,0.047780503971274896,0.16512382291303274,0.11313597171163428,0.27825979462466705
281.07142857142856,0.7165972083801618,0.049035783133483765,0.1233791791509604,0.11098782933539404,0.23436700848635444
282.14285714285717,0.7171308386860376,0.055807991194955206,0.10539719725969383,0.12166397285931325,0.2270611701190071
283.2142857142857,0.7026670120307081,0.06499183090456777,0.09480724428294847,0.13753391278177582,0.23234115706472427
284.2857142857143,0.6817981938868349,0.07526132052898901,0.08717138067513348,0.15576910490904258,0.24294048558417608
285.35714285714283,0.6585201095617885,0.0857308196704217,0.08096819444661454,0.17478087632117528,0.2557490707677898
286.42857142857144,0.6350731764401794,0.09574442891602605,0.07564009257216349,0.19354230207163117,0.2691823946437947
287.5,0.6127947794659822,0.10483911014570187,0.07097818592941214,0.21138792445890378,0.28236611038831594
288.57142857142856,0.592461669149824,0.11272794655902472,0.0668945906867464,0.22791579360440478,0.2948103842911512
289.64285714285717,0.5744693348201783,0.11927590400112789,0.06333654974403759,0.24291821143465633,0.3062547611786939
290.7142857142857,0.5589487375871409,0.12446780601314388,0.06025705704572815,0.25632639935398727,0.3165834563997154
291.7857142857143,0.5458525404815567,0.1283738646523146,0.05760751633191958,0.268166078534209,0.32577359486612856
