Generation,xOC,xOB,xMMd,xMMr,total xMM
0.0,0.26666666666666666,0.4,0.26666666666666666,0.06666666666666667,0.3333333333333333
1.0169491525423728,0.45010051052451966,0.28991042961909963,0.20850103216261964,0.05148802769376111,0.25998905985638077
2.0338983050847457,0.5032997441943569,0.24785800455007018,0.20115531038825035,0.047686940867322475,0.24884225125557283
3.0508474576271185,0.5269650413949807,0.22210731119114352,0.20465273160031433,0.04627491581356136,0.2509276474138757
4.067796610169491,0.5409274540591676,0.20258578055496085,0.21098658745853827,0.04550017792733329,0.25648676538587156
5.084745762711864,0.5507031882401603,0.18646324533238365,0.21792592046078424,0.044907645966671815,0.26283356642745603
6.101694915254237,0.5581146359226362,0.1727147673517035,0.22479560806851065,0.044374988657149575,0.26917059672566024
7.11864406779661,0.5638858192065644,0.16084382781428522,0.23139669615427488,0.043873656824875436,0.27527035297915037
8.135593220338983,0.568382701574062,0.15053542249325863,0.23768102180567233,0.043400854127007095,0.2810818759326794
9.152542372881356,0.5718392829587529,0.14155369775082072,0.24364743151324558,0.042959587777180716,0.2866070192904263
10.169491525423728,0.5744304196338657,0.1337083718287073,0.24930815223525157,0.042553056302175485,0.29186120853742703
11.1864406779661,0.5762972444415906,0.12684140263448795,0.2546780141656281,0.04218333875829339,0.29686135292392146
12.203389830508474,0.577557458230471,0.12082003634276493,0.25977118534998184,0.04185132007678212,0.301622505426764
13.220338983050848,0.5783105171263819,0.11553218582655092,0.26460037594562064,0.04155692110144649,0.3061572970470671
14.23728813559322,0.5786409291362148,0.11088289399638573,0.2691768202384033,0.0412993566289961,0.31047617686739937
15.254237288135592,0.578620658073089,0.10679148304251694,0.2735105023046907,0.04107735657970325,0.31458785888439394
16.271186440677965,0.5783111087085466,0.10318918572682331,0.2776103755068314,0.04088933005779881,0.3184997055646302
17.28813559322034,0.5777646809225272,0.10001720195855919,0.28148462347548314,0.04073349364343066,0.3222181171189138
18.305084745762713,0.5770261476207543,0.09722506839060836,0.2851408264380338,0.04060795755060366,0.32574878398863744
19.322033898305083,0.5761337305710758,0.09476932310968171,0.28858615250448805,0.040510793814754434,0.32909694631924247
20.338983050847457,0.5751200842030513,0.09261238135231378,0.29182745692225864,0.040440077522376335,0.33226753444463497
21.35593220338983,0.5740130714760573,0.09072161283419684,0.29487139643200544,0.040393919257740475,0.33526531568974594
22.3728813559322,0.5728364437252625,0.08906857077089761,0.297724500076775,0.04037048542706483,0.3380949855038398
23.389830508474574,0.5716104096352808,0.0876283503528294,0.30039322927010437,0.04036801074178558,0.3407612400118899
24.406779661016948,0.5703521353412102,0.08637905421983698,0.3028840036617128,0.04038480677724004,0.34326881043895285
25.423728813559322,0.569076131015883,0.08530134898271664,0.3052032535073527,0.040419266494047756,0.3456225200014004
26.440677966101696,0.5677946481545477,0.0843780861812192,0.30735740255400623,0.04046986311022695,0.34782726566423317
27.457627118644066,0.5665179522786243,0.08359399526540032,0.30935290001289434,0.04053515244308091,0.34988805245597526
28.47457627118644,0.5652546065533569,0.08293541786862028,0.31119620606525683,0.04061376951276598,0.3518099755780228
29.491525423728813,0.5640116952046911,0.08239008832743396,0.31289378981920374,0.040704426648671285,0.35359821646787504
30.508474576271183,0.5627950233590094,0.08194694780703315,0.3144521184211576,0.04080591041279981,0.3552580288339574
31.525423728813557,0.5616092900619782,0.08159598782739577,0.3158776437509002,0.04091707835972589,0.35679472211062613
32.54237288135593,0.5604582393095039,0.08132811814331999,0.3171767868377146,0.04103685570946152,0.35821364254717614
33.559322033898304,0.5593447912687439,0.08113505527323644,0.3183559214254166,0.04116423203260313,0.3595201534580197
34.57627118644068,0.5582711575647122,0.08100922804575054,0.3194213563879474,0.041298258001589844,0.36071961438953726
35.59322033898305,0.5572389409610082,0.08094369784471034,0.32037931885640364,0.04143804233787787,0.3618173611942815
36.610169491525426,0.5562492241448173,0.08093209069787713,0.32123593637962444,0.04158274877768117,0.3628186851573056
37.62711864406779,0.5553026451432745,0.08096853987696377,0.3219972215667153,0.041731593413046345,0.3637288149797616
38.644067796610166,0.5543994646610191,0.08104763699883225,0.3226690562929272,0.04188384204722152,0.3645528983401487
39.66101694915254,0.5535396250455946,0.0811643901752256,0.32325717704531004,0.04203880773386974,0.3652959847791798
40.67796610169491,0.5527227998364974,0.08131418825027747,0.32376716328015087,0.042195848633074344,0.3659630119132252
41.69491525423729,0.5519484382291824,0.08149277056121841,0.32420442530897925,0.04235436590061999,0.3665587912095993
42.71186440677966,0.5512158054059474,0.08169619964418369,0.3245741933893035,0.04251380156056556,0.36708799494986905
43.728813559322035,0.5505240124361538,0.08192083917175949,0.32488151139499993,0.04267363699708683,0.36755514839208675
44.7457627118644,0.5498720471951347,0.08216333288669987,0.3251312288977598,0.042833391020405634,0.3679646199181654
45.762711864406775,0.5492587989553265,0.08242058783264779,0.32532799484112546,0.04299261837090037,0.3683206132120258
46.77966101694915,0.5486830807821238,0.08268975751654355,0.3254762536491637,0.04315090805216885,0.36862716170133253
47.79661016949152,0.5481436445342417,0.08296822850858679,0.32558024473583824,0.04330788222133336,0.3688881269571716
48.813559322033896,0.5476391993725793,0.08325360668505995,0.32564399940270483,0.04346319453965587,0.3691071939423607
49.83050847457627,0.5471684257581081,0.08354370595403209,0.3256713393771545,0.043616528910705284,0.3692878682878598
50.847457627118644,0.5467299853572639,0.08383653649485352,0.3256658798968368,0.04376759825104575,0.3694334781478825
51.86440677966102,0.5463225303347015,0.08413029480590123,0.3256310314985119,0.04391614336088544,0.36954717485939736
52.88135593220339,0.5459447137567504,0.08442335305199301,0.3255700016992725,0.044061931491984035,0.36963193319125653
53.89830508474576,0.5455951958649612,0.08471425040122249,0.3254857983817859,0.04420475535203041,0.3696905537338163
54.91525423728813,0.5452726484572405,0.08500168344747866,0.325381236085227,0.04434443201005371,0.3697256680952807
55.932203389830505,0.5449757604534279,0.08528449558908667,0.32525894248219145,0.04448080147529409,0.3697397439574856
56.94915254237288,0.5447032447961965,0.08556167135573922,0.32512135803821646,0.044613725809847724,0.3697350838480642
57.96610169491525,0.5444538419743867,0.08583232566440437,0.32497074464801323,0.044743087713195615,0.36971383236120886
58.983050847457626,0.5442263162214571,0.08609569702188093,0.3248091966697665,0.044868790086895545,0.369677986756662
60.0,0.544019459223612,0.08635113946485279,0.3246386464511583,0.04499075486037693,0.36962940131153527
60.0,0.544019459223612,0.08635113946485279,0.3246386464511583,0.04499075486037693,0.36962940131153527
61.00502512562814,0.5686531202704157,0.09609286302568688,0.28761888777502415,0.0476351289288732,0.3352540167038974
62.01005025125628,0.5742295896174944,0.10997050671292426,0.263660019011025,0.05213988465855651,0.3157999036695815
63.015075376884425,0.5709442826051302,0.12651211910926774,0.24482643738390908,0.057717160901692904,0.302543598285602
64.02010050251256,0.5629494175778491,0.14482603034359756,0.22822781520934937,0.06399673686920374,0.2922245520785531
65.0251256281407,0.5522369611679374,0.16419769840254092,0.21279595441393173,0.07076938601558971,0.2835653404295214
66.03015075376885,0.5399295816681999,0.1839756217405711,0.19819408732697816,0.07790070926425065,0.2760947965912288
67.03517587939699,0.5267771866949472,0.20354758383361515,0.18437955451672763,0.08529567495471005,0.2696752294714377
68.04020100502512,0.5133531087715748,0.2223517716477923,0.1714129743308332,0.09288214524979987,0.26429511958063306
69.04522613065326,0.5001251199435961,0.23989972957682248,0.1593726907933569,0.10060245968622453,0.2599751504795814
70.0502512562814,0.4874752130553078,0.2557983626292024,0.14831789180356714,0.10840853251192263,0.25672642431548975
71.05527638190955,0.4757020542671172,0.2697638967054322,0.13827555300636055,0.11625849602109001,0.2545340490274505
72.06030150753769,0.4650213107008529,0.2816251403150058,0.1292393876455969,0.12411416133854446,0.25335354898414136
73.06532663316582,0.4555695097167995,0.29131671034823786,0.12117462481845442,0.1319391551165083,0.2531137799349627
74.07035175879398,0.4474122797466646,0.2988648219787009,0.1140251158986536,0.13969778237598093,0.25372289827463457
75.07537688442211,0.44055574937848296,0.30436887585081795,0.10772073769701206,0.14735463707368704,0.25507537477069914
76.08040201005025,0.434959327316422,0.3079818179192641,0.10218397293558397,0.15487488182872997,0.25705885476431395
77.08542713567839,0.43054832321605957,0.30989148160966157,0.09733518869241133,0.16222500648186752,0.2595601951742788
78.09045226130652,0.4272253232648694,0.3103043356074566,0.09309649218347225,0.16937384894420174,0.262470341127674
79.09547738693468,0.42487980456865293,0.3094322497117652,0.08939431640417077,0.17629362931541112,0.2656879457195819
80.10050251256281,0.4233957785411375,0.3074824366416907,0.08616095181832772,0.18296083299884394,0.2691217848171717
81.10552763819095,0.42265758740276166,0.30465032097476813,0.08333527914018309,0.18935681248228714,0.27269209162247027
82.1105527638191,0.4225540378794623,0.3011149509155811,0.08086293814896305,0.1954680730559935,0.27633101120495657
83.11557788944724,0.4229811606743788,0.2970364681308156,0.07869612395412544,0.20128624724068017,0.2799823711948056
84.12060301507537,0.42384388748276264,0.2925551561444706,0.07679315646547104,0.2068077999072957,0.2836009563727667
85.12562814070351,0.42505687711513135,0.2877916502649925,0.07511793031600159,0.21203354230387456,0.28715147261987617
86.13065326633165,0.4265447249548733,0.2828479344138617,0.07363931932017936,0.2169680213110857,0.2906073406312651
87.1356783919598,0.428241741879728,0.27780882804510304,0.07233058130301577,0.22161884877215315,0.29394943007516894
88.14070351758794,0.4300914318221195,0.2727437417838535,0.07116879470568106,0.22599603168834587,0.2971648263940269
89.14572864321607,0.4320457991742233,0.2677085250387009,0.0701343402410105,0.23011133554606542,0.30024567578707595
90.15075376884423,0.4340645500581594,0.26274729714126344,0.06921043656707282,0.23397771623350425,0.30318815280057704
91.15577889447236,0.4361142655121766,0.25789417731588876,0.06838273033940503,0.23760882683252968,0.3059915571719347
92.1608040201005,0.43816758133132844,0.2531748713987516,0.06763893924499781,0.24101860802492223,0.30865754726992006
93.16582914572864,0.4402024025904583,0.24860809313953722,0.06696854334982869,0.24422096092017573,0.3111895042700044
94.17085427135677,0.44220118069872333,0.24420680701062017,0.06636252139525926,0.24722949089539725,0.31359201229065653
95.17587939698493,0.4441502440717709,0.23997930895842826,0.06581312408269857,0.25005732288710225,0.3158704469698008
96.18090452261306,0.44603920047534534,0.23593014507140084,0.06531368317995956,0.2527169712732941,0.3180306544532537
97.1859296482412,0.4478604119098581,0.23206088492785737,0.0648584486600243,0.25522025450226016,0.3200787031622845
98.19095477386935,0.4496085320277325,0.22837076741032253,0.06444245168901482,0.2575782488729302,0.32202070056194504
99.19597989949749,0.45128010796600504,0.2248572357552854,0.06406138718793994,0.2598012690907695,0.32386265627870947
100.20100502512562,0.4528732294104487,0.22151637726684537,0.06371151716785238,0.2618988761548536,0.32561039332270597
101.20603015075376,0.4543872374673587,0.21834328036945236,0.06338958656089239,0.2638798956022966,0.327269482163189
102.2110552763819,0.45582247385026875,0.21533232191352492,0.06309275390982685,0.2657524503263795,0.3288452042362064
103.21608040201005,0.4571800685514337,0.21247739965830056,0.06281853181170355,0.26752399997856213,0.3303425317902657
104.22110552763819,0.4584617701691035,0.2097721122520844,0.0625647361956353,0.2692013813831768,0.3317661175788121
105.22613065326632,0.45966978695218047,0.2072099110787374,0.06232944386780474,0.27079085810127734,0.3331203019690821
106.23115577889448,0.4608066563692353,0.2047842103861912,0.062110959929037556,0.27229817331553596,0.33440913324457355
107.23618090452261,0.4618751808466739,0.20248846426835482,0.061907780731705546,0.2737285741532656,0.3356363548849711
108.24120603015075,0.4628783231493188,0.20031623934743073,0.06171857108222987,0.27508686642102065,0.33680543750325054
109.24623115577889,0.4638191231645313,0.19826126882088277,0.06154214410091261,0.2763774639136733,0.33791960801458587
110.25125628140702,0.46470066675327204,0.19631747872911287,0.06137743957996874,0.2776044149376463,0.3389818545176151
111.25628140703517,0.46552603698719813,0.19447901581484023,0.0612235078287111,0.2787714393692505,0.3399949471979616
112.26130653266331,0.466298278486278,0.1927402636328416,0.06107949603745803,0.2798819618434224,0.34096145788088045
113.26633165829145,0.46702037507725075,0.19109584739071597,0.0609446369484733,0.28093914058356007,0.34188377753203336
114.2713567839196,0.4676952267649906,0.18954064099545967,0.06081823805377124,0.2819458941857786,0.3427641322395498
115.27638190954774,0.4683256342717938,0.18806976780429455,0.06069967249981157,0.2829049254241002,0.34360459792391174
116.28140703517587,0.4689142908303361,0.1866785958559164,0.060588371523034985,0.28381874179071237,0.34440711331374735
117.28643216080401,0.46946377699231884,0.18536272974190773,0.06048381815861912,0.28468967510715437,0.3451734932657735
118.29145728643215,0.46997654950977497,0.18411800941424158,0.060385541176317566,0.28551989989966586,0.34590544107598337
119.2964824120603,0.47045494138345817,0.182940500628169,0.06029311002957641,0.2863114479587964,0.34660455798837275
120.30150753768844,0.4709011684739224,0.18182648246819777,0.060206130067014405,0.28706621899086543,0.34727234905787985
121.30653266331657,0.47131732785165836,0.18077243810384488,0.06012423933398477,0.28778599471051197,0.3479102340444967
122.31155778894473,0.4717053971328781,0.17977504694353597,0.060047105310229686,0.2884724506133563,0.34851955592358597
123.31658291457286,0.47206723725663513,0.17883117589497557,0.05997442174100361,0.2891271651073858,0.3491015868483894
124.321608040201,0.4724045981149574,0.1779378691674861,0.05990590584081191,0.28975162687674455,0.34965753271755645
125.32663316582914,0.47271912370260627,0.17709233814445755,0.05984129606656382,0.29034724208637236,0.3501885381529362
126.33165829145727,0.4730123559594774,0.17629195227623598,0.05978035026695489,0.29091534149733167,0.35069569176428655
127.33668341708542,0.47328573877409813,0.17553423064831522,0.05972284393902871,0.291457186638558,0.35118003057758673
128.34170854271355,0.473540623401622,0.17481683331675815,0.05966856856427561,0.29197397471734415,0.35164254328161976
129.3467336683417,0.4737782722541829,0.1741375541960982,0.059617330160711905,0.292466843389007,0.35208417354971894
130.35175879396985,0.4739998653493067,0.1734943122612109,0.05956894800049253,0.29293687438898985,0.35250582238948236
131.356783919598,0.47420650420218247,0.1728851445177207,0.05952325358545265,0.293385097694644,0.3529083512800967
132.36180904522612,0.4743992161958798,0.17230819964552643,0.05948008955320985,0.293812494605384,0.35329258415859394
133.36683417085425,0.4745789594765965,0.17176173053092592,0.0594393089251941,0.29422000106728347,0.3536593099924775
134.3718592964824,0.47474662695423364,0.17124408865561494,0.05940077419275407,0.2946085101973973,0.3540092843901514
135.37688442211055,0.47490305031699953,0.1707537183875716,0.059364356590981285,0.29497887470444756,0.35434323129542883
136.3819095477387,0.4750490041557883,0.17028915132414688,0.05932993542700058,0.29533190909306434,0.35466184452006494
137.38693467336682,0.47518520967251454,0.16984900108307321,0.05929739750372274,0.29566839174068954,0.3549657892444123
138.39195979899498,0.4753123378308571,0.16943195901584768,0.05926663652795547,0.29598906662533975,0.3552557031532952
139.3969849246231,0.47543101297239343,0.1690367891076562,0.059237552686757,0.29629464523319343,0.35553219791995044
140.40201005025125,0.47554181602020174,0.16866232377923573,0.05921005215843919,0.29658580804212326,0.3557958602005624
141.4070351758794,0.4756452873073928,0.16830746020467807,0.05918404668210482,0.2968632058058243,0.3560472524879291
142.41206030150752,0.4757419293036291,0.16797115597953166,0.05915945326807601,0.29712746144876334,0.3562869147168394
143.41708542713567,0.47583220941186005,0.1676524261743589,0.059136193742300336,0.2973791706714806,0.356515364413781
144.4221105527638,0.475916562338914,0.16735033955106687,0.059114194489351124,0.29761890362066806,0.35673309811001924
145.42713567839195,0.475995392311852,0.16706401582869448,0.05909338613286068,0.29784720572659285,0.3569405918594535
146.4321608040201,0.47606907509601976,0.16679262263540784,0.05907370328832371,0.2980645989802488,0.3571383022685725
147.43718592964825,0.476137960168725,0.16653537273590382,0.059055084294130124,0.2982715828012412,0.3573266670953713
148.44221105527637,0.47620237276313165,0.16629152152598273,0.05903747094502584,0.29846863476585983,0.3575061057108857
149.4472361809045,0.47626261490685384,0.16606036461476173,0.05902080838123184,0.2986562120971525,0.3576770204783843
150.45226130653265,0.47631896799433737,0.16584123544819143,0.05900504476330801,0.2988347517941632,0.35783979655747117
151.4572864321608,0.47637169325765644,0.1656335033687581,0.058990131208363335,0.2990046721652221,0.3579948033735854
152.46231155778895,0.47642103426638904,0.16543657128568007,0.05897602150556242,0.2991663729423684,0.3581423944479309
153.46733668341707,0.4764672170822712,0.16524987424626728,0.05896267205462881,0.2993202366168326,0.3582829086714614
154.47236180904522,0.47651045262815955,0.16507287710814633,0.05895004162323569,0.29946662864045853,0.35841667026369417
155.47738693467335,0.47655093663076475,0.1649050735120138,0.05893809129597134,0.2996058985612501,0.3585439898572214
156.4824120603015,0.47658885182307353,0.1647459836434408,0.05892678425356249,0.2997383802799232,0.3586651645334857
157.48743718592965,0.4766243677796875,0.16459515343371658,0.05891608574139946,0.2998643930451964,0.35878047878659586
158.49246231155777,0.4766576428880864,0.1644521525012727,0.05890596286551185,0.299984241745129,0.35889020461064086
159.49748743718592,0.4766888241887875,0.16431657348530632,0.058896384568747816,0.30009821775715834,0.35899460232590613
160.50251256281405,0.47671804907792875,0.1641880301742548,0.05888732145169179,0.3002065992961247,0.35909392074781654
161.5075376884422,0.4767454451566883,0.1640661569716906,0.05887874574861802,0.30030965212300315,0.3591883978716211
162.51256281407035,0.47677113172264496,0.16395060716686105,0.058870631171868394,0.3004076299386256,0.359278261110494
163.5175879396985,0.47679521958819104,0.16384105253710493,0.05886295289089563,0.3005007749838083,0.3593637278747039
164.52261306532662,0.4768178124127807,0.16373718174208518,0.058855687392723836,0.3005893184524103,0.35944500584513417
165.52763819095475,0.47683900651185485,0.1636387000203515,0.05884881246584697,0.30067348100194663,0.3595222934677936
166.5326633165829,0.4768588920171594,0.1635453277280268,0.05884230707469601,0.3007534731801179,0.3595957802548139
167.53768844221105,0.47687755272729326,0.16345680007742097,0.058836151345226136,0.30082949585005964,0.3596656471952857
168.5427135678392,0.47689506708118584,0.16337286583450547,0.05883032645453245,0.30090174062977615,0.3597320670843086
169.54773869346732,0.4769115080561494,0.16329328708010196,0.05882481461643349,0.3009703902473151,0.3597952048637486
170.55276381909547,0.47692694396303764,0.16321783807529713,0.058819598986807185,0.301035618974858,0.35985521796166514
171.5577889447236,0.4769414383662548,0.16314630504588054,0.05881466365009643,0.30109759293776817,0.3599122565878646
172.56281407035175,0.4769550509348932,0.16307848498479027,0.05880999351902532,0.30115647056129125,0.3599664640803166
173.5678391959799,0.4769678370499347,0.1630141858343433,0.058805574354122064,0.3012124027616,0.3600179771157221
174.57286432160802,0.4769798488641721,0.16295322502177959,0.058801392641853856,0.30126553347219437,0.3600669261140482
175.57788944723617,0.47699113472167604,0.16289542989786057,0.05879743563618115,0.3013159997442823,0.3601134353804634
176.5829145728643,0.4770017400987638,0.1628406364073378,0.05879369124699599,0.3013639322469025,0.36015762349389846
177.58793969849245,0.47701170737518667,0.1627886891717114,0.05879014804938404,0.3014094554037179,0.3601996034531019
178.5929648241206,0.47702107617066986,0.16273944086377767,0.05878679523348935,0.3014526877320632,0.3602394829655525
179.59798994974875,0.47702988363202253,0.16269275166087063,0.05878362256123912,0.30149374214586755,0.3602773647071067
180.60301507537687,0.4770381643641358,0.16264848917620778,0.058780620362146284,0.30153272609751014,0.3603133464596564
181.608040201005,0.47704595092439506,0.16260652761816266,0.058777779464401846,0.30156974199304043,0.36034752145744225
182.61306532663315,0.4770532736050478,0.16256674797912207,0.058775091211828605,0.3016048872040015,0.36037997841583014
183.6180904522613,0.4770601609643213,0.16252903709674185,0.058772547388295675,0.3016382545506412,0.3604108019389369
184.62311557788945,0.47706663948592654,0.16249328805162708,0.05877014025257963,0.3016699322098667,0.36044007246244636
185.62814070351757,0.4770727342493308,0.16245939902840836,0.05876786244383693,0.30170000427842397,0.36046786672226094
186.63316582914572,0.4770784686413534,0.16242727363333148,0.058765707010628415,0.3017285507146866,0.36049425772531507
187.63819095477385,0.4770838644416484,0.16239682064693728,0.05876366739184435,0.30175564751956996,0.36051931491141437
188.643216080402,0.47708894233773225,0.16236795311616484,0.058761737341953175,0.3017813672041498,0.36054310454610294
189.64824120603015,0.4770937214138427,0.16234058910662397,0.058759910993462915,0.3018057784860703,0.36056568947953327
190.65326633165827,0.47709821977941785,0.16231465052027647,0.05875818276248795,0.3018289469378177,0.36058712970030565
191.65829145728642,0.47710245437611,0.16229006336535307,0.05875654737079478,0.3018509348877422,0.36060748225853695
192.66331658291455,0.4771064409587078,0.162266757729217,0.058754999844264424,0.30187180146781073,0.36062680131207514
193.6683417085427,0.4771101944934734,0.16224466694433398,0.05875353544620567,0.30189160311598695,0.3606451385621926
194.67336683417085,0.477113728864064,0.16222372809739533,0.05875214972007291,0.30191039331846786,0.3606625430385408
195.67839195979897,0.47711705717475006,0.16220388137138353,0.05875083843597041,0.30192822301789596,0.3606790614538664
196.68341708542712,0.4771201917509582,0.1621850699860315,0.058749597586826366,0.301945140676184,0.36069473826301035
197.68844221105527,0.47712314404506206,0.16216724033374186,0.058748423400575095,0.30196119222062096,0.360709615621196
198.6934673366834,0.4771259249500498,0.16215034128081898,0.05874731228374007,0.3019764214853912,0.3607237337691313
199.69849246231155,0.4771285445766428,0.1621343245915138,0.058746260856218244,0.30199086997562524,0.36073713083184344
200.7035175879397,0.4771310124614899,0.16211914442881417,0.058745265912009716,0.3020045771976863,0.360749843109696
201.70854271356782,0.477133337643121,0.1621047571422232,0.05874432440281291,0.302017580811843,0.3607619052146559
202.71356783919597,0.4771355284563094,0.1620911217050328,0.05874343347292561,0.3020299163657321,0.3607733498386577
203.7185929648241,0.47713759284982005,0.16207819893370098,0.05874259039791059,0.3020416178185684,0.360784208216479
204.72361809045225,0.47713953833050277,0.16206595158312828,0.05874179259248653,0.3020527174938824,0.3607945100863689
205.7286432160804,0.4771413717620771,0.16205434478300376,0.058741037646572576,0.3020632458083465,0.36080428345491905
206.73366834170852,0.47714309978180197,0.1620433450229754,0.05874032324354667,0.3020732319516759,0.36081355519522257
207.73869346733667,0.47714472859109797,0.16203292061299004,0.05873964719822273,0.30208270359768924,0.36082235079591196
208.7437185929648,0.47714626391130743,0.16202304179623864,0.05873900746575426,0.3020916868266997,0.3608306942924539
209.74874371859295,0.47714771124560706,0.16201368002094343,0.05873840208471088,0.30210020664873843,0.3608386087334493
210.7537688442211,0.47714907573409066,0.1620048083083662,0.05873782920643579,0.30210828675110746,0.36084611595754323
211.75879396984922,0.47715036214412465,0.16199640126184375,0.058737287096356915,0.3021159494976746,0.36085323659403157
212.76381909547737,0.477151575048155,0.1619884345514149,0.05873677409327595,0.30212321630715416,0.3608599904004301
213.76884422110552,0.4771527187147655,0.16198088520558176,0.05873628863279413,0.30213010744685864,0.3608663960796528
214.77386934673365,0.477153797125707,0.16197373155484868,0.05873582924284022,0.302136642076604,0.3608724713194442
215.7788944723618,0.47715481409236465,0.1619669528540973,0.058735394515158856,0.3021428385383793,0.36087823305353817
216.78391959798995,0.47715577315073754,0.1619605295823944,0.058734983128732966,0.3021487141381351,0.3608836972668681
217.78894472361807,0.4771566776138685,0.16195444327097733,0.05873459383669137,0.3021542852784628,0.36088887911515416
218.79396984924622,0.4771575306705871,0.16194867620730624,0.05873422544308961,0.30215956767901714,0.36089379312210673
219.79899497487435,0.47715833529889007,0.16194321166968817,0.058733876821737675,0.30216457620968395,0.36089845303142165
220.8040201005025,0.47715909422774705,0.16193803405294635,0.058733546925515814,0.3021693247937908,0.36090287171930663
221.80904522613065,0.477159810135981,0.16193312820620484,0.05873323473648738,0.30217382692132666,0.36090706165781405
222.81407035175877,0.4771604855321134,0.161928479816289,0.058732939294954635,0.3021780953566429,0.3609110346515975
223.81909547738692,0.47716112265807337,0.16192407565080466,0.058732659720430444,0.30218214197069143,0.3609148016911219
224.82412060301505,0.47716172374207255,0.1619199028215299,0.05873239515199066,0.3021859782844069,0.36091837343639754
225.8291457286432,0.4771622908639056,0.1619159491512637,0.05873214477867627,0.30218961520615434,0.3609217599848306
226.83417085427135,0.4771628259588828,0.16191220323402983,0.05873190784179629,0.30219306296529114,0.36092497080708746
227.83919597989947,0.4771633308564249,0.16190865424054007,0.05873168362189187,0.3021963312811431,0.360928014903035
228.84422110552762,0.47716380730759844,0.1619052917756964,0.05873147142922966,0.3021994294874755,0.36093090091670516
229.84924623115577,0.4771642569347483,0.16190210606460093,0.05873127061770011,0.3022023663829507,0.36093363700065084
230.8542713567839,0.47716468120096517,0.16189908796319355,0.058731080588729744,0.3022051502471115,0.3609362308358412
231.85929648241205,0.47716508156638066,0.16189622861605119,0.05873090075815962,0.3022077890594085,0.3609386898175681
232.8643216080402,0.4771654593799664,0.1618935196694401,0.05873073057802613,0.30221029037256747,0.3609410209505936
233.86934673366832,0.4771658159785587,0.16189095333575307,0.05873056952861364,0.3022126611570745,0.3609432306856881
234.87437185929647,0.47716615257999656,0.16188852207022272,0.05873041711520753,0.3022149082345731,0.36094532534978063
235.8793969849246,0.47716647036905646,0.1618862187399278,0.05873027286644003,0.30221703802457567,0.36094731089101567
236.88442211055275,0.47716677030113674,0.16188403675642052,0.05873013636202527,0.3022190565804174,0.3609491929424427
237.8894472361809,0.4771670533687786,0.16188196975508104,0.058730007188525814,0.30222096968761464,0.3609509768761404
238.89447236180902,0.4771673205500808,0.16188001163282162,0.058729884946753,0.30222278287034454,0.3609526678170975
239.89949748743717,0.4771675727337624,0.16187815661210023,0.05872976926295798,0.3022245013911794,0.3609542706541374
240.9045226130653,0.47716781078828135,0.1618763994385367,0.05872965979015618,0.30222612998302584,0.360955789773182
241.90954773869345,0.4771680355171188,0.16187473491313417,0.05872955619167525,0.3022276733780719,0.36095722956974713
242.9145728643216,0.4771682476894732,0.16187315810269154,0.05872945814732387,0.30222913606051144,0.36095859420783527
243.91959798994972,0.47716844804559355,0.16187166432214503,0.05872936535195333,0.30223052228030806,0.36095988763226144
244.92462311557787,0.4771686371725864,0.16187024942803202,0.058729277542931814,0.3022318358564497,0.36096111339938153
245.92964824120602,0.4771688157509528,0.16186890915296698,0.05872919444172023,0.3022330806543599,0.36096227509608014
246.93467336683415,0.47716898438943345,0.16186763953818953,0.05872911579235831,0.30223426028001876,0.36096337607237705
247.9396984924623,0.47716914366156893,0.16186643682916094,0.05872904135253678,0.30223537815673346,0.3609644195092702
248.94472361809045,0.4771692940387293,0.16186529765940655,0.05872897090982255,0.30223643739204153,0.360965408301864
249.94974874371857,0.4771694360444203,0.16186421860300784,0.058728904243136995,0.30223744110943496,0.360966345352572
250.95477386934672,0.47716957014507666,0.16186319647875416,0.05872884114941778,0.3022383922267513,0.3609672333761691
251.95979899497485,0.47716969678086685,0.16186222828031382,0.05872878143687612,0.3022392935019433,0.3609680749388194
252.964824120603,0.4771698163709874,0.16186131125538164,0.058728724928251465,0.30224014744537947,0.36096887237363096
253.96984924623115,0.4771699293075417,0.161860442658495,0.05872867144952451,0.30224095658443867,0.3609696280339632
254.97487437185927,0.4771700359640386,0.16185961992175013,0.058728620837252436,0.30224172327695886,0.3609703441142113
255.97989949748742,0.47717013669204233,0.1618588406305201,0.05872857293773819,0.3022424497396994,0.3609710226774376
256.98492462311555,0.47717023181792106,0.16185810255961008,0.058728527609103194,0.3022431380133657,0.3609716656224689
257.9899497487437,0.47717032166460743,0.16185740348969857,0.05872848471016313,0.3022437901355309,0.360972274845694
258.99497487437185,0.4771704065369868,0.16185674134327538,0.05872844410849378,0.302244408011244,0.3609728521197378
260.0,0.4771704867017752,0.16185611420658463,0.05872840568367697,0.3022449934079631,0.3609733990916401
